195.6018	13.34766	-87.85469	10.38201	0	0	0	0	0	0	0	0.02705507	-0.6656548	-0.3198224	0	0	0
195.6118	13.35215	-87.84383	10.32895	0	0	0	0	0	0	0	0.04409063	0.1024532	-0.521805	0	0	0
195.6218	13.28783	-87.89766	10.31557	0	0	0	0	0	0	0	-4.149283	-0.5184537	-0.4299099	0	0	0
195.6318	13.29296	-87.94062	10.25464	0	0	0	0	0	0	0	0.27216	-0.6389291	-3.650007	0	0	0
195.6418	13.23748	-87.97264	10.13523	0	0	0	0	0	0	0	0.1283971	1.473957	-9.204647	0	0	0
195.6517	13.19139	-88.03643	9.90201	0	0	0	0	0	0	0	1.064051	0.9292228	-18.24143	0	0	0
195.6617	13.21916	-88.07764	9.568366	0	0	0	0	0	0	0	1.031736	0.6042724	-12.47868	0	0	0
195.6717	13.23304	-88.09795	9.401638	0	0	0	0	0	0	0	0.9364233	1.34901	-11.24918	0	0	0
195.6817	13.24251	-88.12934	9.287947	0	0	0	0	0	0	0	0.2624976	-0.07828896	-3.152999	0	0	0
195.6917	13.19529	-88.13801	9.062931	0	0	0	0	0	0	0	0.07157403	-0.07465471	-1.459563	0	0	0
195.7017	13.19529	-88.13801	9.062931	0	0	0	0	0	0	0	0.0008173538	-0.0008525341	-0.01666777	0	0	0
195.7117	13.12979	-88.13801	9.057519	0	0	0	0	0	0	0	-1.740263	-7.073386E-06	-0.1435812	0	0	0
195.7217	13.06429	-88.13801	9.052134	0	0	0	0	0	0	0	-3.059902	-5.868715E-08	-0.250949	0	0	0
195.7317	13.06863	-88.12666	8.999172	0	0	0	0	0	0	0	0.9894308	2.680029	-12.49359	0	0	0
195.7417	13.06863	-88.12666	8.999172	0	0	0	0	0	0	0	0.01555174	0.04212433	-0.1963726	0	0	0
195.7517	13.06863	-88.12666	8.999172	0	0	0	0	0	0	0	9.374662E-05	0.0002539275	-0.001183743	0	0	0
195.7617	13.06863	-88.12666	8.999172	0	0	0	0	0	0	0	7.778058E-07	2.106809E-06	-9.821391E-06	0	0	0
195.7717	13.06863	-88.12666	8.999172	0	0	0	0	0	0	0	6.681359E-09	1.747998E-08	-8.146836E-08	0	0	0
195.7817	13.07732	-88.10388	8.893263	0	0	0	0	0	0	0	1.334208	3.504511	-16.26851	0	0	0
195.7917	13.086	-88.08102	8.787373	0	0	0	0	0	0	0	0.8036977	2.119424	-9.799792	0	0	0
195.8017	13.15598	-88.06956	8.73983	0	0	0	0	0	0	0	0.3557379	0.1119233	-0.4906587	0	0	0
195.8117	13.16034	-88.05808	8.686898	0	0	0	0	0	0	0	0.01818948	0.04106983	-0.1889295	0	0	0
195.8217	13.17779	-88.01194	8.475218	0	0	0	0	0	0	0	1.072836	2.848404	-13.01543	0	0	0
195.8316	13.17779	-88.01194	8.475218	0	0	0	0	0	0	0	0.006467105	0.01717032	-0.07845764	0	0	0
195.8416	13.17779	-88.01194	8.475218	0	0	0	0	0	0	0	7.385033E-05	0.0001960798	-0.0008959626	0	0	0
195.8516	13.17779	-88.01194	8.475218	0	0	0	0	0	0	0	4.451733E-07	1.181978E-06	-5.400905E-06	0	0	0
195.8616	13.17842	-88.0658	8.467532	0	0	0	0	0	0	0	0.04086693	-3.480001	-0.4958034	0	0	0
195.8716	13.17968	-88.17353	8.452229	0	0	0	0	0	0	0	0.113683	-9.737333	-1.379219	0	0	0
195.8816	13.18094	-88.28128	8.437012	0	0	0	0	0	0	0	0.0620076	-5.34245	-0.7522849	0	0	0
195.8916	13.11952	-88.26968	8.378695	0	0	0	0	0	0	0	-2.79424	0.4954643	-2.656401	0	0	0
195.9016	13.1282	-88.24644	8.272889	0	0	0	0	0	0	0	0.3573849	1.085037	-4.935392	0	0	0
195.9116	13.13316	-88.28867	8.212418	0	0	0	0	0	0	0	0.03216205	-1.326867	-0.3931347	0	0	0
195.9216	13.13811	-88.33086	8.151973	0	0	0	0	0	0	0	0.1844834	-12.29368	-2.249488	0	0	0
195.9316	13.13811	-88.33086	8.151973	0	0	0	0	0	0	0	0.001112075	-0.07410691	-0.01356002	0	0	0
195.9416	13.13873	-88.38475	8.144441	0	0	0	0	0	0	0	0.10216	-8.924521	-1.245675	0	0	0
195.9516	13.13439	-88.39642	8.197331	0	0	0	0	0	0	0	-0.01531415	-0.08147384	0.1867313	0	0	0
195.9616	13.13439	-88.39642	8.197331	0	0	0	0	0	0	0	-0.0002407058	-0.001280595	0.002935017	0	0	0
195.9716	13.13439	-88.39642	8.197331	0	0	0	0	0	0	0	-1.997111E-06	-1.062496E-05	2.435153E-05	0	0	0
195.9816	13.13873	-88.38475	8.144441	0	0	0	0	0	0	0	0.7567306	2.039036	-9.227105	0	0	0
195.9916	13.13873	-88.38475	8.144441	0	0	0	0	0	0	0	0.004561608	0.01229141	-0.05562142	0	0	0
196.0016	13.14741	-88.36133	8.038672	0	0	0	0	0	0	0	0.08582671	0.2321604	-1.046518	0	0	0
196.0116	13.14741	-88.36133	8.038672	0	0	0	0	0	0	0	0.000980115	0.002651201	-0.01195092	0	0	0
196.0215	13.14741	-88.36133	8.038672	0	0	0	0	0	0	0	5.90818E-06	1.598156E-05	-7.204068E-05	0	0	0
196.0315	13.14741	-88.36133	8.038672	0	0	0	0	0	0	0	6.746962E-08	1.825046E-07	-8.226828E-07	0	0	0
196.0415	13.14741	-88.36133	8.038672	0	0	0	0	0	0	0	4.067101E-10	1.100147E-09	-4.959171E-09	0	0	0
196.0515	13.14741	-88.36133	8.038672	0	0	0	0	0	0	0	0	0	0	0	0	0
196.0615	13.14741	-88.36133	8.038672	0	0	0	0	0	0	0	0	0	0	0	0	0
196.0715	13.14741	-88.36133	8.038672	0	0	0	0	0	0	0	0	0	0	0	0	0
196.0815	13.14741	-88.36133	8.038672	0	0	0	0	0	0	0	0	0	0	0	0	0
196.0915	13.14741	-88.36133	8.038672	0	0	0	0	0	0	0	0	0	0	0	0	0
196.1015	13.14802	-88.41521	8.031162	0	0	0	0	0	0	0	0.08198127	-7.183372	-0.9996289	0	0	0
196.1115	13.14802	-88.41521	8.031162	0	0	0	0	0	0	0	0.001616391	-0.1416316	-0.01970927	0	0	0
196.1215	13.14802	-88.41521	8.031162	0	0	0	0	0	0	0	1.341103E-05	-0.001175103	-0.0001635258	0	0	0
196.1315	13.14802	-88.41521	8.031162	0	0	0	0	0	0	0	1.112699E-07	-9.749703E-06	-1.356756E-06	0	0	0
196.1415	13.14802	-88.41521	8.031162	0	0	0	0	0	0	0	1.868954E-10	-1.637616E-08	-2.278886E-09	0	0	0
196.1515	13.14802	-88.41521	8.031162	0	0	0	0	0	0	0	0	0	0	0	0	0
196.1615	13.14802	-88.41521	8.031162	0	0	0	0	0	0	0	0	0	0	0	0	0
196.1715	13.14802	-88.41521	8.031162	0	0	0	0	0	0	0	0	0	0	0	0	0
196.1815	13.14802	-88.41521	8.031162	0	0	0	0	0	0	0	0	0	0	0	0	0
196.1915	13.14802	-88.41521	8.031162	0	0	0	0	0	0	0	0	0	0	0	0	0
196.2014	13.15669	-88.39171	7.925413	0	0	0	0	0	0	0	1.02363	2.779615	-12.48151	0	0	0
196.2114	13.11229	-88.33257	7.655718	0	0	0	0	0	0	0	-5.315712	1.308763	-6.293449	0	0	0
196.2214	13.13446	-88.32678	7.384052	0	0	0	0	0	0	0	1.584309	4.157126	-20.00981	0	0	0
196.2314	13.09889	-88.29621	7.001542	0	0	0	0	0	0	0	0.8244674	-1.098244	-40.60361	0	0	0
196.2414	13.11174	-88.25969	6.843191	0	0	0	0	0	0	0	0.2875399	0.8113152	-3.612298	0	0	0
196.2514	13.05932	-88.33077	6.664634	0	0	0	0	0	0	0	-7.661413	-7.70928	-9.557161	0	0	0
196.2614	12.95645	-88.29825	6.277305	0	0	0	0	0	0	0	-8.82844	6.12488	-33.19427	0	0	0
196.2714	12.83267	-88.38117	6.146507	0	0	0	0	0	0	0	-6.049189	0.1878276	-13.37298	0	0	0
196.2814	12.64192	-88.46403	6.010699	0	0	0	0	0	0	0	-5.090805	-4.121188	-13.20127	0	0	0
196.2914	12.4624	-88.45513	5.724374	0	0	0	0	0	0	0	-9.605132	-7.033158	-6.229478	0	0	0
196.3014	12.33665	-88.42986	5.608786	0	0	0	0	0	0	0	-5.897097	1.576485	-7.732625	0	0	0
196.3114	12.2737	-88.41719	5.551035	0	0	0	0	0	0	0	-0.8897811	0.1824156	-0.8350425	0	0	0
196.3214	12.2737	-88.41719	5.551035	0	0	0	0	0	0	0	-0.005363643	0.00109961	-0.005033676	0	0	0
196.3314	12.2737	-88.41719	5.551035	0	0	0	0	0	0	0	-6.125117E-05	1.255721E-05	-5.748305E-05	0	0	0
196.3414	12.2737	-88.41719	5.551035	0	0	0	0	0	0	0	-3.692305E-07	7.624163E-08	-3.464368E-07	0	0	0
196.3514	12.2737	-88.41719	5.551035	0	0	0	0	0	0	0	-3.063467E-09	6.325688E-10	-2.87435E-09	0	0	0
196.3614	12.2737	-88.41719	5.551035	0	0	0	0	0	0	0	0	0	0	0	0	0
196.3714	12.2737	-88.41719	5.551035	0	0	0	0	0	0	0	0	0	0	0	0	0
196.3813	12.2737	-88.41719	5.551035	0	0	0	0	0	0	0	0	0	0	0	0	0
196.3913	12.2737	-88.41719	5.551035	0	0	0	0	0	0	0	0	0	0	0	0	0
196.4013	12.2737	-88.41719	5.551035	0	0	0	0	0	0	0	0	0	0	0	0	0
196.4113	12.2737	-88.41719	5.551035	0	0	0	0	0	0	0	0	0	0	0	0	0
196.4213	12.2737	-88.41719	5.551035	0	0	0	0	0	0	0	0	0	0	0	0	0
196.4313	12.2737	-88.41719	5.551035	0	0	0	0	0	0	0	0	0	0	0	0	0
196.4413	12.2737	-88.41719	5.551035	0	0	0	0	0	0	0	0	0	0	0	0	0
196.4513	12.2737	-88.41719	5.551035	0	0	0	0	0	0	0	0	0	0	0	0	0
196.4613	12.2737	-88.41719	5.551035	0	0	0	0	0	0	0	0	0	0	0	0	0
196.4713	12.2737	-88.41719	5.551035	0	0	0	0	0	0	0	0	0	0	0	0	0
196.4813	12.2737	-88.41719	5.551035	0	0	0	0	0	0	0	0	0	0	0	0	0
196.4913	12.27767	-88.4045	5.498349	0	0	0	0	0	0	0	0.2563421	0.8197539	-3.400135	0	0	0
196.5013	12.34464	-88.4045	5.503412	0	0	0	0	0	0	0	8.387261	0.009361342	0.5967485	0	0	0
196.5113	12.34464	-88.4045	5.503412	0	0	0	0	0	0	0	0.3132144	0.0001471403	0.02312952	0	0	0
196.5213	12.34464	-88.4045	5.503412	0	0	0	0	0	0	0	0.001888071	8.869686E-07	0.0001394258	0	0	0
196.5313	12.34464	-88.4045	5.503412	0	0	0	0	0	0	0	1.566513E-05	7.359086E-09	1.156802E-06	0	0	0
196.5413	12.34464	-88.4045	5.503412	0	0	0	0	0	0	0	1.299527E-07	0	9.851106E-09	0	0	0
196.5513	12.34464	-88.4045	5.503412	0	0	0	0	0	0	0	0	0	0	0	0	0
196.5612	12.34464	-88.4045	5.503412	0	0	0	0	0	0	0	0	0	0	0	0	0
196.5712	12.34464	-88.4045	5.503412	0	0	0	0	0	0	0	0	0	0	0	0	0
196.5812	12.34464	-88.4045	5.503412	0	0	0	0	0	0	0	0	0	0	0	0	0
196.5912	12.34464	-88.4045	5.503412	0	0	0	0	0	0	0	0	0	0	0	0	0
196.6012	12.34464	-88.4045	5.503412	0	0	0	0	0	0	0	0	0	0	0	0	0
196.6112	12.34464	-88.4045	5.503412	0	0	0	0	0	0	0	0	0	0	0	0	0
196.6212	12.34464	-88.4045	5.503412	0	0	0	0	0	0	0	0	0	0	0	0	0
196.6312	12.27767	-88.4045	5.498349	0	0	0	0	0	0	0	-1.650519	0	-0.1244355	0	0	0
196.6412	12.28959	-88.36629	5.340322	0	0	0	0	0	0	0	0.4643125	1.524829	-6.291512	0	0	0
196.6512	12.2265	-88.35352	5.282616	0	0	0	0	0	0	0	-6.160694	0.2587868	-1.533679	0	0	0
196.6612	12.1673	-88.3279	5.17228	0	0	0	0	0	0	0	-2.729401	1.834156	-7.772435	0	0	0
196.6712	12.10411	-88.31506	5.114636	0	0	0	0	0	0	0	-3.068686	0.3591349	-1.706898	0	0	0
196.6812	12.04087	-88.30219	5.057022	0	0	0	0	0	0	0	-1.294714	1.615432	-6.73779	0	0	0
196.6912	12.04087	-88.30219	5.057022	0	0	0	0	0	0	0	-0.007804595	0.009737903	-0.04061572	0	0	0
196.7012	12.04087	-88.30219	5.057022	0	0	0	0	0	0	0	-8.912611E-05	0.0001112039	-0.0004638191	0	0	0
196.7112	12.04087	-88.30219	5.057022	0	0	0	0	0	0	0	-5.372564E-07	6.703423E-07	-2.795924E-06	0	0	0
196.7212	12.04087	-88.30219	5.057022	0	0	0	0	0	0	0	-4.45756E-09	5.56176E-09	-2.319749E-08	0	0	0
196.7312	12.04087	-88.30219	5.057022	0	0	0	0	0	0	0	0	0	0	0	0	0
196.7411	12.04087	-88.30219	5.057022	0	0	0	0	0	0	0	0	0	0	0	0	0
196.7511	12.0414	-88.35612	5.049748	0	0	0	0	0	0	0	0.0355919	-3.583722	-0.4826818	0	0	0
196.7611	12.04529	-88.34323	4.997103	0	0	0	0	0	0	0	0.5264174	1.718053	-7.139042	0	0	0
196.7711	11.92787	-88.45325	4.755019	0	0	0	0	0	0	0	-2.841368	-9.635275	-26.74677	0	0	0
196.7811	11.67906	-88.54988	4.451035	0	0	0	0	0	0	0	-11.41353	-13.31017	-17.71688	0	0	0
196.7911	11.30144	-88.61956	4.033251	0	0	0	0	0	0	0	-25.02501	-6.226058	-40.81517	0	0	0
196.8011	10.91041	-88.62038	3.788512	0	0	0	0	0	0	0	-29.99612	-8.884431	-19.72273	0	0	0
196.8111	10.4638	-88.56704	3.330338	0	0	0	0	0	0	0	-25.4703	4.460906	-22.20822	0	0	0
196.8211	10.07989	-88.57995	2.923382	0	0	0	0	0	0	0	-29.55195	-4.538874	-17.33064	0	0	0
196.8311	9.557225	-88.53786	2.516715	0	0	0	0	0	0	0	-21.06863	0.9384056	-8.976049	0	0	0
196.8411	9.165415	-88.45469	2.178874	0	0	0	0	0	0	0	-20.87542	2.662352	-11.22177	0	0	0
196.8511	9.028753	-88.45469	2.171392	0	0	0	0	0	0	0	-4.065086	0.02208925	-0.3044116	0	0	0
196.8611	8.960794	-88.50866	2.160741	0	0	0	0	0	0	0	-0.6539977	-6.622359	-0.8906211	0	0	0
196.8711	8.960794	-88.50866	2.160741	0	0	0	0	0	0	0	-0.005426151	-0.05494502	-0.00738939	0	0	0
196.8811	8.960794	-88.50866	2.160741	0	0	0	0	0	0	0	-6.196499E-05	-0.0006274555	-8.438459E-05	0	0	0
196.8911	8.960794	-88.50866	2.160741	0	0	0	0	0	0	0	-3.735572E-07	-3.782476E-06	-5.08131E-07	0	0	0
196.9011	8.960794	-88.50866	2.160741	0	0	0	0	0	0	0	-2.251821E-09	-2.280094E-08	-3.063038E-09	0	0	0
196.9111	8.960794	-88.50866	2.160741	0	0	0	0	0	0	0	0	0	0	0	0	0
196.9211	8.960794	-88.50866	2.160741	0	0	0	0	0	0	0	0	0	0	0	0	0
196.931	9.029131	-88.50866	2.16444	0	0	0	0	0	0	0	0.2519197	0	0.0136872	0	0	0
196.941	9.029131	-88.50866	2.16444	0	0	0	0	0	0	0	0.002876846	0	0.0001563037	0	0	0
196.951	9.029131	-88.50866	2.16444	0	0	0	0	0	0	0	3.285271E-05	0	1.784941E-06	0	0	0
196.961	9.029131	-88.50866	2.16444	0	0	0	0	0	0	0	1.980377E-07	0	1.075971E-08	0	0	0
196.971	9.031981	-88.49472	2.111996	0	0	0	0	0	0	0	0.01403988	0.06872481	-0.2584108	0	0	0
196.981	9.031981	-88.49472	2.111996	0	0	0	0	0	0	0	0.0001164874	0.0005702026	-0.002144007	0	0	0
196.991	9.031981	-88.49472	2.111996	0	0	0	0	0	0	0	7.021915E-07	3.437208E-06	-1.292418E-05	0	0	0
197.001	9.031981	-88.49472	2.111996	0	0	0	0	0	0	0	5.82601E-09	2.851815E-08	-1.072306E-07	0	0	0
197.011	9.031981	-88.49472	2.111996	0	0	0	0	0	0	0	0	0	0	0	0	0
197.021	9.034829	-88.48076	2.059558	0	0	0	0	0	0	0	0.4908299	2.406546	-9.033964	0	0	0
197.031	9.034829	-88.48076	2.059558	0	0	0	0	0	0	0	0.002149655	0.01053979	-0.03956544	0	0	0
197.041	9.034829	-88.48076	2.059558	0	0	0	0	0	0	0	3.378798E-05	0.0001656629	-0.0006218842	0	0	0
197.051	9.034829	-88.48076	2.059558	0	0	0	0	0	0	0	1.479789E-07	7.255427E-07	-2.723625E-06	0	0	0
197.061	9.103207	-88.48076	2.063287	0	0	0	0	0	0	0	0.1306077	1.218664E-09	0.00714999	0	0	0
197.071	9.103207	-88.48076	2.063287	0	0	0	0	0	0	0	0.001491501	0	8.165077E-05	0	0	0
197.081	9.106077	-88.46678	2.010856	0	0	0	0	0	0	0	0.3613101	1.761042	-6.599825	0	0	0
197.091	9.108947	-88.45278	1.958431	0	0	0	0	0	0	0	0.3607758	1.761362	-6.590228	0	0	0
197.101	9.108947	-88.45278	1.958431	0	0	0	0	0	0	0	0.007804943	0.03810493	-0.1425716	0	0	0
197.1109	9.111816	-88.43876	1.906012	0	0	0	0	0	0	0	0.02765838	0.1352533	-0.5052308	0	0	0
197.1209	9.111816	-88.43876	1.906012	0	0	0	0	0	0	0	0.0003158503	0.001544552	-0.005769583	0	0	0
197.1309	9.114686	-88.42472	1.853598	0	0	0	0	0	0	0	0.01069075	0.05236467	-0.1952862	0	0	0
197.1409	9.114686	-88.42472	1.853598	0	0	0	0	0	0	0	0.0001220852	0.0005979887	-0.002230109	0	0	0
197.1509	8.983408	-88.39657	1.741343	0	0	0	0	0	0	0	-16.69585	5.161034	-20.14156	0	0	0
197.1609	8.857513	-88.34001	1.52444	0	0	0	0	0	0	0	-9.266175	4.824704	-18.36231	0	0	0
197.1709	8.603385	-88.45609	1.115943	0	0	0	0	0	0	0	-16.58871	-5.302405	-24.63895	0	0	0
197.1809	8.22796	-88.46928	0.3356325	0	0	0	0	0	0	0	-22.93626	0.4376385	-51.1589	0	0	0
197.1909	7.967392	-88.54309	-0.01141119	0	0	0	0	0	0	0	-12.06319	-8.235532	-25.60036	0	0	0
197.2009	7.635712	-88.50816	-0.3474736	0	0	0	0	0	0	0	-22.96378	1.278911	-10.70758	0	0	0
197.2109	7.36535	-88.5174	-0.5230774	0	0	0	0	0	0	0	-17.52724	-3.35648	-13.55516	0	0	0
197.2209	7.2287	-88.50244	-0.5812681	0	0	0	0	0	0	0	-10.8052	0.03689862	-0.8709305	0	0	0
197.2309	7.159235	-88.50244	-0.5842262	0	0	0	0	0	0	0	-9.047043	0.000421371	-0.3880687	0	0	0
197.2409	7.159235	-88.50244	-0.5842262	0	0	0	0	0	0	0	-0.07506237	3.496071E-06	-0.003219766	0	0	0
197.2509	7.159235	-88.50244	-0.5842262	0	0	0	0	0	0	0	-0.0006227846	2.900654E-08	-2.671406E-05	0	0	0
197.2609	7.159235	-88.50244	-0.5842262	0	0	0	0	0	0	0	-5.167181E-06	7.452132E-10	-2.215815E-07	0	0	0
197.2709	7.159235	-88.50244	-0.5842262	0	0	0	0	0	0	0	-5.90089E-08	0	-2.500728E-09	0	0	0
197.2809	7.159235	-88.50244	-0.5842262	0	0	0	0	0	0	0	0	0	0	0	0	0
197.2908	7.159235	-88.50244	-0.5842262	0	0	0	0	0	0	0	0	0	0	0	0	0
197.3008	7.159235	-88.50244	-0.5842262	0	0	0	0	0	0	0	0	0	0	0	0	0
197.3108	7.226466	-88.5174	-0.5290775	0	0	0	0	0	0	0	0.8142997	-0.6949365	2.465472	0	0	0
197.3208	7.226466	-88.5174	-0.5290775	0	0	0	0	0	0	0	0.009299056	-0.007935965	0.02815494	0	0	0
197.3308	7.226466	-88.5174	-0.5290775	0	0	0	0	0	0	0	5.605515E-05	-4.783837E-05	0.0001697193	0	0	0
197.3408	7.224233	-88.53234	-0.4768809	0	0	0	0	0	0	0	-0.02188121	-0.1462471	0.5113704	0	0	0
197.3508	7.224233	-88.53234	-0.4768809	0	0	0	0	0	0	0	-0.000131901	-0.0008815847	0.003082565	0	0	0
197.3608	7.154811	-88.53234	-0.4798372	0	0	0	0	0	0	0	-0.3769355	-7.314416E-06	-0.01594846	0	0	0
197.3708	7.154811	-88.53234	-0.4798372	0	0	0	0	0	0	0	-0.003127394	-6.068694E-08	-0.0001323227	0	0	0
197.3808	7.154528	-88.47834	-0.4731666	0	0	0	0	0	0	0	-0.01797881	3.428447	0.4242376	0	0	0
197.3908	7.154528	-88.47834	-0.4731666	0	0	0	0	0	0	0	-4.156405E-05	0.007926057	0.0009807741	0	0	0
197.4008	7.154528	-88.47834	-0.4731666	0	0	0	0	0	0	0	-9.608988E-08	1.832386E-05	2.267403E-06	0	0	0
197.4108	7.154528	-88.47834	-0.4731666	0	0	0	0	0	0	0	-1.097317E-09	2.092529E-07	2.589305E-08	0	0	0
197.4208	7.154528	-88.47834	-0.4731666	0	0	0	0	0	0	0	0	0	0	0	0	0
197.4308	7.154528	-88.47834	-0.4731666	0	0	0	0	0	0	0	0	0	0	0	0	0
197.4408	7.085107	-88.47834	-0.4760942	0	0	0	0	0	0	0	-11.90665	0	-0.4996852	0	0	0
197.4508	7.017855	-88.4634	-0.5311927	0	0	0	0	0	0	0	-6.791999	0.1063736	-0.6542769	0	0	0
197.4608	7.017855	-88.4634	-0.5311927	0	0	0	0	0	0	0	-0.04094249	0.000641225	-0.003944012	0	0	0
197.4707	7.017855	-88.4634	-0.5311927	0	0	0	0	0	0	0	-0.0004675509	7.322595E-06	-4.503943E-05	0	0	0
197.4807	7.017855	-88.4634	-0.5311927	0	0	0	0	0	0	0	-2.818419E-06	4.414095E-08	-2.714998E-07	0	0	0
197.4907	7.017855	-88.4634	-0.5311927	0	0	0	0	0	0	0	-3.218549E-08	5.040762E-10	-3.100445E-09	0	0	0
197.5007	7.017855	-88.4634	-0.5311927	0	0	0	0	0	0	0	0	0	0	0	0	0
197.5107	7.017855	-88.4634	-0.5311927	0	0	0	0	0	0	0	0	0	0	0	0	0
197.5207	6.887467	-88.40343	-0.7456504	0	0	0	0	0	0	0	-4.142784	3.016991	-10.65549	0	0	0
197.5307	6.682987	-88.37332	-0.8583583	0	0	0	0	0	0	0	-10.47598	0.3548946	-1.6435	0	0	0
197.5407	6.408614	-88.34312	-0.9734437	0	0	0	0	0	0	0	-15.26478	0.4502546	-2.133069	0	0	0
197.5507	6.201642	-88.328	-1.033375	0	0	0	0	0	0	0	-16.29835	1.014059	-4.094119	0	0	0
197.5607	6.064206	-88.31284	-1.090567	0	0	0	0	0	0	0	-11.40044	0.08685046	-0.7070909	0	0	0
197.5707	5.996376	-88.29767	-1.145191	0	0	0	0	0	0	0	-4.848993	0.07749873	-0.4380088	0	0	0
197.5807	5.792623	-88.25202	-1.308861	0	0	0	0	0	0	0	-17.71214	2.507549	-9.186893	0	0	0
197.5907	5.525414	-88.14477	-1.682901	0	0	0	0	0	0	0	-25.55943	5.582092	-19.73402	0	0	0
197.6007	5.190077	-88.00534	-2.162433	0	0	0	0	0	0	0	-29.54518	14.5239	-49.42486	0	0	0
197.6107	4.716449	-87.81676	-2.800625	0	0	0	0	0	0	0	-33.48164	15.93784	-53.23563	0	0	0
197.6207	4.166172	-87.71129	-3.34119	0	0	0	0	0	0	0	-44.26523	10.75859	-44.41853	0	0	0
197.6307	3.543686	-87.57112	-3.984435	0	0	0	0	0	0	0	-37.64785	10.02076	-44.36513	0	0	0
197.6407	2.914734	-87.46101	-4.520931	0	0	0	0	0	0	0	-49.27622	8.377145	-35.53413	0	0	0
197.6507	2.282023	-87.45679	-5.067584	0	0	0	0	0	0	0	-32.76009	-8.52821	-31.74173	0	0	0
197.6606	1.787168	-87.3763	-5.49333	0	0	0	0	0	0	0	-35.63913	-4.88627	-26.3311	0	0	0
197.6706	1.359871	-87.30855	-5.703726	0	0	0	0	0	0	0	-23.09652	1.587274	-5.250473	0	0	0
197.6806	1.145497	-87.29156	-5.756883	0	0	0	0	0	0	0	-11.96498	1.609037	-4.965704	0	0	0
197.6906	1.002312	-87.29156	-5.757766	0	0	0	0	0	0	0	-4.734292	0.009699348	-0.05671341	0	0	0
197.7006	0.930719	-87.29156	-5.758163	0	0	0	0	0	0	0	-2.532229	0.0001107636	-0.01387279	0	0	0
197.7106	0.930719	-87.29156	-5.758163	0	0	0	0	0	0	0	-0.0152644	6.68056E-07	-8.362577E-05	0	0	0
197.7206	0.930443	-87.30855	-5.706551	0	0	0	0	0	0	0	-0.01351001	-0.8207507	2.494696	0	0	0
197.7306	0.9301322	-87.27151	-5.648387	0	0	0	0	0	0	0	-0.0408272	6.825605	7.637286	0	0	0
197.7406	0.9298562	-87.28845	-5.596761	0	0	0	0	0	0	0	-0.03634372	-2.124046	6.798762	0	0	0
197.7506	0.8583294	-87.28845	-5.597128	0	0	0	0	0	0	0	-0.6992092	-0.01280385	0.03753415	0	0	0
197.7606	0.7147966	-87.21427	-5.481347	0	0	0	0	0	0	0	-10.05324	0.8918744	0.6100147	0	0	0
197.7706	0.6430771	-87.12315	-5.416736	0	0	0	0	0	0	0	-3.960068	7.458282	1.422989	0	0	0
197.7806	0.4287022	-87.06915	-5.410742	0	0	0	0	0	0	0	-15.36733	3.613028	0.4123851	0	0	0
197.7906	0.2858016	-87.06915	-5.411036	0	0	0	0	0	0	0	-9.592632	0.04125968	-0.01063566	0	0	0
197.8006	0.1428954	-87.01514	-5.404535	0	0	0	0	0	0	0	-2.800115	0.9930212	0.1206847	0	0	0
197.8106	0.07144769	-87.01514	-5.404579	0	0	0	0	0	0	0	-0.5309917	0.01560817	0.001714758	0	0	0
197.8206	0	-86.96114	-5.397895	0	0	0	0	0	0	0	-0.26614	9.116924	1.132922	0	0	0
197.8306	0	-86.90715	-5.391175	0	0	0	0	0	0	0	-0.00220805	9.087321	1.133009	0	0	0
197.8405	0	-86.79917	-5.377667	0	0	0	0	0	0	0	-1.831853E-05	14.42467	1.810427	0	0	0
197.8505	0	-86.79917	-5.377667	0	0	0	0	0	0	0	-1.10425E-07	0.08695262	0.01091334	0	0	0
197.8605	0	-86.74519	-5.37088	0	0	0	0	0	0	0	0	1.84682	0.2325581	0	0	0
197.8705	0	-86.74519	-5.37088	0	0	0	0	0	0	0	0	0.002253754	0.0002838006	0	0	0
197.8805	0	-86.74519	-5.37088	0	0	0	0	0	0	0	0	2.573719E-05	3.240916E-06	0	0	0
197.8905	0	-86.74519	-5.37088	0	0	0	0	0	0	0	0	1.55145E-07	1.95364E-08	0	0	0
197.9005	0	-86.74519	-5.37088	0	0	0	0	0	0	0	0	1.771709E-09	2.230997E-10	0	0	0
197.9105	0	-86.74519	-5.37088	0	0	0	0	0	0	0	0	0	0	0	0	0
197.9205	0	-86.74519	-5.37088	0	0	0	0	0	0	0	0	0	0	0	0	0
197.9305	0	-86.74519	-5.37088	0	0	0	0	0	0	0	0	0	0	0	0	0
197.9405	0	-86.74519	-5.37088	0	0	0	0	0	0	0	0	0	0	0	0	0
197.9505	0	-86.74519	-5.37088	0	0	0	0	0	0	0	0	0	0	0	0	0
197.9605	0	-86.74519	-5.37088	0	0	0	0	0	0	0	0	0	0	0	0	0
197.9705	0	-86.76205	-5.319225	0	0	0	0	0	0	0	0	-1.093186	3.350392	0	0	0
197.9805	0	-86.83289	-5.274351	0	0	0	0	0	0	0	0	-3.433613	9.269134	0	0	0
197.9905	0	-86.90369	-5.229447	0	0	0	0	0	0	0	0	-3.501871	6.393197	0	0	0
198.0005	0	-86.90369	-5.229447	0	0	0	0	0	0	0	0	-0.004273484	0.007801892	0	0	0
198.0105	0.07135443	-86.9205	-5.177757	0	0	0	0	0	0	0	0.191877	-2.915361	8.972233	0	0	0
198.0204	0.0712962	-87.07877	-5.036154	0	0	0	0	0	0	0	-0.004065463	-13.44395	17.35617	0	0	0
198.0304	0.1422576	-87.26592	-4.628999	0	0	0	0	0	0	0	0.1664957	-15.49016	36.53849	0	0	0
198.0404	0.1418907	-87.57611	-4.18291	0	0	0	0	0	0	0	-0.03006276	-25.21112	39.27715	0	0	0
198.0504	0.141534	-87.99265	-3.74915	0	0	0	0	0	0	0	-0.006320729	-21.13516	7.702099	0	0	0
198.0604	0.07062826	-88.3215	-3.411788	0	0	0	0	0	0	0	-3.445601	-21.6143	23.74713	0	0	0
198.0704	0.07063352	-88.42957	-3.424591	0	0	0	0	0	0	0	-0.02856982	-1.289679	0.1481645	0	0	0
198.0804	0.0706309	-88.37553	-3.4182	0	0	0	0	0	0	0	-0.0001914876	2.572053	0.3054039	0	0	0
198.0904	0.07062826	-88.3215	-3.411788	0	0	0	0	0	0	0	-1.067353E-05	0.2101794	0.02499096	0	0	0
198.1004	0.07062826	-88.3215	-3.411788	0	0	0	0	0	0	0	-6.434051E-08	0.001266971	0.0001506467	0	0	0
198.1104	0.1412565	-88.3215	-3.411745	0	0	0	0	0	0	0	0.07328573	2.929066E-06	6.061825E-05	0	0	0
198.1204	0.1412512	-88.26747	-3.40531	0	0	0	0	0	0	0	0.0001421938	0.2775013	0.03310518	0	0	0
198.1304	0.1412512	-88.26747	-3.40531	0	0	0	0	0	0	0	1.62381E-06	0.003168981	0.000378051	0	0	0
198.1404	0.1412512	-88.26747	-3.40531	0	0	0	0	0	0	0	9.788405E-09	1.910277E-05	2.27891E-06	0	0	0
198.1504	0.1412512	-88.26747	-3.40531	0	0	0	0	0	0	0	-2.140237E-11	2.181478E-07	2.602435E-08	0	0	0
198.1604	0.1412512	-88.26747	-3.40531	0	0	0	0	0	0	0	0	0	0	0	0	0
198.1704	0.1412512	-88.26747	-3.40531	0	0	0	0	0	0	0	0	0	0	0	0	0
198.1804	0.1412512	-88.26747	-3.40531	0	0	0	0	0	0	0	0	0	0	0	0	0
198.1904	0.1412512	-88.26747	-3.40531	0	0	0	0	0	0	0	0	0	0	0	0	0
198.2003	0.1412512	-88.26747	-3.40531	0	0	0	0	0	0	0	0	0	0	0	0	0
198.2103	0.1412512	-88.26747	-3.40531	0	0	0	0	0	0	0	0	0	0	0	0	0
198.2203	0.1412085	-88.28349	-3.353388	0	0	0	0	0	0	0	-0.005474119	-2.052435	6.65629	0	0	0
198.2303	0.1409949	-88.36328	-3.093677	0	0	0	0	0	0	0	-0.008028297	-2.988317	9.762058	0	0	0
198.2403	0.07045474	-88.39505	-2.989791	0	0	0	0	0	0	0	-16.40149	-2.868644	9.391737	0	0	0
198.2503	0.07045208	-88.34103	-2.983334	0	0	0	0	0	0	0	-0.09887772	0.2370928	0.08706646	0	0	0
198.2603	0	-88.17896	-2.963848	0	0	0	0	0	0	0	-0.3606019	14.06157	1.701453	0	0	0
198.2703	0	-88.00105	-2.996116	0	0	0	0	0	0	0	-0.002174135	12.36043	1.315016	0	0	0
198.2803	0	-87.91523	-3.093422	0	0	0	0	0	0	0	-1.804882E-05	1.332727	-1.575317	0	0	0
198.2903	0	-87.86123	-3.08679	0	0	0	0	0	0	0	-1.497433E-07	0.5519796	0.05347846	0	0	0
198.3003	0	-87.86123	-3.08679	0	0	0	0	0	0	0	0	0.004579717	0.0004437052	0	0	0
198.3103	-0.07049188	-87.80723	-3.080121	0	0	0	0	0	0	0	-3.40811	12.21174	1.508784	0	0	0
198.3203	-0.1411064	-87.70535	-3.229227	0	0	0	0	0	0	0	-2.580681	4.02795	-7.888088	0	0	0
198.3303	-0.2117711	-87.56534	-3.319587	0	0	0	0	0	0	0	-0.38075	13.58079	-2.379958	0	0	0
198.3403	-0.2825211	-87.47924	-3.416568	0	0	0	0	0	0	0	-0.4882602	13.78417	-1.953894	0	0	0
198.3503	-0.2826065	-87.46316	-3.468471	0	0	0	0	0	0	0	-0.004654953	0.2280186	-0.3826352	0	0	0
198.3603	-0.2826919	-87.44705	-3.520367	0	0	0	0	0	0	0	-0.007914369	1.486993	-4.783803	0	0	0
198.3703	-0.3534714	-87.43092	-3.572126	0	0	0	0	0	0	0	-0.194746	0.3978125	-1.278617	0	0	0
198.3802	-0.3536848	-87.39861	-3.675886	0	0	0	0	0	0	0	-0.01200995	1.580083	-5.065675	0	0	0
198.3902	-0.4245495	-87.38242	-3.727596	0	0	0	0	0	0	0	-0.9412792	0.3042798	-0.9717944	0	0	0
198.4002	-0.4246775	-87.3662	-3.779459	0	0	0	0	0	0	0	-0.008467712	0.08565985	-0.2738171	0	0	0
198.4102	-0.4249334	-87.33372	-3.883167	0	0	0	0	0	0	0	-0.03116993	3.955091	-12.60752	0	0	0
198.4202	-0.4249334	-87.33372	-3.883167	0	0	0	0	0	0	0	-0.0002586137	0.03281498	-0.1046032	0	0	0
198.4302	-0.4250613	-87.31744	-3.93501	0	0	0	0	0	0	0	-0.001260457	0.1604976	-0.510884	0	0	0
198.4402	-0.4250613	-87.31744	-3.93501	0	0	0	0	0	0	0	-1.538184E-06	0.0001958621	-0.0006234537	0	0	0
198.4502	-0.4960539	-87.30114	-3.986658	0	0	0	0	0	0	0	-0.9537395	2.021542	-6.422963	0	0	0
198.4602	-0.6383584	-87.25213	-4.141662	0	0	0	0	0	0	0	-11.21105	4.510951	-14.23614	0	0	0
198.4702	-0.9231785	-87.18648	-4.347577	0	0	0	0	0	0	0	-16.68745	6.966212	-21.83529	0	0	0
198.4802	-1.351276	-87.10394	-4.603617	0	0	0	0	0	0	0	-27.53596	6.425396	-19.86575	0	0	0
198.4902	-1.709928	-87.0042	-4.910856	0	0	0	0	0	0	0	-28.34454	6.655929	-20.34811	0	0	0
198.5002	-2.355417	-86.95769	-5.220209	0	0	0	0	0	0	0	-36.33638	5.839702	-18.08405	0	0	0
198.5102	-2.786954	-86.89027	-5.420475	0	0	0	0	0	0	0	-27.20979	6.08494	-18.17082	0	0	0
198.5202	-3.074593	-86.85643	-5.518915	0	0	0	0	0	0	0	-13.962	4.264316	-12.75255	0	0	0
198.5302	-3.361565	-86.83948	-5.56524	0	0	0	0	0	0	0	-24.81579	0.211273	-0.1635247	0	0	0
198.5402	-3.647615	-86.83948	-5.559475	0	0	0	0	0	0	0	-23.29104	0.001273564	0.4846341	0	0	0
198.5502	-3.863293	-86.82251	-5.606451	0	0	0	0	0	0	0	-22.1889	0.5581135	-1.204066	0	0	0
198.5602	-4.22219	-86.80552	-5.649738	0	0	0	0	0	0	0	-28.41378	0.6318141	-1.228903	0	0	0
198.5701	-4.438148	-86.78851	-5.695987	0	0	0	0	0	0	0	-16.25541	0.6314256	-1.50012	0	0	0
198.5801	-4.654226	-86.77147	-5.741961	0	0	0	0	0	0	0	-5.882715	0.03678917	0.0458658	0	0	0
198.5901	-4.798818	-86.75442	-5.789647	0	0	0	0	0	0	0	-10.58546	0.08707314	0.02838737	0	0	0
198.6001	-4.942029	-86.75442	-5.785642	0	0	0	0	0	0	0	-9.949474	0.000524881	0.2807821	0	0	0
198.6101	-5.086741	-86.73734	-5.833082	0	0	0	0	0	0	0	-7.749614	0.5740017	-1.507243	0	0	0
198.6201	-5.229988	-86.73734	-5.82884	0	0	0	0	0	0	0	-12.96212	0.003460109	0.3787575	0	0	0
198.6301	-5.37323	-86.73734	-5.82448	0	0	0	0	0	0	0	-7.40664	3.95134E-05	0.2283733	0	0	0
198.6401	-5.518102	-86.72024	-5.871554	0	0	0	0	0	0	0	-7.14886	4.020889	-11.90153	0	0	0
198.6501	-5.66116	-86.66625	-5.860218	0	0	0	0	0	0	0	-4.911829	0.04727977	0.1501183	0	0	0
198.6601	-5.732573	-86.61226	-5.851114	0	0	0	0	0	0	0	-1.810027	0.5227103	0.1250764	0	0	0
198.6701	-5.875604	-86.55827	-5.839558	0	0	0	0	0	0	0	-12.59946	0.2822756	0.4605576	0	0	0
198.6801	-6.01862	-86.5043	-5.827862	0	0	0	0	0	0	0	-18.06003	0.7106687	0.7138926	0	0	0
198.6901	-6.161861	-86.5043	-5.822854	0	0	0	0	0	0	0	-5.675675	0.004283945	0.2013348	0	0	0
198.7001	-6.305099	-86.5043	-5.817727	0	0	0	0	0	0	0	-9.227044	4.892135E-05	0.3340372	0	0	0
198.7101	-6.301367	-86.53847	-5.714631	0	0	0	0	0	0	0	0.2176777	-2.498688	7.55052	0	0	0
198.7201	-6.293899	-86.60656	-5.508355	0	0	0	0	0	0	0	0.6730356	-6.124669	18.60421	0	0	0
198.7301	-6.288296	-86.65741	-5.353575	0	0	0	0	0	0	0	0.2838397	-2.570603	7.840699	0	0	0
198.7401	-6.354053	-86.70807	-5.196135	0	0	0	0	0	0	0	-1.285148	-0.7517038	2.352415	0	0	0
198.75	-6.354053	-86.70807	-5.196135	0	0	0	0	0	0	0	-0.007746933	-0.004531306	0.01418047	0	0	0
198.76	-6.354053	-86.70807	-5.196135	0	0	0	0	0	0	0	-6.42755E-05	-3.759577E-05	0.0001176539	0	0	0
198.77	-6.354053	-86.70807	-5.196135	0	0	0	0	0	0	0	-5.332871E-07	-3.119282E-07	9.761618E-07	0	0	0
198.78	-6.354053	-86.70807	-5.196135	0	0	0	0	0	0	0	0	0	0	0	0	0
198.79	-6.354053	-86.70807	-5.196135	0	0	0	0	0	0	0	0	0	0	0	0	0
198.8	-6.352163	-86.72491	-5.144508	0	0	0	0	0	0	0	0.4426201	-3.941706	12.08914	0	0	0
198.81	-6.348382	-86.75854	-5.041234	0	0	0	0	0	0	0	0.2908618	-2.583074	7.944212	0	0	0
198.82	-6.417767	-86.77532	-4.986962	0	0	0	0	0	0	0	-3.14697	-2.081564	6.535917	0	0	0
198.83	-6.489043	-86.77532	-4.984308	0	0	0	0	0	0	0	-1.816679	-0.02377083	0.141319	0	0	0
198.84	-6.560317	-86.77532	-4.981626	0	0	0	0	0	0	0	-2.474133	-0.0001432917	0.0940838	0	0	0
198.85	-6.560317	-86.77532	-4.981626	0	0	0	0	0	0	0	-0.004155698	-2.40681E-07	0.0001580286	0	0	0
198.86	-6.63159	-86.77532	-4.978913	0	0	0	0	0	0	0	-1.815832	-2.748504E-09	0.06947403	0	0	0
198.87	-6.63159	-86.77532	-4.978913	0	0	0	0	0	0	0	-0.007952679	0	0.0003042707	0	0	0
198.88	-6.629614	-86.79208	-4.927262	0	0	0	0	0	0	0	0.02700134	-0.2296168	0.7081065	0	0	0
198.89	-6.627637	-86.80882	-4.875604	0	0	0	0	0	0	0	0.0496911	-0.4205734	1.298789	0	0	0
198.9	-6.627637	-86.80882	-4.875604	0	0	0	0	0	0	0	0.0005674572	-0.004802821	0.01483177	0	0	0
198.91	-6.627637	-86.80882	-4.875604	0	0	0	0	0	0	0	3.420711E-06	-2.895163E-05	8.940663E-05	0	0	0
198.92	-6.625661	-86.82555	-4.823939	0	0	0	0	0	0	0	0.09158885	-0.774096	2.393845	0	0	0
198.9299	-6.625661	-86.82555	-4.823939	0	0	0	0	0	0	0	0.0005521019	-0.004666287	0.01443021	0	0	0
198.9399	-6.696869	-86.82555	-4.8212	0	0	0	0	0	0	0	-0.9748377	-5.328758E-05	0.03786391	0	0	0
198.9499	-6.696869	-86.82555	-4.8212	0	0	0	0	0	0	0	-0.005876367	-3.212201E-07	0.0002282455	0	0	0
198.9599	-6.696869	-86.82555	-4.8212	0	0	0	0	0	0	0	-9.236395E-05	-5.048893E-09	3.587531E-06	0	0	0
198.9699	-6.696869	-86.82555	-4.8212	0	0	0	0	0	0	0	-5.567779E-07	0	2.153169E-08	0	0	0
198.9799	-6.696869	-86.82555	-4.8212	0	0	0	0	0	0	0	-6.358234E-09	0	2.458854E-10	0	0	0
198.9899	-6.696869	-86.82555	-4.8212	0	0	0	0	0	0	0	0	0	0	0	0	0
198.9999	-6.696869	-86.82555	-4.8212	0	0	0	0	0	0	0	0	0	0	0	0	0
199.0099	-6.696869	-86.82555	-4.8212	0	0	0	0	0	0	0	0	0	0	0	0	0
199.0199	-6.696869	-86.82555	-4.8212	0	0	0	0	0	0	0	0	0	0	0	0	0
199.0299	-6.696869	-86.82555	-4.8212	0	0	0	0	0	0	0	0	0	0	0	0	0
199.0399	-6.694871	-86.84224	-4.76953	0	0	0	0	0	0	0	0.01369752	-0.114379	0.3541977	0	0	0
199.0499	-6.766057	-86.84224	-4.766762	0	0	0	0	0	0	0	-2.622703	-0.000500938	0.1040587	0	0	0
199.0599	-6.764037	-86.85892	-4.715086	0	0	0	0	0	0	0	-0.01994979	-0.08244728	0.2568373	0	0	0
199.0699	-6.906091	-86.80494	-4.702639	0	0	0	0	0	0	0	-16.66959	3.526823	1.114237	0	0	0
199.0799	-7.045743	-86.71364	-4.631504	0	0	0	0	0	0	0	-18.3657	8.185439	2.511936	0	0	0
199.0899	-7.183131	-86.63895	-4.50847	0	0	0	0	0	0	0	-7.154406	5.03229	10.0663	0	0	0
199.0999	-7.461767	-86.45626	-4.365155	0	0	0	0	0	0	0	-22.55233	11.49109	4.614114	0	0	0
199.1098	-7.666358	-86.23611	-4.16535	0	0	0	0	0	0	0	-15.09937	13.03347	17.14425	0	0	0
199.1198	-8.010746	-86.19405	-3.928015	0	0	0	0	0	0	0	-21.67128	-5.444195	22.91936	0	0	0
199.1298	-8.356694	-86.13533	-3.741561	0	0	0	0	0	0	0	-22.30326	-3.891294	18.55702	0	0	0
199.1398	-8.780884	-86.0814	-3.713202	0	0	0	0	0	0	0	-22.40326	1.351365	1.474265	0	0	0
199.1498	-9.06388	-86.0814	-3.698526	0	0	0	0	0	0	0	-17.60861	0.01121214	0.930405	0	0	0
199.1598	-9.134625	-86.0814	-3.694785	0	0	0	0	0	0	0	-0.4108675	9.302593E-05	0.02183757	0	0	0
199.1698	-9.134625	-86.0814	-3.694785	0	0	0	0	0	0	0	-0.002476729	5.607647E-07	0.0001316379	0	0	0
199.1798	-9.134625	-86.0814	-3.694785	0	0	0	0	0	0	0	-2.054919E-05	4.808033E-09	1.091694E-06	0	0	0
199.1898	-9.134625	-86.0814	-3.694785	0	0	0	0	0	0	0	-4.750672E-08	0	2.522344E-09	0	0	0
199.1998	-9.134625	-86.0814	-3.694785	0	0	0	0	0	0	0	0	0	0	0	0	0
199.2098	-9.134625	-86.0814	-3.694785	0	0	0	0	0	0	0	0	0	0	0	0	0
199.2198	-9.134625	-86.0814	-3.694785	0	0	0	0	0	0	0	0	0	0	0	0	0
199.2298	-9.134625	-86.0814	-3.694785	0	0	0	0	0	0	0	0	0	0	0	0	0
199.2398	-9.115384	-86.19533	-3.332389	0	0	0	0	0	0	0	1.05831	-6.235025	19.93258	0	0	0
199.2498	-9.082359	-86.38822	-2.710391	0	0	0	0	0	0	0	1.715892	-9.93574	32.31772	0	0	0
199.2598	-9.052044	-86.56236	-2.139404	0	0	0	0	0	0	0	2.838627	-16.17461	53.46371	0	0	0
199.2698	-9.099903	-86.6874	-1.719926	0	0	0	0	0	0	0	1.211081	-11.83941	39.64763	0	0	0
199.2798	-9.077636	-86.81108	-1.303781	0	0	0	0	0	0	0	1.276232	-7.088006	23.99258	0	0	0
199.2897	-9.058135	-86.91819	-0.9393247	0	0	0	0	0	0	0	1.043564	-5.701621	19.50423	0	0	0
199.2997	-9.030635	-87.12331	-0.4253643	0	0	0	0	0	0	0	1.901808	-10.51797	35.54329	0	0	0
199.3097	-9.019471	-87.1832	-0.2167218	0	0	0	0	0	0	0	0.5091453	-2.726003	9.515518	0	0	0
199.3197	-9.005509	-87.25758	0.04421783	0	0	0	0	0	0	0	0.08162964	-0.4331846	1.525593	0	0	0
199.3297	-9.002716	-87.27239	0.09642389	0	0	0	0	0	0	0	0.1017713	-0.5392079	1.902025	0	0	0
199.3397	-9.002716	-87.27239	0.09642389	0	0	0	0	0	0	0	0.0006134823	-0.003250369	0.0114655	0	0	0
199.3497	-9.002716	-87.27239	0.09642389	0	0	0	0	0	0	0	7.005782E-06	-3.711823E-05	0.0001309325	0	0	0
199.3597	-9.002716	-87.27239	0.09642389	0	0	0	0	0	0	0	1.515616E-07	-8.030078E-07	2.832565E-06	0	0	0
199.3697	-9.002716	-87.27239	0.09642389	0	0	0	0	0	0	0	1.730787E-09	-9.170106E-09	3.234703E-08	0	0	0
199.3797	-9.0719	-87.27239	0.10014	0	0	0	0	0	0	0	-2.37372	0	0.1279891	0	0	0
199.3897	-9.0719	-87.27239	0.10014	0	0	0	0	0	0	0	-0.01430889	0	0.0007715244	0	0	0
199.3997	-9.0719	-87.27239	0.10014	0	0	0	0	0	0	0	-0.0001634033	0	8.810575E-06	0	0	0
199.4097	-9.0719	-87.27239	0.10014	0	0	0	0	0	0	0	-9.850025E-07	0	5.311056E-08	0	0	0
199.4197	-9.0719	-87.27239	0.10014	0	0	0	0	0	0	0	-1.124843E-08	0	6.065065E-10	0	0	0
199.4297	-9.0719	-87.27239	0.10014	0	0	0	0	0	0	0	0	0	0	0	0	0
199.4397	-9.141084	-87.27239	0.1038846	0	0	0	0	0	0	0	-0.3580448	0	0.01945315	0	0	0
199.4497	-9.141084	-87.27239	0.1038846	0	0	0	0	0	0	0	-0.0056277	0	0.000305762	0	0	0
199.4597	-9.141084	-87.27239	0.1038846	0	0	0	0	0	0	0	-8.845542E-05	0	4.805926E-06	0	0	0
199.4697	-9.141084	-87.27239	0.1038846	0	0	0	0	0	0	0	-7.339054E-07	0	3.987427E-08	0	0	0
199.4796	-9.141084	-87.27239	0.1038846	0	0	0	0	0	0	0	-4.424016E-09	0	2.40364E-10	0	0	0
199.4896	-9.141084	-87.27239	0.1038846	0	0	0	0	0	0	0	0	0	0	0	0	0
199.4996	-9.141084	-87.27239	0.1038846	0	0	0	0	0	0	0	0	0	0	0	0	0
199.5096	-9.141084	-87.27239	0.1038846	0	0	0	0	0	0	0	0	0	0	0	0	0
199.5196	-9.138247	-87.28718	0.1560944	0	0	0	0	0	0	0	0.1413097	-0.7362119	2.600874	0	0	0
199.5296	-9.118382	-87.39011	0.5217307	0	0	0	0	0	0	0	1.920047	-9.894356	35.3394	0	0	0
199.5396	-9.0985	-87.492	0.8876587	0	0	0	0	0	0	0	1.130982	-5.7641	20.81628	0	0	0
199.5496	-9.284325	-87.53892	1.272418	0	0	0	0	0	0	0	-13.18807	3.560008	12.8187	0	0	0
199.5596	-9.338373	-87.61031	1.537984	0	0	0	0	0	0	0	-7.303011	-5.99082	22.74038	0	0	0
199.5696	-9.398106	-87.65289	1.698945	0	0	0	0	0	0	0	-0.6948345	-0.340199	1.303275	0	0	0
199.5796	-9.395152	-87.66704	1.751326	0	0	0	0	0	0	0	0.01479455	-0.1012125	0.3753474	0	0	0
199.5896	-9.46068	-87.68117	1.807588	0	0	0	0	0	0	0	-16.89115	-0.1424334	1.489768	0	0	0
199.5996	-9.46068	-87.68117	1.807588	0	0	0	0	0	0	0	-0.1401441	-0.001181756	0.01236045	0	0	0
199.6096	-9.46068	-87.68117	1.807588	0	0	0	0	0	0	0	-0.0008447953	-7.123678E-06	7.450936E-05	0	0	0
199.6196	-9.46068	-87.68117	1.807588	0	0	0	0	0	0	0	-9.647306E-06	-8.135024E-08	8.508742E-07	0	0	0
199.6296	-9.46068	-87.68117	1.807588	0	0	0	0	0	0	0	-5.815442E-08	-4.903831E-10	5.12911E-09	0	0	0
199.6396	-9.457705	-87.69527	1.859979	0	0	0	0	0	0	0	0.4112214	-1.947644	7.238994	0	0	0
199.6496	-9.454728	-87.70936	1.912375	0	0	0	0	0	0	0	0.1513947	-0.7158761	2.665098	0	0	0
199.6595	-9.454728	-87.70936	1.912375	0	0	0	0	0	0	0	0.001728882	-0.008175088	0.03043462	0	0	0
199.6695	-9.454728	-87.70936	1.912375	0	0	0	0	0	0	0	1.434435E-05	-6.782784E-05	0.0002525128	0	0	0
199.6795	-9.454728	-87.70936	1.912375	0	0	0	0	0	0	0	1.190136E-07	-5.627605E-07	2.095072E-06	0	0	0
199.6895	-9.454728	-87.70936	1.912375	0	0	0	0	0	0	0	9.874433E-10	-4.669165E-09	1.73826E-08	0	0	0
199.6995	-9.454728	-87.70936	1.912375	0	0	0	0	0	0	0	0	0	0	0	0	0
199.7095	-9.454728	-87.70936	1.912375	0	0	0	0	0	0	0	0	0	0	0	0	0
199.7195	-9.454728	-87.70936	1.912375	0	0	0	0	0	0	0	0	0	0	0	0	0
199.7295	-9.454728	-87.70936	1.912375	0	0	0	0	0	0	0	0	0	0	0	0	0
199.7395	-9.454728	-87.70936	1.912375	0	0	0	0	0	0	0	0	0	0	0	0	0
199.7495	-9.454728	-87.70936	1.912375	0	0	0	0	0	0	0	0	0	0	0	0	0
199.7595	-9.454728	-87.70936	1.912375	0	0	0	0	0	0	0	0	0	0	0	0	0
199.7695	-9.454728	-87.70936	1.912375	0	0	0	0	0	0	0	0	0	0	0	0	0
199.7795	-9.454728	-87.70936	1.912375	0	0	0	0	0	0	0	0	0	0	0	0	0
199.7895	-9.454317	-87.65543	1.919613	0	0	0	0	0	0	0	0.002022193	0.2648247	0.03559795	0	0	0
199.7995	-9.454317	-87.65543	1.919613	0	0	0	0	0	0	0	1.218987E-05	0.001596376	0.0002145861	0	0	0
199.8095	-9.522752	-87.65543	1.923514	0	0	0	0	0	0	0	-8.823147	1.823013E-05	0.5048538	0	0	0
199.8195	-9.522752	-87.65543	1.923514	0	0	0	0	0	0	0	-0.09182849	7.984126E-08	0.005254342	0	0	0
199.8295	-9.522752	-87.65543	1.923514	0	0	0	0	0	0	0	-0.0002122937	0	1.214723E-05	0	0	0
199.8394	-9.522752	-87.65543	1.923514	0	0	0	0	0	0	0	-2.42433E-06	0	1.387177E-07	0	0	0
199.8494	-9.522752	-87.65543	1.923514	0	0	0	0	0	0	0	-1.461398E-08	0	8.361967E-10	0	0	0
199.8594	-9.522752	-87.65543	1.923514	0	0	0	0	0	0	0	0	0	0	0	0	0
199.8694	-9.522752	-87.65543	1.923514	0	0	0	0	0	0	0	0	0	0	0	0	0
199.8794	-9.522752	-87.65543	1.923514	0	0	0	0	0	0	0	0	0	0	0	0	0
199.8894	-9.522752	-87.65543	1.923514	0	0	0	0	0	0	0	0	0	0	0	0	0
199.8994	-9.522752	-87.65543	1.923514	0	0	0	0	0	0	0	0	0	0	0	0	0
199.9094	-9.522752	-87.65543	1.923514	0	0	0	0	0	0	0	0	0	0	0	0	0
199.9194	-9.522752	-87.65543	1.923514	0	0	0	0	0	0	0	0	0	0	0	0	0
199.9294	-9.522752	-87.65543	1.923514	0	0	0	0	0	0	0	0	0	0	0	0	0
199.9394	-9.522752	-87.65543	1.923514	0	0	0	0	0	0	0	0	0	0	0	0	0
199.9494	-9.522752	-87.65543	1.923514	0	0	0	0	0	0	0	0	0	0	0	0	0
199.9594	-9.522752	-87.65543	1.923514	0	0	0	0	0	0	0	0	0	0	0	0	0
199.9694	-9.522752	-87.65543	1.923514	0	0	0	0	0	0	0	0	0	0	0	0	0
199.9794	-9.522752	-87.65543	1.923514	0	0	0	0	0	0	0	0	0	0	0	0	0
199.9894	-9.522752	-87.65543	1.923514	0	0	0	0	0	0	0	0	0	0	0	0	0
199.9994	-9.519753	-87.6695	1.975915	0	0	0	0	0	0	0	0.1972943	-0.924701	3.448057	0	0	0
200.0094	-9.510756	-87.71156	2.133152	0	0	0	0	0	0	0	0.05293603	-0.2468929	0.9251482	0	0	0
200.0193	-9.507757	-87.72554	2.185576	0	0	0	0	0	0	0	0.2627426	-1.223421	4.591879	0	0	0
200.0293	-9.504757	-87.7395	2.238005	0	0	0	0	0	0	0	0.2040235	-0.9484465	3.565663	0	0	0
200.0393	-9.501757	-87.75343	2.290441	0	0	0	0	0	0	0	0.07620485	-0.3536725	1.331811	0	0	0
200.0493	-9.498756	-87.76735	2.342881	0	0	0	0	0	0	0	0.5162148	-2.391851	9.021742	0	0	0
200.0593	-9.498756	-87.76735	2.342881	0	0	0	0	0	0	0	0.005895016	-0.02731422	0.1030256	0	0	0
200.0693	-9.498756	-87.76735	2.342881	0	0	0	0	0	0	0	6.73193E-05	-0.0003119201	0.001176521	0	0	0
200.0793	-9.498756	-87.76735	2.342881	0	0	0	0	0	0	0	5.585412E-07	-2.587968E-06	9.761468E-06	0	0	0
200.0893	-9.498756	-87.76735	2.342881	0	0	0	0	0	0	0	4.634158E-09	-2.14721E-08	8.098989E-08	0	0	0
200.0993	-9.495755	-87.78124	2.395328	0	0	0	0	0	0	0	0.1444205	-0.6680617	2.523996	0	0	0
200.1093	-9.495755	-87.78124	2.395328	0	0	0	0	0	0	0	0.001198242	-0.005542838	0.02094133	0	0	0
200.1193	-9.492754	-87.79511	2.44778	0	0	0	0	0	0	0	0.1430488	-0.6606252	2.500025	0	0	0
200.1293	-9.492754	-87.79511	2.44778	0	0	0	0	0	0	0	0.001186861	-0.005481138	0.02074244	0	0	0
200.1393	-9.486751	-87.82279	2.552701	0	0	0	0	0	0	0	0.3938318	-1.812777	6.882888	0	0	0
200.1493	-9.47474	-87.8779	2.762611	0	0	0	0	0	0	0	1.388057	-6.346794	24.25868	0	0	0
200.1593	-9.539385	-87.8377	2.82627	0	0	0	0	0	0	0	-2.257448	6.589427	1.804584	0	0	0
200.1693	-9.527281	-87.89237	3.036286	0	0	0	0	0	0	0	0.6396875	-2.901325	11.3463	0	0	0
200.1793	-9.58916	-87.91958	3.145257	0	0	0	0	0	0	0	-11.01203	-3.229733	13.17281	0	0	0
200.1893	-9.657091	-87.91958	3.149214	0	0	0	0	0	0	0	-6.115458	-0.01946898	0.4330445	0	0	0
200.1992	-9.650524	-87.89278	3.261553	0	0	0	0	0	0	0	0.07266185	-0.2951779	1.371111	0	0	0
200.2092	-9.650524	-87.89278	3.261553	0	0	0	0	0	0	0	0.0002312092	-0.0009392531	0.00436286	0	0	0
200.2192	-9.650524	-87.89278	3.261553	0	0	0	0	0	0	0	1.918319E-06	-7.792884E-06	3.619819E-05	0	0	0
200.2292	-9.650098	-87.83887	3.268856	0	0	0	0	0	0	0	0.05699704	7.187707	0.9750302	0	0	0
200.2392	-9.650098	-87.83887	3.268856	0	0	0	0	0	0	0	0.001123787	0.1417171	0.01922427	0	0	0
200.2492	-9.650098	-87.83887	3.268856	0	0	0	0	0	0	0	9.323943E-06	0.001175812	0.0001595017	0	0	0
200.2592	-9.650098	-87.83887	3.268856	0	0	0	0	0	0	0	7.735979E-08	9.755588E-06	1.323369E-06	0	0	0
200.2692	-9.650098	-87.83887	3.268856	0	0	0	0	0	0	0	8.834253E-10	1.114059E-07	1.511247E-08	0	0	0
200.2792	-9.650098	-87.83887	3.268856	0	0	0	0	0	0	0	0	0	0	0	0	0
200.2892	-9.64967	-87.78495	3.27618	0	0	0	0	0	0	0	0	0	0	0	0	0
200.2992	-9.64967	-87.78495	3.27618	0	0	0	0	0	0	0	0	0	0	0	0	0
200.3092	-9.64967	-87.78495	3.27618	0	0	0	0	0	0	0	0	0	0	0	0	0
200.3192	-9.64967	-87.78495	3.27618	0	0	0	0	0	0	0	0	0	0	0	0	0
200.3292	-9.64967	-87.78495	3.27618	0	0	0	0	0	0	0	0	0	0	0	0	0
200.3392	-9.64924	-87.73104	3.283527	0	0	0	0	0	0	0	0.01075122	1.347558	0.1839177	0	0	0
200.3492	-9.64924	-87.73104	3.283527	0	0	0	0	0	0	0	4.708639E-05	0.005901808	0.0008054919	0	0	0
200.3592	-9.64924	-87.73104	3.283527	0	0	0	0	0	0	0	5.377123E-07	6.739686E-05	9.198473E-06	0	0	0
200.3692	-9.64924	-87.73104	3.283527	0	0	0	0	0	0	0	3.241355E-09	4.062715E-07	5.544883E-08	0	0	0
200.3792	-9.64924	-87.73104	3.283527	0	0	0	0	0	0	0	3.701529E-11	4.639497E-09	6.332089E-10	0	0	0
200.3891	-9.64924	-87.73104	3.283527	0	0	0	0	0	0	0	0	0	0	0	0	0
200.3991	-9.64924	-87.73104	3.283527	0	0	0	0	0	0	0	0	0	0	0	0	0
200.4091	-9.64924	-87.73104	3.283527	0	0	0	0	0	0	0	0	0	0	0	0	0
200.4191	-9.64924	-87.73104	3.283527	0	0	0	0	0	0	0	0	0	0	0	0	0
200.4291	-9.646169	-87.74457	3.336064	0	0	0	0	0	0	0	0.01187344	-0.05226004	0.2031151	0	0	0
200.4391	-9.643097	-87.75808	3.388608	0	0	0	0	0	0	0	0.7036561	-3.091853	12.03722	0	0	0
200.4491	-9.575265	-87.75808	3.384656	0	0	0	0	0	0	0	9.685355	-0.03530802	-0.4242499	0	0	0
200.4591	-9.575265	-87.75808	3.384656	0	0	0	0	0	0	0	0.2627115	-0.0004032069	-0.01367376	0	0	0
200.4691	-9.575265	-87.75808	3.384656	0	0	0	0	0	0	0	0.001583637	-2.43055E-06	-8.242606E-05	0	0	0
200.4791	-9.572214	-87.77156	3.437206	0	0	0	0	0	0	0	0.0158156	-0.06986713	0.2724751	0	0	0
200.4891	-9.572214	-87.77156	3.437206	0	0	0	0	0	0	0	9.533701E-05	-0.0004211624	0.001642493	0	0	0
200.4991	-9.572214	-87.77156	3.437206	0	0	0	0	0	0	0	1.08872E-06	-4.809547E-06	1.875677E-05	0	0	0
200.5091	-9.568736	-87.73112	3.49713	0	0	0	0	0	0	0	0.07011846	7.374866	1.20802	0	0	0
200.5191	-9.568736	-87.73112	3.49713	0	0	0	0	0	0	0	0.001727968	0.2009071	0.02976992	0	0	0
200.5291	-9.500948	-87.73112	3.493209	0	0	0	0	0	0	0	1.246339	0.001211078	-0.07164836	0	0	0
200.5391	-9.497919	-87.74456	3.545771	0	0	0	0	0	0	0	0.05020744	-0.1767753	0.6912144	0	0	0
200.5491	-9.497919	-87.74456	3.545771	0	0	0	0	0	0	0	0.0004165659	-0.001466686	0.005734934	0	0	0
200.5591	-9.497919	-87.74456	3.545771	0	0	0	0	0	0	0	4.757048E-06	-1.675007E-05	6.549108E-05	0	0	0
200.569	-9.494889	-87.75799	3.598339	0	0	0	0	0	0	0	0.02150294	-0.09518284	0.3731107	0	0	0
200.579	-9.494889	-87.75799	3.598339	0	0	0	0	0	0	0	0.0003379803	-0.001496071	0.005864503	0	0	0
200.589	-9.427143	-87.75799	3.594448	0	0	0	0	0	0	0	4.496766	-3.236567E-05	-0.257173	0	0	0
200.599	-9.424134	-87.77139	3.647022	0	0	0	0	0	0	0	0.5548298	-2.303392	9.042639	0	0	0
200.609	-9.355989	-87.71748	3.650552	0	0	0	0	0	0	0	15.80508	0.9676107	-0.6169096	0	0	0
200.619	-9.355989	-87.71748	3.650552	0	0	0	0	0	0	0	0.3419237	0.02093308	-0.01334609	0	0	0
200.629	-9.355567	-87.66358	3.657966	0	0	0	0	0	0	0	0.0553277	6.708676	0.9239206	0	0	0
200.639	-9.355567	-87.66358	3.657966	0	0	0	0	0	0	0	0.0006318256	0.07661105	0.01055089	0	0	0
200.649	-9.355567	-87.66358	3.657966	0	0	0	0	0	0	0	3.808675E-06	0.000461815	6.360128E-05	0	0	0
200.659	-9.355567	-87.66358	3.657966	0	0	0	0	0	0	0	4.349277E-08	5.273792E-06	7.262873E-07	0	0	0
200.669	-9.355567	-87.66358	3.657966	0	0	0	0	0	0	0	2.487473E-10	3.179067E-08	4.378857E-09	0	0	0
200.679	-9.355567	-87.66358	3.657966	0	0	0	0	0	0	0	0	0	0	0	0	0
200.689	-9.355567	-87.66358	3.657966	0	0	0	0	0	0	0	0	0	0	0	0	0
200.699	-9.355567	-87.66358	3.657966	0	0	0	0	0	0	0	0	0	0	0	0	0
200.709	-9.343617	-87.71696	3.868321	0	0	0	0	0	0	0	1.303686	-5.804466	22.94961	0	0	0
200.719	-9.275982	-87.71696	3.864493	0	0	0	0	0	0	0	6.224336	-0.04815905	-0.1599942	0	0	0
200.729	-9.2054	-87.73026	3.913298	0	0	0	0	0	0	0	1.377136	-0.2415726	0.8827174	0	0	0
200.739	-9.131936	-87.75678	4.014755	0	0	0	0	0	0	0	0.9732651	-1.267401	4.998782	0	0	0
200.7489	-9.129011	-87.77001	4.067378	0	0	0	0	0	0	0	0.2020742	-0.8775885	3.493579	0	0	0
200.7589	-9.129011	-87.77001	4.067378	0	0	0	0	0	0	0	0.001218113	-0.005290145	0.02105946	0	0	0
200.7689	-9.129011	-87.77001	4.067378	0	0	0	0	0	0	0	1.391048E-05	-6.041185E-05	0.0002404926	0	0	0
200.7789	-9.128598	-87.71611	4.074813	0	0	0	0	0	0	0	0.001206072	0.1570767	0.02170401	0	0	0
200.7889	-9.125674	-87.72932	4.127441	0	0	0	0	0	0	0	0.2689499	-1.210025	4.839932	0	0	0
200.7989	-9.111047	-87.79503	4.39066	0	0	0	0	0	0	0	1.701779	-7.612288	30.62464	0	0	0
200.8089	-9.020381	-87.89906	4.808363	0	0	0	0	0	0	0	3.178993	-6.838621	27.81102	0	0	0
200.8189	-8.990888	-87.97325	5.34309	0	0	0	0	0	0	0	2.19698	-8.775706	39.49228	0	0	0
200.8289	-8.960951	-87.99141	5.885856	0	0	0	0	0	0	0	2.429305	-9.171841	44.04184	0	0	0
200.8389	-8.884646	-87.92101	6.055693	0	0	0	0	0	0	0	1.706672	-2.170342	14.74903	0	0	0
200.8489	-8.804777	-87.75501	6.293783	0	0	0	0	0	0	0	0.5493336	12.74424	3.843002	0	0	0
200.8589	-8.667851	-87.65961	6.354778	0	0	0	0	0	0	0	16.92977	14.30788	1.571219	0	0	0
200.8689	-8.664198	-87.56419	6.423051	0	0	0	0	0	0	0	0.533924	12.2507	3.170463	0	0	0
200.8789	-8.594396	-87.52262	6.480104	0	0	0	0	0	0	0	1.495965	0.9257795	5.17004	0	0	0
200.8889	-8.582341	-87.46383	6.707139	0	0	0	0	0	0	0	0.3410689	3.699268	6.395778	0	0	0
200.8989	-8.573503	-87.44644	6.873611	0	0	0	0	0	0	0	0.2971854	5.771769	5.596975	0	0	0
200.9089	-8.567885	-87.47063	6.979411	0	0	0	0	0	0	0	0.314257	-1.292558	5.918825	0	0	0
200.9189	-8.559457	-87.50677	7.138148	0	0	0	0	0	0	0	1.010595	-4.319409	19.03391	0	0	0
200.9288	-8.550611	-87.48886	7.30476	0	0	0	0	0	0	0	0.6106831	4.481783	11.50182	0	0	0
200.9388	-8.546965	-87.39313	7.373426	0	0	0	0	0	0	0	0.1602834	13.15735	3.018835	0	0	0
200.9488	-8.546546	-87.33929	7.381324	0	0	0	0	0	0	0	0.009506781	1.133929	0.1790541	0	0	0
200.9588	-8.546125	-87.28546	7.389243	0	0	0	0	0	0	0	0.002222789	0.2836452	0.0418648	0	0	0
200.9688	-8.479519	-87.23164	7.393684	0	0	0	0	0	0	0	7.858049	0.7179844	-0.3076009	0	0	0
200.9788	-8.412499	-87.12399	7.40616	0	0	0	0	0	0	0	1.331543	10.36568	1.474807	0	0	0
200.9888	-8.403358	-87.05205	7.581043	0	0	0	0	0	0	0	0.7679536	1.116989	14.49321	0	0	0
200.9988	-8.333247	-86.90247	7.654781	0	0	0	0	0	0	0	3.604556	6.916778	8.029852	0	0	0
201.0088	-8.264444	-86.91431	7.704334	0	0	0	0	0	0	0	1.351182	-0.2760741	1.879385	0	0	0
201.0188	-8.26172	-86.92611	7.757304	0	0	0	0	0	0	0	0.6798781	-2.896558	13.01333	0	0	0
201.0288	-8.26172	-86.92611	7.757304	0	0	0	0	0	0	0	0.005640878	-0.02403243	0.1079703	0	0	0
201.0388	-8.26172	-86.92611	7.757304	0	0	0	0	0	0	0	4.680177E-05	-0.0001993946	0.0008958179	0	0	0
201.0488	-8.258994	-86.9379	7.810279	0	0	0	0	0	0	0	0.01413282	-0.06105479	0.2747159	0	0	0
201.0588	-8.19298	-86.9379	7.806896	0	0	0	0	0	0	0	4.427516	-0.0006972272	-0.2228035	0	0	0
201.0688	-8.187158	-86.9076	7.92098	0	0	0	0	0	0	0	0.6330082	-2.478246	11.87997	0	0	0
201.0788	-8.115412	-86.87722	8.031755	0	0	0	0	0	0	0	8.972754	4.654459	1.562505	0	0	0
201.0888	-8.112315	-86.83511	8.092918	0	0	0	0	0	0	0	0.3242328	1.587664	1.639177	0	0	0
201.0988	-8.043756	-86.84676	8.142603	0	0	0	0	0	0	0	15.82389	-0.200653	0.1749312	0	0	0
201.1087	-8.043756	-86.84676	8.142603	0	0	0	0	0	0	0	0.1312891	-0.001664797	0.001451385	0	0	0
201.1187	-8.043756	-86.84676	8.142603	0	0	0	0	0	0	0	0.0003035209	-3.848761E-06	3.355386E-06	0	0	0
201.1287	-8.041094	-86.85839	8.195615	0	0	0	0	0	0	0	0.6332949	-2.765316	12.61329	0	0	0
201.1387	-8.041094	-86.85839	8.195615	0	0	0	0	0	0	0	0.001063719	-0.004644785	0.02118601	0	0	0
201.1487	-7.975238	-86.85839	8.192322	0	0	0	0	0	0	0	15.67994	-5.304203E-05	-0.7805583	0	0	0
201.1587	-7.969958	-86.8816	8.298361	0	0	0	0	0	0	0	1.043366	-3.089003	14.12828	0	0	0
201.1687	-7.901525	-86.89317	8.348125	0	0	0	0	0	0	0	1.226594	-0.09397718	0.3716703	0	0	0
201.1787	-7.767362	-86.90471	8.394716	0	0	0	0	0	0	0	15.81239	-0.07930865	-0.4023641	0	0	0
201.1887	-7.764786	-86.91624	8.447756	0	0	0	0	0	0	0	0.1805129	-0.000903982	-0.004591603	0	0	0
201.1987	-7.764786	-86.91624	8.447756	0	0	0	0	0	0	0	0.003905177	-1.955655E-05	-9.933375E-05	0	0	0
201.2087	-7.764786	-86.91624	8.447756	0	0	0	0	0	0	0	4.459593E-05	-2.233299E-07	-1.134361E-06	0	0	0
201.2187	-7.76221	-86.92774	8.5008	0	0	0	0	0	0	0	0.3434116	-1.532184	7.071943	0	0	0
201.2287	-7.69648	-86.92774	8.497622	0	0	0	0	0	0	0	2.261615	-0.01158579	-0.05529055	0	0	0
201.2387	-7.69648	-86.92774	8.497622	0	0	0	0	0	0	0	0.02582696	-0.0001323062	-0.0006314014	0	0	0
201.2487	-7.628216	-86.93922	8.547521	0	0	0	0	0	0	0	1.728619	-0.1554001	0.637831	0	0	0
201.2587	-7.486835	-86.98493	8.75356	0	0	0	0	0	0	0	17.69144	-4.808931	21.63811	0	0	0
201.2687	-7.350688	-87.00766	8.853619	0	0	0	0	0	0	0	7.576498	-3.551297	16.30862	0	0	0
201.2787	-7.217113	-87.01899	8.900717	0	0	0	0	0	0	0	4.821691	-1.426148	6.48441	0	0	0
201.2887	-7.146784	-87.04159	9.003958	0	0	0	0	0	0	0	0.5803625	-0.2998331	1.388767	0	0	0
201.2986	-7.078901	-87.05286	9.054137	0	0	0	0	0	0	0	0.2077882	-0.110856	0.5148952	0	0	0
201.3086	-7.010699	-87.01031	9.112537	0	0	0	0	0	0	0	4.863986	9.639706	13.70878	0	0	0
201.3186	-7.008361	-87.02153	9.165652	0	0	0	0	0	0	0	0.1975209	-0.6734931	3.683773	0	0	0
201.3286	-7.006022	-87.03273	9.218773	0	0	0	0	0	0	0	0.2902808	-1.386551	6.586635	0	0	0
201.3386	-7.006022	-87.03273	9.218773	0	0	0	0	0	0	0	0.00240843	-0.01150407	0.05464862	0	0	0
201.3486	-7.006022	-87.03273	9.218773	0	0	0	0	0	0	0	1.998249E-05	-9.544807E-05	0.0004534139	0	0	0
201.3586	-7.006022	-87.03273	9.218773	0	0	0	0	0	0	0	8.742607E-08	-4.182804E-07	1.985752E-06	0	0	0
201.3686	-7.006022	-87.03273	9.218773	0	0	0	0	0	0	0	9.983793E-10	-4.776636E-09	2.267668E-08	0	0	0
201.3786	-7.006022	-87.03273	9.218773	0	0	0	0	0	0	0	0	0	0	0	0	0
201.3886	-7.003683	-87.04391	9.271897	0	0	0	0	0	0	0	0.01694814	-0.08092254	0.3849514	0	0	0
201.3986	-7.003683	-87.04391	9.271897	0	0	0	0	0	0	0	0.0001021642	-0.0004878049	0.002320505	0	0	0
201.4086	-7.003322	-86.99012	9.280106	0	0	0	0	0	0	0	0.0008916988	0.1325109	0.02025359	0	0	0
201.4186	-7.002596	-86.88256	9.296587	0	0	0	0	0	0	0	0.05336228	7.888402	1.212044	0	0	0
201.4286	-6.997918	-86.90485	9.40285	0	0	0	0	0	0	0	0.3813559	-1.598671	8.661923	0	0	0
201.4386	-6.867198	-86.90485	9.397149	0	0	0	0	0	0	0	15.80029	-0.013264	-0.6106118	0	0	0
201.4486	-6.799208	-86.86219	9.455753	0	0	0	0	0	0	0	6.101834	7.615671	1.120551	0	0	0
201.4586	-6.796934	-86.87328	9.5089	0	0	0	0	0	0	0	0.09233833	-0.04988616	0.9844806	0	0	0
201.4686	-6.796578	-86.81951	9.517196	0	0	0	0	0	0	0	0.005476647	0.7121337	0.1182514	0	0	0
201.4785	-6.796578	-86.81951	9.517196	0	0	0	0	0	0	0	9.198892E-06	0.001196141	0.0001986218	0	0	0
201.4885	-6.796223	-86.76574	9.525514	0	0	0	0	0	0	0	0.03233588	4.878174	0.7556741	0	0	0
201.4985	-6.796223	-86.76574	9.525514	0	0	0	0	0	0	0	0.0001949221	0.02940586	0.004555238	0	0	0
201.5085	-6.796223	-86.76574	9.525514	0	0	0	0	0	0	0	4.216904E-06	0.0006361601	9.854703E-05	0	0	0
201.5185	-6.728661	-86.77681	9.575884	0	0	0	0	0	0	0	6.041237	-0.3912497	1.627724	0	0	0
201.5285	-6.728661	-86.77681	9.575884	0	0	0	0	0	0	0	0.01396644	-0.000904511	0.003763054	0	0	0
201.5385	-6.721549	-86.75613	9.743704	0	0	0	0	0	0	0	0.895156	-1.686124	21.119	0	0	0
201.5485	-6.719296	-86.76711	9.796872	0	0	0	0	0	0	0	0.3145624	-1.473794	7.42255	0	0	0
201.5585	-6.654099	-86.76711	9.794123	0	0	0	0	0	0	0	1.692134	-0.0394247	0.1235799	0	0	0
201.5685	-6.58669	-86.77807	9.844576	0	0	0	0	0	0	0	4.300113	-0.1040887	0.3276882	0	0	0
201.5785	-6.58669	-86.77807	9.844576	0	0	0	0	0	0	0	0.04910598	-0.001188661	0.003742099	0	0	0
201.5885	-6.58669	-86.77807	9.844576	0	0	0	0	0	0	0	0.0002960132	-7.166263E-06	2.25574E-05	0	0	0
201.5985	-6.58669	-86.77807	9.844576	0	0	0	0	0	0	0	6.843383E-07	-1.656733E-08	5.214935E-08	0	0	0
201.6085	-6.58669	-86.77807	9.844576	0	0	0	0	0	0	0	7.776759E-09	0	-3.231631E-10	0	0	0
201.6185	-6.58669	-86.77807	9.844576	0	0	0	0	0	0	0	0	0	0	0	0	0
201.6285	-6.58669	-86.77807	9.844576	0	0	0	0	0	0	0	0	0	0	0	0	0
201.6385	-6.521513	-86.77807	9.841881	0	0	0	0	0	0	0	11.26798	0	-0.4635995	0	0	0
201.6485	-6.519324	-86.78901	9.895061	0	0	0	0	0	0	0	0.1981115	-0.1052063	0.5046445	0	0	0
201.6584	-6.519324	-86.78901	9.895061	0	0	0	0	0	0	0	0.0008676556	-0.0004607648	0.002210157	0	0	0
201.6684	-6.519324	-86.78901	9.895061	0	0	0	0	0	0	0	1.363769E-05	-7.242239E-06	3.473895E-05	0	0	0
201.6784	-6.519324	-86.78901	9.895061	0	0	0	0	0	0	0	5.972809E-08	-3.171834E-08	1.521439E-07	0	0	0
201.6884	-6.519324	-86.78901	9.895061	0	0	0	0	0	0	0	1.890805E-10	-9.444565E-10	4.595682E-09	0	0	0
201.6984	-6.519324	-86.78901	9.895061	0	0	0	0	0	0	0	0	0	0	0	0	0
201.7084	-6.519324	-86.78901	9.895061	0	0	0	0	0	0	0	0	0	0	0	0	0
201.7184	-6.519324	-86.78901	9.895061	0	0	0	0	0	0	0	0	0	0	0	0	0
201.7284	-6.519324	-86.78901	9.895061	0	0	0	0	0	0	0	0	0	0	0	0	0
201.7384	-6.519324	-86.78901	9.895061	0	0	0	0	0	0	0	0	0	0	0	0	0
201.7484	-6.519324	-86.78901	9.895061	0	0	0	0	0	0	0	0	0	0	0	0	0
201.7584	-6.519324	-86.78901	9.895061	0	0	0	0	0	0	0	0	0	0	0	0	0
201.7684	-6.519324	-86.78901	9.895061	0	0	0	0	0	0	0	0	0	0	0	0	0
201.7784	-6.519324	-86.78901	9.895061	0	0	0	0	0	0	0	0	0	0	0	0	0
201.7884	-6.519324	-86.78901	9.895061	0	0	0	0	0	0	0	0	0	0	0	0	0
201.7984	-6.521513	-86.77807	9.841881	0	0	0	0	0	0	0	-0.008041056	0.04024812	-0.1954413	0	0	0
201.8084	-6.456673	-86.83184	9.830872	0	0	0	0	0	0	0	0.4728303	-0.3916834	-0.08234712	0	0	0
201.8184	-6.326305	-86.83184	9.825615	0	0	0	0	0	0	0	6.5192	-0.002361086	-0.260545	0	0	0
201.8284	-6.259347	-86.89655	9.867892	0	0	0	0	0	0	0	2.030301	-1.928628	9.170072	0	0	0
201.8383	-6.19418	-86.89655	9.865332	0	0	0	0	0	0	0	4.440572	-0.02202435	-0.06792087	0	0	0
201.8483	-6.19418	-86.89655	9.865332	0	0	0	0	0	0	0	0.03684296	-0.0001827337	-0.0005635323	0	0	0
201.8583	-6.259347	-86.89655	9.867892	0	0	0	0	0	0	0	-15.2133	-1.516123E-06	0.6008659	0	0	0
201.8683	-6.257247	-86.90746	9.921081	0	0	0	0	0	0	0	-0.1153654	-0.05615632	0.2788221	0	0	0
201.8783	-6.255146	-86.91837	9.974274	0	0	0	0	0	0	0	0.353494	-1.839089	8.986737	0	0	0
201.8883	-6.255146	-86.91837	9.974274	0	0	0	0	0	0	0	0.002130878	-0.01108611	0.05417247	0	0	0
201.8983	-6.253045	-86.92924	10.02747	0	0	0	0	0	0	0	0.1392926	-0.7202453	3.526789	0	0	0
201.9083	-6.316023	-86.94009	10.08326	0	0	0	0	0	0	0	-5.494354	-1.377165	6.987468	0	0	0
201.9183	-6.381102	-86.94009	10.08587	0	0	0	0	0	0	0	-5.590849	-0.01572681	0.3027113	0	0	0
201.9283	-6.444012	-86.95093	10.14171	0	0	0	0	0	0	0	-1.21888	-0.03945887	0.243982	0	0	0
201.9383	-6.444012	-86.95093	10.14171	0	0	0	0	0	0	0	-0.01915819	-0.0006202093	0.003834876	0	0	0
201.9483	-6.444012	-86.95093	10.14171	0	0	0	0	0	0	0	-0.0003011258	-9.748364E-06	6.027607E-05	0	0	0
201.9583	-6.444012	-86.95093	10.14171	0	0	0	0	0	0	0	-3.438766E-06	-1.113234E-07	6.883344E-07	0	0	0
201.9683	-6.439678	-86.97253	10.24813	0	0	0	0	0	0	0	0.3775303	-1.877241	9.268827	0	0	0
201.9783	-6.438185	-87.09084	10.28477	0	0	0	0	0	0	0	0.0478567	-5.382185	1.17494	0	0	0
201.9883	-6.436018	-87.10159	10.33799	0	0	0	0	0	0	0	0.007888068	-0.08174091	0.1936616	0	0	0
201.9983	-6.436018	-87.10159	10.33799	0	0	0	0	0	0	0	9.007935E-05	-0.0009334564	0.002211557	0	0	0
202.0083	-6.436018	-87.10159	10.33799	0	0	0	0	0	0	0	7.473789E-07	-7.744789E-06	1.834905E-05	0	0	0
202.0182	-6.436018	-87.10159	10.33799	0	0	0	0	0	0	0	6.200924E-09	-6.425771E-08	1.522402E-07	0	0	0
202.0282	-6.433849	-87.1123	10.39122	0	0	0	0	0	0	0	0.02896593	-0.1431253	0.7111485	0	0	0
202.0382	-6.433849	-87.1123	10.39122	0	0	0	0	0	0	0	0.0002403273	-0.001187496	0.005900324	0	0	0
202.0482	-6.496612	-87.12301	10.44711	0	0	0	0	0	0	0	-3.939572	-1.4603	7.445412	0	0	0
202.0582	-6.428016	-87.25191	10.53444	0	0	0	0	0	0	0	9.042719	-2.997109	-0.242599	0	0	0
202.0682	-6.428016	-87.25191	10.53444	0	0	0	0	0	0	0	0.04974424	-0.00692887	-0.001735492	0	0	0
202.0782	-6.492909	-87.25191	10.5371	0	0	0	0	0	0	0	-1.629897	-0.000108907	0.06706354	0	0	0
202.0882	-6.492909	-87.25191	10.5371	0	0	0	0	0	0	0	-0.01861292	-1.243685E-06	0.0007658453	0	0	0
202.0982	-6.492909	-87.25191	10.5371	0	0	0	0	0	0	0	-0.000212554	-1.420251E-08	8.745721E-06	0	0	0
202.1082	-6.492909	-87.25191	10.5371	0	0	0	0	0	0	0	-1.763538E-06	0	7.25574E-08	0	0	0
202.1182	-6.492909	-87.25191	10.5371	0	0	0	0	0	0	0	-1.463189E-08	0	6.020011E-10	0	0	0
202.1282	-6.492909	-87.25191	10.5371	0	0	0	0	0	0	0	0	0	0	0	0	0
202.1382	-6.492909	-87.25191	10.5371	0	0	0	0	0	0	0	0	0	0	0	0	0
202.1482	-6.492909	-87.25191	10.5371	0	0	0	0	0	0	0	0	0	0	0	0	0
202.1582	-6.490718	-87.26255	10.59034	0	0	0	0	0	0	0	0.0217689	-0.1055909	0.5291023	0	0	0
202.1682	-6.490718	-87.26255	10.59034	0	0	0	0	0	0	0	9.533978E-05	-0.0004624492	0.002317274	0	0	0
202.1782	-6.490718	-87.26255	10.59034	0	0	0	0	0	0	0	2.204113E-07	-1.069114E-06	5.357191E-06	0	0	0
202.1882	-6.488528	-87.27316	10.64358	0	0	0	0	0	0	0	0.2726736	-1.319804	6.627448	0	0	0
202.1982	-6.488528	-87.27316	10.64358	0	0	0	0	0	0	0	0.002262344	-0.01095027	0.05498724	0	0	0
202.2081	-6.553376	-87.27316	10.64627	0	0	0	0	0	0	0	-2.286116	-0.0001721149	0.09586527	0	0	0
202.2181	-6.553376	-87.27316	10.64627	0	0	0	0	0	0	0	-0.01378082	-1.037517E-06	0.0005778804	0	0	0
202.2281	-6.551163	-87.28375	10.69952	0	0	0	0	0	0	0	0.3093835	-1.48006	7.447914	0	0	0
202.2381	-6.551163	-87.28375	10.69952	0	0	0	0	0	0	0	0.008397709	-0.04016521	0.2021181	0	0	0
202.2481	-6.551163	-87.28375	10.69952	0	0	0	0	0	0	0	6.967491E-05	-0.0003332465	0.001676953	0	0	0
202.2581	-6.551163	-87.28375	10.69952	0	0	0	0	0	0	0	4.200689E-07	-2.008826E-06	1.010875E-05	0	0	0
202.2681	-6.486337	-87.28375	10.69683	0	0	0	0	0	0	0	5.844597	-1.666702E-08	-0.2404647	0	0	0
202.2781	-6.486337	-87.28375	10.69683	0	0	0	0	0	0	0	0.04849201	0	-0.001995111	0	0	0
202.2881	-6.486337	-87.28375	10.69683	0	0	0	0	0	0	0	0.0004023332	0	-1.655323E-05	0	0	0
202.2981	-6.486675	-87.33754	10.68863	0	0	0	0	0	0	0	-0.0002508296	-0.04010701	-0.006112974	0	0	0
202.3081	-6.48482	-87.4019	10.73369	0	0	0	0	0	0	0	0.3386567	-8.511212	8.231194	0	0	0
202.3181	-6.4833	-87.52004	10.77064	0	0	0	0	0	0	0	0.01580388	-10.40866	0.3841199	0	0	0
202.3281	-6.481443	-87.58437	10.81579	0	0	0	0	0	0	0	0.003676827	-0.7847812	0.08936683	0	0	0
202.3381	-6.479585	-87.64868	10.86095	0	0	0	0	0	0	0	0.01468281	-0.1797914	0.3568719	0	0	0
202.3481	-6.477725	-87.71297	10.90615	0	0	0	0	0	0	0	0.09848014	-1.01109	2.393602	0	0	0
202.3581	-6.477725	-87.71297	10.90615	0	0	0	0	0	0	0	0.0008170794	-0.00838891	0.01985946	0	0	0
202.3681	-6.5428	-87.76678	10.90077	0	0	0	0	0	0	0	-14.91438	-1.01961	0.467319	0	0	0
202.3781	-6.538372	-87.78768	11.00733	0	0	0	0	0	0	0	0.2905793	-1.79823	9.157508	0	0	0
202.388	-6.529514	-87.82923	11.22049	0	0	0	0	0	0	0	0.1860398	-0.8736646	4.501645	0	0	0
202.398	-6.464902	-87.82923	11.21782	0	0	0	0	0	0	0	0.2375209	-0.005266491	0.01740993	0	0	0
202.408	-6.400289	-87.82923	11.21517	0	0	0	0	0	0	0	0.3213843	-6.014173E-05	-0.01277996	0	0	0
202.418	-6.400289	-87.82923	11.21517	0	0	0	0	0	0	0	0.00193732	-3.625081E-07	-7.703818E-05	0	0	0
202.428	-6.335675	-87.82923	11.21255	0	0	0	0	0	0	0	1.635615	-4.139733E-09	-0.06594685	0	0	0
202.438	-6.335675	-87.82923	11.21255	0	0	0	0	0	0	0	0.009859562	0	-0.0003975308	0	0	0
202.448	-6.335999	-87.88304	11.20452	0	0	0	0	0	0	0	-0.001558737	-0.2729232	-0.04069211	0	0	0
202.458	-6.3317	-87.90369	11.31113	0	0	0	0	0	0	0	0.2096588	-1.006357	5.199947	0	0	0
202.468	-6.332023	-87.9575	11.30312	0	0	0	0	0	0	0	-0.001907091	-0.3785948	-0.04729968	0	0	0
202.478	-6.332023	-87.9575	11.30312	0	0	0	0	0	0	0	-4.408909E-06	-0.0008752547	-0.0001093498	0	0	0
202.488	-6.332023	-87.9575	11.30312	0	0	0	0	0	0	0	-5.03484E-08	-9.995143E-06	-1.248741E-06	0	0	0
202.498	-6.267445	-87.9575	11.30053	0	0	0	0	0	0	0	1.189333	-5.998263E-08	-0.04746326	0	0	0
202.508	-6.267445	-87.9575	11.30053	0	0	0	0	0	0	0	0.009867771	0	-0.0003937976	0	0	0
202.518	-6.267445	-87.9575	11.30053	0	0	0	0	0	0	0	3.355406E-06	0	-1.339057E-07	0	0	0
202.528	-6.202866	-87.9575	11.29796	0	0	0	0	0	0	0	0.08926535	0	-0.003525589	0	0	0
202.538	-6.138286	-87.9575	11.29543	0	0	0	0	0	0	0	4.194083	0	-0.1639206	0	0	0
202.548	-6.138286	-87.9575	11.29543	0	0	0	0	0	0	0	0.03479787	0	-0.001360032	0	0	0
202.558	-6.138286	-87.9575	11.29543	0	0	0	0	0	0	0	0.0003973811	0	-1.553115E-05	0	0	0
202.5679	-6.138286	-87.9575	11.29543	0	0	0	0	0	0	0	2.395432E-06	0	-9.362253E-08	0	0	0
202.5779	-6.138286	-87.9575	11.29543	0	0	0	0	0	0	0	2.735511E-08	0	-1.069141E-09	0	0	0
202.5879	-6.138286	-87.9575	11.29543	0	0	0	0	0	0	0	0	0	0	0	0	0
202.5979	-6.138286	-87.9575	11.29543	0	0	0	0	0	0	0	0	0	0	0	0	0
202.6079	-6.136202	-87.9678	11.34874	0	0	0	0	0	0	0	0.2493695	-1.229973	6.380384	0	0	0
202.6179	-6.136826	-88.07543	11.33278	0	0	0	0	0	0	0	-0.07679389	-13.79707	-1.964853	0	0	0
202.6279	-6.135362	-88.19336	11.37023	0	0	0	0	0	0	0	-0.03206576	-10.35481	-0.8204367	0	0	0
202.6379	-6.136286	-88.35487	11.34659	0	0	0	0	0	0	0	-0.08775022	-15.45828	-2.245183	0	0	0
202.6479	-6.135118	-88.52665	11.37647	0	0	0	0	0	0	0	0.4255665	-15.11037	10.88857	0	0	0
202.6579	-6.135422	-88.5805	11.3687	0	0	0	0	0	0	0	-0.03506865	-6.979573	-0.8972688	0	0	0
202.6679	-6.135422	-88.5805	11.3687	0	0	0	0	0	0	0	-0.0002909609	-0.05790878	-0.007444545	0	0	0
202.6779	-6.135422	-88.5805	11.3687	0	0	0	0	0	0	0	-3.322686E-06	-0.0006613008	-8.501444E-05	0	0	0
202.6879	-6.135422	-88.5805	11.3687	0	0	0	0	0	0	0	-2.002931E-08	-3.986352E-06	-5.124711E-07	0	0	0
202.6979	-6.135422	-88.5805	11.3687	0	0	0	0	0	0	0	-2.556303E-10	-4.539083E-08	-6.540574E-09	0	0	0
202.7079	-6.135422	-88.5805	11.3687	0	0	0	0	0	0	0	0	0	0	0	0	0
202.7179	-6.199972	-88.5805	11.37123	0	0	0	0	0	0	0	-10.8074	0	0.426845	0	0	0
202.7279	-6.197866	-88.59072	11.42456	0	0	0	0	0	0	0	-0.05743635	-0.03728319	0.1972536	0	0	0
202.7379	-6.19576	-88.60092	11.47789	0	0	0	0	0	0	0	0.0196647	-0.0987379	0.5167489	0	0	0
202.7478	-6.067046	-88.65478	11.4651	0	0	0	0	0	0	0	10.86521	-0.1415875	-0.4399039	0	0	0
202.7578	-6.002831	-88.70863	11.45489	0	0	0	0	0	0	0	0.9533304	-0.5228362	-0.1114839	0	0	0
202.7678	-5.938315	-88.70863	11.45243	0	0	0	0	0	0	0	0.638717	-0.005970631	-0.02503096	0	0	0
202.7778	-5.938315	-88.70863	11.45243	0	0	0	0	0	0	0	0.003850216	-3.599118E-05	-0.0001508882	0	0	0
202.7878	-5.938315	-88.70863	11.45243	0	0	0	0	0	0	0	2.320929E-05	-2.169565E-07	-9.09561E-07	0	0	0
202.7978	-5.938315	-88.70863	11.45243	0	0	0	0	0	0	0	2.65043E-07	-2.477577E-09	-1.038691E-08	0	0	0
202.8078	-6.002535	-88.65478	11.46262	0	0	0	0	0	0	0	-1.215178	1.862177	0.3144477	0	0	0
202.8178	-6.065843	-88.43938	11.49622	0	0	0	0	0	0	0	-3.041873	7.375104	1.191178	0	0	0
202.8278	-6.193593	-88.22403	11.53274	0	0	0	0	0	0	0	-8.160307	10.09631	1.808837	0	0	0
202.8378	-6.323424	-87.99853	11.51639	0	0	0	0	0	0	0	-11.81579	13.24411	2.296587	0	0	0
202.8478	-6.323101	-87.94471	11.5244	0	0	0	0	0	0	0	-0.1287545	1.177494	0.1792877	0	0	0
202.8578	-6.322777	-87.8909	11.53244	0	0	0	0	0	0	0	0.0004467691	0.2099485	0.03141026	0	0	0
202.8678	-6.322777	-87.8909	11.53244	0	0	0	0	0	0	0	5.101968E-06	0.002397548	0.0003586957	0	0	0
202.8778	-6.322777	-87.8909	11.53244	0	0	0	0	0	0	0	3.07831E-08	1.44524E-05	2.162934E-06	0	0	0
202.8878	-6.322777	-87.8909	11.53244	0	0	0	0	0	0	0	9.948432E-10	1.65042E-07	2.467411E-08	0	0	0
202.8978	-6.322777	-87.8909	11.53244	0	0	0	0	0	0	0	0	0	0	0	0	0
202.9078	-6.322777	-87.8909	11.53244	0	0	0	0	0	0	0	0	0	0	0	0	0
202.9178	-6.322777	-87.8909	11.53244	0	0	0	0	0	0	0	0	0	0	0	0	0
202.9277	-6.322777	-87.8909	11.53244	0	0	0	0	0	0	0	0	0	0	0	0	0
202.9377	-6.322777	-87.8909	11.53244	0	0	0	0	0	0	0	0	0	0	0	0	0
202.9477	-6.322453	-87.83709	11.54049	0	0	0	0	0	0	0	0.005914004	0.9783903	0.1466791	0	0	0
202.9577	-6.322453	-87.83709	11.54049	0	0	0	0	0	0	0	4.906787E-05	0.008117602	0.001216982	0	0	0
202.9677	-6.326752	-87.81662	11.43385	0	0	0	0	0	0	0	-0.5230782	2.495584	-12.97339	0	0	0
202.9777	-6.328902	-87.80635	11.38053	0	0	0	0	0	0	0	-0.3773675	1.804353	-9.359471	0	0	0
202.9877	-6.331051	-87.79607	11.32722	0	0	0	0	0	0	0	-0.1093912	0.5241931	-2.713122	0	0	0
202.9977	-6.33535	-87.77542	11.22061	0	0	0	0	0	0	0	-0.1237201	0.5954522	-3.068507	0	0	0
203.0077	-6.341796	-87.74429	11.06072	0	0	0	0	0	0	0	-0.3678825	1.782166	-9.124226	0	0	0
203.0177	-6.279245	-87.73387	11.00484	0	0	0	0	0	0	0	0.4042213	0.2478272	-1.284235	0	0	0
203.0277	-6.281372	-87.72343	10.95156	0	0	0	0	0	0	0	-0.006111546	0.03983466	-0.2031455	0	0	0
203.0377	-6.283819	-87.76678	10.89022	0	0	0	0	0	0	0	-0.04989062	-3.511182	-1.250944	0	0	0
203.0477	-6.288071	-87.74579	10.78368	0	0	0	0	0	0	0	-0.1291827	0.6226582	-3.23706	0	0	0
203.0577	-6.288071	-87.74579	10.78368	0	0	0	0	0	0	0	-0.001475229	0.007110568	-0.03696625	0	0	0
203.0677	-6.160883	-87.78908	10.71726	0	0	0	0	0	0	0	12.22564	-0.3384156	-0.6786693	0	0	0
203.0777	-6.096064	-87.78908	10.71474	0	0	0	0	0	0	0	4.377465	-0.003864603	-0.1715787	0	0	0
203.0877	-5.966726	-87.84289	10.70176	0	0	0	0	0	0	0	2.563583	-0.1956257	-0.1261656	0	0	0
203.0977	-5.899907	-87.85342	10.75259	0	0	0	0	0	0	0	0.7969517	-0.6840455	3.423926	0	0	0
203.1077	-5.835103	-87.85342	10.75018	0	0	0	0	0	0	0	0.1710003	-0.002995868	0.008794721	0	0	0
203.1176	-5.833426	-87.91775	10.79547	0	0	0	0	0	0	0	0.01762461	-1.908928	0.4233949	0	0	0
203.1276	-5.833426	-87.91775	10.79547	0	0	0	0	0	0	0	0.000106242	-0.01150711	0.002552245	0	0	0
203.1376	-5.831748	-87.98206	10.84078	0	0	0	0	0	0	0	0.04679713	-0.639838	1.263937	0	0	0
203.1476	-5.831748	-87.98206	10.84078	0	0	0	0	0	0	0	0.0003882701	-0.005308669	0.01048676	0	0	0
203.1576	-5.829775	-87.99252	10.89406	0	0	0	0	0	0	0	0.1795079	-0.9510204	4.848313	0	0	0
203.1676	-5.823856	-88.02377	11.05394	0	0	0	0	0	0	0	0.3733001	-1.964808	10.08243	0	0	0
203.1776	-5.87656	-88.0857	11.37622	0	0	0	0	0	0	0	-0.6989314	-2.663671	13.8944	0	0	0
203.1876	-5.86458	-88.14685	11.69624	0	0	0	0	0	0	0	0.2388998	-1.281562	6.75257	0	0	0
203.1976	-5.852594	-88.20721	12.01641	0	0	0	0	0	0	0	0.4856012	-2.429925	12.97553	0	0	0
203.2076	-5.836604	-88.28648	12.44353	0	0	0	0	0	0	0	1.952982	-9.593428	52.16784	0	0	0
203.2176	-5.820604	-88.36435	12.87091	0	0	0	0	0	0	0	1.08086	-5.212079	28.87176	0	0	0
203.2276	-5.744797	-88.42184	13.18923	0	0	0	0	0	0	0	2.821371	-2.974997	16.63218	0	0	0
203.2376	-5.740838	-88.44083	13.29616	0	0	0	0	0	0	0	0.1571524	-0.5241062	2.956681	0	0	0
203.2476	-5.673164	-88.45973	13.40076	0	0	0	0	0	0	0	8.363333	-0.8998849	4.804557	0	0	0
203.2576	-5.665039	-88.44345	13.62267	0	0	0	0	0	0	0	1.12505	-4.398111	28.17811	0	0	0
203.2676	-5.597252	-88.40826	13.73534	0	0	0	0	0	0	0	15.41996	-0.2478788	5.166354	0	0	0
203.2776	-5.593088	-88.373	13.85037	0	0	0	0	0	0	0	0.6613893	-0.9729777	13.46811	0	0	0
203.2876	-5.527355	-88.32843	13.90963	0	0	0	0	0	0	0	0.3410443	0.07406773	2.70921	0	0	0
203.2975	-5.525151	-88.28384	13.9712	0	0	0	0	0	0	0	0.3473194	-1.111241	9.557004	0	0	0
203.3075	-5.398189	-88.28384	13.96671	0	0	0	0	0	0	0	4.431176	-0.003535958	-0.1244922	0	0	0
203.3175	-5.269395	-88.29305	14.01585	0	0	0	0	0	0	0	15.39492	-1.464895	8.017362	0	0	0
203.3275	-4.888607	-88.29305	14.00332	0	0	0	0	0	0	0	27.80156	-0.006415703	-0.8431439	0	0	0
203.3375	-4.317595	-88.34686	13.97822	0	0	0	0	0	0	0	44.86555	-1.852206	-1.53164	0	0	0
203.3475	-3.619865	-88.5083	13.93622	0	0	0	0	0	0	0	46.21275	-10.18443	-2.594847	0	0	0
203.3575	-2.858181	-88.61595	13.90432	0	0	0	0	0	0	0	58.74281	-5.713879	-1.930258	0	0	0
203.3675	-1.905147	-88.78663	13.91946	0	0	0	0	0	0	0	60.42722	-6.192774	-1.651462	0	0	0
203.3775	-0.8887777	-88.79578	13.96382	0	0	0	0	0	0	0	42.34996	-0.3300891	1.603594	0	0	0
203.3875	-0.2538497	-88.80492	14.01504	0	0	0	0	0	0	0	45.99044	-0.1242998	0.6531812	0	0	0
203.3975	0.317312	-88.80492	14.01516	0	0	0	0	0	0	0	32.19728	-0.0007492852	0.07059092	0	0	0
203.4075	0.6981556	-88.9126	14.0007	0	0	0	0	0	0	0	19.43542	-7.056272	-0.9384142	0	0	0
203.4175	1.015598	-89.02029	13.98684	0	0	0	0	0	0	0	24.4838	-8.034825	-1.000945	0	0	0
203.4275	1.20608	-89.07414	13.98044	0	0	0	0	0	0	0	10.96273	-1.957726	-0.1966706	0	0	0
203.4375	1.460491	-89.06501	13.92907	0	0	0	0	0	0	0	11.1157	0.009535464	-0.002177285	0	0	0
203.4475	1.650983	-89.06501	13.93099	0	0	0	0	0	0	0	11.70483	0.0001498771	0.1234564	0	0	0
203.4575	1.71448	-89.06501	13.93168	0	0	0	0	0	0	0	0.5478837	6.564068E-07	0.006075671	0	0	0
203.4675	1.71448	-89.06501	13.93168	0	0	0	0	0	0	0	0.004545734	5.446139E-09	5.040921E-05	0	0	0
203.4774	1.71448	-89.06501	13.93168	0	0	0	0	0	0	0	3.771548E-05	0	4.187484E-07	0	0	0
203.4874	1.777976	-89.06501	13.9324	0	0	0	0	0	0	0	2.145289	0	0.02470102	0	0	0
203.4974	1.778066	-89.11887	13.92464	0	0	0	0	0	0	0	0.02613424	-0.9873021	-0.1416708	0	0	0
203.5074	1.778066	-89.11887	13.92464	0	0	0	0	0	0	0	0.0005653824	-0.02135908	-0.003064876	0	0	0
203.5174	1.778066	-89.11887	13.92464	0	0	0	0	0	0	0	1.799041E-06	-6.796436E-05	-9.752403E-06	0	0	0
203.5274	1.778066	-89.11887	13.92464	0	0	0	0	0	0	0	3.892006E-08	-1.470326E-06	-2.109814E-07	0	0	0
203.5374	1.778066	-89.11887	13.92464	0	0	0	0	0	0	0	7.745258E-12	-4.678563E-09	-6.726773E-10	0	0	0
203.5474	1.778066	-89.11887	13.92464	0	0	0	0	0	0	0	0	0	0	0	0	0
203.5574	1.842296	-89.16357	13.8641	0	0	0	0	0	0	0	11.25975	-11.29805	-5.172464	0	0	0
203.5674	1.908087	-89.29756	13.68115	0	0	0	0	0	0	0	6.096406	-13.36337	-13.45071	0	0	0
203.5774	2.101894	-89.31433	13.46184	0	0	0	0	0	0	0	13.68764	-0.5794559	-18.37606	0	0	0
203.5874	2.359209	-89.34014	13.29732	0	0	0	0	0	0	0	12.35905	0.157871	-2.414749	0	0	0
203.5974	2.614236	-89.34014	13.30141	0	0	0	0	0	0	0	18.8844	0.003415348	0.2620954	0	0	0
203.6074	2.741747	-89.34014	13.30361	0	0	0	0	0	0	0	1.262415	1.08676E-05	0.0221446	0	0	0
203.6174	2.741747	-89.34014	13.30361	0	0	0	0	0	0	0	0.002120425	1.825385E-08	3.719535E-05	0	0	0
203.6274	2.677991	-89.34014	13.3025	0	0	0	0	0	0	0	-1.161752	1.123488E-09	-0.02006586	0	0	0
203.6374	2.677991	-89.34014	13.3025	0	0	0	0	0	0	0	-0.003696682	0	-6.384935E-05	0	0	0
203.6474	2.677991	-89.34014	13.3025	0	0	0	0	0	0	0	-7.997322E-05	0	-1.381303E-06	0	0	0
203.6573	2.677991	-89.34014	13.3025	0	0	0	0	0	0	0	-9.132698E-07	0	-1.577406E-08	0	0	0
203.6673	2.677067	-89.34952	13.35601	0	0	0	0	0	0	0	-0.1153013	-1.167964	6.675592	0	0	0
203.6773	2.612303	-89.305	13.41607	0	0	0	0	0	0	0	-3.172384	12.90233	2.128375	0	0	0
203.6873	2.548594	-89.305	13.415	0	0	0	0	0	0	0	-1.078822	0.07777583	-0.00459373	0	0	0
203.6973	2.484885	-89.305	13.41397	0	0	0	0	0	0	0	-0.2393087	0.0006452979	-0.003728942	0	0	0
203.7073	2.484885	-89.305	13.41397	0	0	0	0	0	0	0	-0.001985519	5.353969E-06	-3.093864E-05	0	0	0
203.7173	2.548594	-89.305	13.415	0	0	0	0	0	0	0	0.3227922	6.142575E-08	0.00530976	0	0	0
203.7273	2.548594	-89.305	13.415	0	0	0	0	0	0	0	0.001945807	0	3.200743E-05	0	0	0
203.7373	2.548594	-89.305	13.415	0	0	0	0	0	0	0	1.614415E-05	0	2.655623E-07	0	0	0
203.7473	2.548594	-89.305	13.415	0	0	0	0	0	0	0	1.339464E-07	0	2.203343E-09	0	0	0
203.7573	2.548594	-89.305	13.415	0	0	0	0	0	0	0	0	0	0	0	0	0
203.7673	2.548594	-89.305	13.415	0	0	0	0	0	0	0	0	0	0	0	0	0
203.7773	2.483903	-89.26046	13.47514	0	0	0	0	0	0	0	-1.03775	8.356979	11.4633	0	0	0
203.7873	2.355486	-89.16203	13.54203	0	0	0	0	0	0	0	-3.345344	3.62849	1.525747	0	0	0
203.7973	2.226296	-89.01901	13.67041	0	0	0	0	0	0	0	-5.21576	8.152069	14.31351	0	0	0
203.8073	1.971278	-88.69595	13.71395	0	0	0	0	0	0	0	-13.61064	15.94978	2.246269	0	0	0
203.8173	1.842897	-88.38225	13.8137	0	0	0	0	0	0	0	-15.36709	18.47992	9.324372	0	0	0
203.8273	1.842415	-88.11321	13.85412	0	0	0	0	0	0	0	-0.1611658	18.83075	2.903256	0	0	0
203.8372	1.842123	-87.95184	13.87863	0	0	0	0	0	0	0	-0.004469439	2.295431	0.3502574	0	0	0
203.8472	1.840845	-87.97026	13.98573	0	0	0	0	0	0	0	-0.09152273	-1.302658	7.6745	0	0	0
203.8572	1.840845	-87.97026	13.98573	0	0	0	0	0	0	0	-0.002445773	-0.03502876	0.2050888	0	0	0
203.8672	1.840845	-87.97026	13.98573	0	0	0	0	0	0	0	-2.029215E-05	-0.00029063	0.0017016	0	0	0
203.8772	1.840845	-87.97026	13.98573	0	0	0	0	0	0	0	-1.683619E-07	-2.411326E-06	1.4118E-05	0	0	0
203.8872	1.841484	-87.96106	13.93218	0	0	0	0	0	0	0	0.1544711	2.228055	-12.95319	0	0	0
203.8972	1.970628	-87.98711	13.76493	0	0	0	0	0	0	0	10.5648	1.100247	-14.267	0	0	0
203.9072	2.163796	-88.06678	13.59056	0	0	0	0	0	0	0	14.86407	-9.70697	-9.057967	0	0	0
203.9172	2.483823	-88.10185	13.48018	0	0	0	0	0	0	0	23.81145	-0.5191549	-1.06172	0	0	0
203.9272	2.868039	-88.13684	13.37165	0	0	0	0	0	0	0	28.80146	1.370869	-8.946103	0	0	0
203.9372	3.250561	-88.19065	13.37112	0	0	0	0	0	0	0	29.35426	-1.85489	0.2569556	0	0	0
203.9472	3.696829	-88.24446	13.37306	0	0	0	0	0	0	0	26.06579	-1.843065	0.345264	0	0	0
203.9572	3.953298	-88.28883	13.31781	0	0	0	0	0	0	0	14.48822	-0.9579225	-0.05064024	0	0	0
203.9672	4.275424	-88.37752	13.20329	0	0	0	0	0	0	0	13.07907	-7.892384	-6.300442	0	0	0
203.9772	4.468808	-88.47566	13.13928	0	0	0	0	0	0	0	10.16818	-7.242769	-1.788297	0	0	0
203.9872	4.731083	-88.54509	12.91715	0	0	0	0	0	0	0	15.83735	-10.34287	-20.17237	0	0	0
203.9972	4.990414	-88.57967	12.81035	0	0	0	0	0	0	0	10.91639	2.280722	-15.66144	0	0	0
204.0072	5.182546	-88.63351	12.80877	0	0	0	0	0	0	0	10.43609	-1.30804	-0.02984095	0	0	0
204.0172	5.376264	-88.62386	12.76184	0	0	0	0	0	0	0	18.00112	0.457912	-1.957824	0	0	0
204.0271	5.504494	-88.6777	12.75847	0	0	0	0	0	0	0	9.602387	-0.4952358	0.2374097	0	0	0
204.0371	5.568752	-88.73154	12.75293	0	0	0	0	0	0	0	2.334185	-9.23292	-1.256622	0	0	0
204.0471	5.633016	-88.78539	12.74744	0	0	0	0	0	0	0	2.216039	-1.939998	-0.2005271	0	0	0
204.0571	5.633016	-88.78539	12.74744	0	0	0	0	0	0	0	0.01335839	-0.0116944	-0.001208787	0	0	0
204.0671	5.633016	-88.78539	12.74744	0	0	0	0	0	0	0	1.630182E-05	-1.427118E-05	-1.475119E-06	0	0	0
204.0771	5.633016	-88.78539	12.74744	0	0	0	0	0	0	0	3.768736E-08	-3.299283E-08	-3.410255E-09	0	0	0
204.0871	5.631081	-88.79505	12.80088	0	0	0	0	0	0	0	-0.006883034	-0.03432209	0.1901322	0	0	0
204.0971	5.631362	-88.8489	12.79311	0	0	0	0	0	0	0	0.005193097	-1.006654	-0.1434505	0	0	0
204.1071	5.631362	-88.8489	12.79311	0	0	0	0	0	0	0	6.337359E-06	-0.001228463	-0.0001750588	0	0	0
204.1171	5.631362	-88.8489	12.79311	0	0	0	0	0	0	0	7.237071E-08	-1.402867E-05	-1.999119E-06	0	0	0
204.1271	5.631362	-88.8489	12.79311	0	0	0	0	0	0	0	4.410515E-10	-8.454156E-08	-1.21833E-08	0	0	0
204.1371	5.631362	-88.8489	12.79311	0	0	0	0	0	0	0	0	0	0	0	0	0
204.1471	5.631362	-88.8489	12.79311	0	0	0	0	0	0	0	0	0	0	0	0	0
204.1571	5.631362	-88.8489	12.79311	0	0	0	0	0	0	0	0	0	0	0	0	0
204.1671	5.633297	-88.83924	12.73967	0	0	0	0	0	0	0	0.1768177	0.8837538	-4.884291	0	0	0
204.1771	5.699806	-88.93728	12.67309	0	0	0	0	0	0	0	2.389954	-10.09969	-3.360109	0	0	0
204.1871	5.961117	-89.13332	12.54514	0	0	0	0	0	0	0	15.25356	-15.19354	-2.715222	0	0	0
204.1971	6.352954	-89.26565	12.37731	0	0	0	0	0	0	0	28.33055	-12.60887	-4.032971	0	0	0
204.207	6.609488	-89.26565	12.38797	0	0	0	0	0	0	0	15.63047	-0.07600686	0.6311318	0	0	0
204.217	6.609488	-89.26565	12.38797	0	0	0	0	0	0	0	-6.056251	-4.896173E-05	-0.256677	0	0	0
204.227	6.609488	-89.26565	12.38797	0	0	0	0	0	0	0	-0.06916055	-5.591281E-07	-0.002931173	0	0	0
204.237	6.609488	-89.26565	12.38797	0	0	0	0	0	0	0	-0.0004169031	-3.533454E-09	-1.766836E-05	0	0	0
204.247	6.611751	-89.25584	12.33457	0	0	0	0	0	0	0	0.5257164	2.281718	-12.40525	0	0	0
204.257	6.676227	-89.30972	12.32975	0	0	0	0	0	0	0	11.61691	-4.765766	-0.2766868	0	0	0
204.267	6.676227	-89.30972	12.32975	0	0	0	0	0	0	0	0.1326615	-0.0544236	-0.003159679	0	0	0
204.277	6.676227	-89.30972	12.32975	0	0	0	0	0	0	0	0.00079969	-0.0003280681	-1.90467E-05	0	0	0
204.287	6.676227	-89.30972	12.32975	0	0	0	0	0	0	0	1.343206E-06	-5.510421E-07	-3.199193E-08	0	0	0
204.297	6.676227	-89.30972	12.32975	0	0	0	0	0	0	0	1.114021E-08	-4.5901E-09	-1.666964E-10	0	0	0
204.307	6.676227	-89.30972	12.32975	0	0	0	0	0	0	0	0	0	0	0	0	0
204.317	6.676227	-89.30972	12.32975	0	0	0	0	0	0	0	0	0	0	0	0	0
204.327	6.678512	-89.29989	12.27636	0	0	0	0	0	0	0	0.01149638	0.04953014	-0.2686649	0	0	0
204.337	6.680796	-89.29003	12.22297	0	0	0	0	0	0	0	0.05815556	0.2511262	-1.359068	0	0	0
204.347	6.683081	-89.28016	12.16959	0	0	0	0	0	0	0	0.08013579	0.3468308	-1.872735	0	0	0
204.357	6.685365	-89.27026	12.11621	0	0	0	0	0	0	0	0.02221899	0.09638366	-0.5192472	0	0	0
204.367	6.685365	-89.27026	12.11621	0	0	0	0	0	0	0	0.0001339371	0.0005810053	-0.003130046	0	0	0
204.377	6.685365	-89.27026	12.11621	0	0	0	0	0	0	0	1.529521E-06	6.634904E-06	-3.574418E-05	0	0	0
204.3869	6.685365	-89.27026	12.11621	0	0	0	0	0	0	0	9.220026E-09	3.999552E-08	-2.154676E-07	0	0	0
204.3969	6.685365	-89.27026	12.11621	0	0	0	0	0	0	0	7.649759E-11	3.318386E-10	-1.787712E-09	0	0	0
204.4069	6.685365	-89.27026	12.11621	0	0	0	0	0	0	0	0	0	0	0	0	0
204.4169	6.685365	-89.27026	12.11621	0	0	0	0	0	0	0	0	0	0	0	0	0
204.4269	6.759156	-89.28434	11.89796	0	0	0	0	0	0	0	9.015733	-3.405079	-23.75948	0	0	0
204.4369	7.019207	-89.32822	11.84843	0	0	0	0	0	0	0	16.58142	-1.484733	-2.377157	0	0	0
204.4469	7.408184	-89.37209	11.8054	0	0	0	0	0	0	0	27.33114	-0.1030743	0.2433495	0	0	0
204.4569	7.802354	-89.34187	11.66416	0	0	0	0	0	0	0	30.48936	0.8651718	-3.06861	0	0	0
204.4669	8.063186	-89.38565	11.61642	0	0	0	0	0	0	0	13.04502	-0.139835	-0.7693021	0	0	0
204.4769	8.458877	-89.40907	11.46945	0	0	0	0	0	0	0	21.51791	3.239884	-17.89633	0	0	0
204.4869	8.720274	-89.45277	11.42287	0	0	0	0	0	0	0	16.94073	0.433445	-4.224479	0	0	0
204.4969	8.849328	-89.45277	11.4301	0	0	0	0	0	0	0	2.844673	0.00189833	0.1377967	0	0	0
204.5069	8.849328	-89.45277	11.4301	0	0	0	0	0	0	0	0.003471476	2.316613E-06	0.0001681592	0	0	0
204.5169	8.781818	-89.46297	11.47976	0	0	0	0	0	0	0	-0.9182087	-0.189228	0.9411975	0	0	0
204.5269	8.717313	-89.46297	11.47616	0	0	0	0	0	0	0	-0.8446757	-0.001570005	-0.03870242	0	0	0
204.5369	8.717313	-89.46297	11.47616	0	0	0	0	0	0	0	-0.00964594	-1.792898E-05	-0.0004419699	0	0	0
204.5469	8.717313	-89.46297	11.47616	0	0	0	0	0	0	0	-8.003135E-05	-1.487549E-07	-3.666978E-06	0	0	0
204.5569	8.717313	-89.46297	11.47616	0	0	0	0	0	0	0	-9.139338E-07	-1.698735E-09	-4.187578E-08	0	0	0
204.5668	8.717313	-89.46297	11.47616	0	0	0	0	0	0	0	-5.50626E-09	0	-3.059771E-10	0	0	0
204.5768	8.717313	-89.46297	11.47616	0	0	0	0	0	0	0	0	0	0	0	0	0
204.5868	8.717313	-89.46297	11.47616	0	0	0	0	0	0	0	0	0	0	0	0	0
204.5968	8.720274	-89.45277	11.42287	0	0	0	0	0	0	0	0.0152201	0.05249345	-0.2738958	0	0	0
204.6068	8.720274	-89.45277	11.42287	0	0	0	0	0	0	0	0.0001262796	0.0004355326	-0.002272485	0	0	0
204.6168	8.723235	-89.44255	11.36959	0	0	0	0	0	0	0	0.2697695	0.932477	-4.854682	0	0	0
204.6268	8.732117	-89.41175	11.20975	0	0	0	0	0	0	0	0.5508969	1.9168	-9.913756	0	0	0
204.6368	8.823562	-89.31817	10.7341	0	0	0	0	0	0	0	9.696273	5.056798	-25.18515	0	0	0
204.6468	8.897377	-89.28658	10.57807	0	0	0	0	0	0	0	6.859569	2.29726	-11.22649	0	0	0
204.6568	8.962252	-89.28658	10.58174	0	0	0	0	0	0	0	11.51133	0.01906013	0.5575609	0	0	0
204.6668	8.962252	-89.28658	10.58174	0	0	0	0	0	0	0	0.09550831	0.0001581399	0.004626024	0	0	0
204.6768	8.897377	-89.28658	10.57807	0	0	0	0	0	0	0	-11.04531	1.805909E-06	-0.6228977	0	0	0
204.6868	8.897377	-89.28658	10.57807	0	0	0	0	0	0	0	-0.1261341	2.062294E-08	-0.007113303	0	0	0
204.6968	8.900378	-89.27602	10.52485	0	0	0	0	0	0	0	0.01441118	0.05590023	-0.2811767	0	0	0
204.7068	8.900378	-89.27602	10.52485	0	0	0	0	0	0	0	6.311566E-05	0.0002448225	-0.001231451	0	0	0
204.7168	8.900378	-89.27602	10.52485	0	0	0	0	0	0	0	2.764234E-07	1.072232E-06	-5.393302E-06	0	0	0
204.7268	8.900378	-89.27602	10.52485	0	0	0	0	0	0	0	3.710593E-10	1.308491E-09	-6.579776E-09	0	0	0
204.7368	8.900378	-89.27602	10.52485	0	0	0	0	0	0	0	0	0	0	0	0	0
204.7467	8.903379	-89.26542	10.47164	0	0	0	0	0	0	0	0.02879797	0.1017689	-0.5106574	0	0	0
204.7567	8.903379	-89.26542	10.47164	0	0	0	0	0	0	0	0.0002389337	0.0008443655	-0.004236871	0	0	0
204.7667	8.90938	-89.24417	10.36523	0	0	0	0	0	0	0	0.519433	1.843436	-9.210797	0	0	0
204.7767	8.91238	-89.23351	10.31203	0	0	0	0	0	0	0	0.407397	1.448894	-7.22413	0	0	0
204.7867	8.980386	-89.22283	10.26252	0	0	0	0	0	0	0	0.6126824	0.9668607	-4.791156	0	0	0
204.7967	9.04539	-89.22283	10.26623	0	0	0	0	0	0	0	0.8761123	0.01104125	-0.004982048	0	0	0
204.8067	9.04539	-89.22283	10.26623	0	0	0	0	0	0	0	0.01000494	0.0001260878	-5.689347E-05	0	0	0
204.8167	9.04539	-89.22283	10.26623	0	0	0	0	0	0	0	6.031023E-05	7.600631E-07	-3.429566E-07	0	0	0
204.8267	9.110394	-89.22283	10.26996	0	0	0	0	0	0	0	8.954849	8.679691E-09	0.5160816	0	0	0
204.8367	9.110394	-89.22283	10.26996	0	0	0	0	0	0	0	0.46037	0	0.02653182	0	0	0
204.8467	9.181569	-89.20141	10.16735	0	0	0	0	0	0	0	2.072947	3.084976	-15.21423	0	0	0
204.8567	9.386151	-89.16911	10.0193	0	0	0	0	0	0	0	13.86968	0.8643619	-3.44763	0	0	0
204.8667	9.584677	-89.15829	9.977841	0	0	0	0	0	0	0	20.88429	0.9768536	-3.551913	0	0	0
204.8767	9.714919	-89.15829	9.985778	0	0	0	0	0	0	0	5.346856	0.01535405	0.2523068	0	0	0
204.8867	9.780037	-89.15829	9.989786	0	0	0	0	0	0	0	1.62591	6.724511E-05	0.1000817	0	0	0
204.8967	9.714919	-89.15829	9.985778	0	0	0	0	0	0	0	-4.206958	7.679187E-07	-0.2580814	0	0	0
204.9067	9.714919	-89.15829	9.985778	0	0	0	0	0	0	0	-0.02535974	4.62905E-09	-0.001555727	0	0	0
204.9167	9.714919	-89.15829	9.985778	0	0	0	0	0	0	0	-0.000398601	0	-2.445235E-05	0	0	0
204.9267	9.714919	-89.15829	9.985778	0	0	0	0	0	0	0	-6.265157E-06	0	-3.843386E-07	0	0	0
204.9366	9.718179	-89.14746	9.93263	0	0	0	0	0	0	0	0.4472446	1.487432	-7.290596	0	0	0
204.9466	9.718179	-89.14746	9.93263	0	0	0	0	0	0	0	0.008818141	0.02932708	-0.1437457	0	0	0
204.9566	9.724699	-89.12573	9.826347	0	0	0	0	0	0	0	0.4579031	1.529227	-7.464342	0	0	0
204.9666	9.724699	-89.12573	9.826347	0	0	0	0	0	0	0	0.01228671	0.04103307	-0.2002873	0	0	0
204.9766	9.724699	-89.12573	9.826347	0	0	0	0	0	0	0	0.0001019415	0.0003404471	-0.001661763	0	0	0
204.9866	9.724699	-89.12573	9.826347	0	0	0	0	0	0	0	1.164141E-06	3.887803E-06	-1.897683E-05	0	0	0
204.9966	9.727959	-89.11484	9.773212	0	0	0	0	0	0	0	0.06327746	0.2117621	-1.031494	0	0	0
205.0066	9.731218	-89.10392	9.720082	0	0	0	0	0	0	0	0.4463235	1.496746	-7.27558	0	0	0
205.0166	9.806288	-89.07103	9.564738	0	0	0	0	0	0	0	2.038312	1.551467	-7.397574	0	0	0
205.0266	9.871579	-89.07103	9.568784	0	0	0	0	0	0	0	15.27995	0.006794855	0.9170184	0	0	0
205.0366	9.871579	-89.07103	9.568784	0	0	0	0	0	0	0	0.2401682	0.0001068006	0.01441357	0	0	0
205.0466	9.874881	-89.06003	9.515674	0	0	0	0	0	0	0	0.1170167	0.3869188	-1.86519	0	0	0
205.0566	9.878182	-89.049	9.462569	0	0	0	0	0	0	0	0.2914429	0.9743467	-4.687499	0	0	0
205.0666	9.950162	-89.02688	9.36045	0	0	0	0	0	0	0	1.02641	3.423093	-16.40058	0	0	0
205.0766	10.08764	-89.00468	9.262516	0	0	0	0	0	0	0	10.24644	2.684775	-12.212	0	0	0
205.0866	10.15983	-88.98238	9.160528	0	0	0	0	0	0	0	3.603706	0.7179354	-3.195512	0	0	0
205.0966	10.44249	-88.91499	8.859148	0	0	0	0	0	0	0	9.366919	0.39354	-1.242056	0	0	0
205.1066	10.58069	-88.89234	8.76173	0	0	0	0	0	0	0	7.082264	1.080193	-4.602965	0	0	0
205.1165	10.71193	-88.89234	8.770486	0	0	0	0	0	0	0	5.964768	0.004730849	0.3781738	0	0	0
205.1265	10.71549	-88.88099	8.717466	0	0	0	0	0	0	0	0.3001455	0.7408237	-3.451974	0	0	0
205.1365	10.72715	-88.95462	8.543683	0	0	0	0	0	0	0	0.9397587	-10.45116	-13.99378	0	0	0
205.1465	10.87708	-88.95112	8.280271	0	0	0	0	0	0	0	19.3085	0.2109934	-9.225775	0	0	0
205.1565	11.02015	-88.97032	8.123048	0	0	0	0	0	0	0	18.49758	-0.1464827	-7.321145	0	0	0
205.1665	11.15979	-89.00099	8.018962	0	0	0	0	0	0	0	16.55787	-0.5776423	-0.9202879	0	0	0
205.1765	11.17822	-88.9425	7.754282	0	0	0	0	0	0	0	0.72027	1.975489	-8.91722	0	0	0
205.1865	11.17822	-88.9425	7.754282	0	0	0	0	0	0	0	0.0008789763	0.002410773	-0.01088207	0	0	0
205.1965	11.17822	-88.9425	7.754282	0	0	0	0	0	0	0	1.003764E-05	2.75303E-05	-0.0001242699	0	0	0
205.2065	11.17822	-88.9425	7.754282	0	0	0	0	0	0	0	8.327471E-08	2.291141E-07	-1.03096E-06	0	0	0
205.2165	11.25537	-88.90715	7.600145	0	0	0	0	0	0	0	9.669477	1.779618	-7.329719	0	0	0
205.2265	11.33688	-88.91363	7.385924	0	0	0	0	0	0	0	3.450313	2.004932	-13.26499	0	0	0
205.2365	11.34484	-88.9437	7.272905	0	0	0	0	0	0	0	0.1648866	0.4565889	-2.281059	0	0	0
205.2465	11.34484	-88.9437	7.272905	0	0	0	0	0	0	0	0.001882955	0.005214106	-0.026049	0	0	0
205.2565	11.34484	-88.9437	7.272905	0	0	0	0	0	0	0	4.073544E-05	0.0001128008	-0.0005635384	0	0	0
205.2665	11.34484	-88.9437	7.272905	0	0	0	0	0	0	0	4.651863E-07	1.288151E-06	-6.435438E-06	0	0	0
205.2765	11.34484	-88.9437	7.272905	0	0	0	0	0	0	0	3.748452E-09	1.202459E-08	-5.322153E-08	0	0	0
205.2865	11.34484	-88.9437	7.272905	0	0	0	0	0	0	0	0	0	0	0	0	0
205.2964	11.34484	-88.9437	7.272905	0	0	0	0	0	0	0	0	0	0	0	0	0
205.3064	11.34484	-88.9437	7.272905	0	0	0	0	0	0	0	0	0	0	0	0	0
205.3164	11.34484	-88.9437	7.272905	0	0	0	0	0	0	0	0	0	0	0	0	0
205.3264	11.34484	-88.9437	7.272905	0	0	0	0	0	0	0	0	0	0	0	0	0
205.3364	11.35229	-88.91976	7.16716	0	0	0	0	0	0	0	0.7554245	2.432523	-10.72572	0	0	0
205.3464	11.35973	-88.89574	7.061433	0	0	0	0	0	0	0	0.03542652	0.1145081	-0.5029952	0	0	0
205.3564	11.36346	-88.88369	7.008577	0	0	0	0	0	0	0	0.4625883	1.498032	-6.567953	0	0	0
205.3664	11.36769	-88.92555	6.948495	0	0	0	0	0	0	0	0.143942	-9.167253	-2.043728	0	0	0
205.3764	11.37885	-88.88923	6.789972	0	0	0	0	0	0	0	0.647164	2.053468	-9.188608	0	0	0
205.3864	11.3868	-88.91883	6.677105	0	0	0	0	0	0	0	0.9806681	-4.132402	-13.92379	0	0	0
205.3964	11.39052	-88.90663	6.624284	0	0	0	0	0	0	0	0.4711274	1.401011	-6.689193	0	0	0
205.4064	11.39052	-88.90663	6.624284	0	0	0	0	0	0	0	0.001089176	0.003238928	-0.01546441	0	0	0
205.4164	11.39052	-88.90663	6.624284	0	0	0	0	0	0	0	9.656973E-07	2.871734E-06	-1.371123E-05	0	0	0
205.4264	11.39103	-88.96056	6.617096	0	0	0	0	0	0	0	0.001869449	-0.1994779	-0.02654294	0	0	0
205.4364	11.39103	-88.96056	6.617096	0	0	0	0	0	0	0	2.134851E-05	-0.002277977	-0.0003031119	0	0	0
205.4464	11.39103	-88.96056	6.617096	0	0	0	0	0	0	0	2.437935E-07	-2.601381E-05	-3.461445E-06	0	0	0
205.4564	11.39103	-88.96056	6.617096	0	0	0	0	0	0	0	2.784048E-09	-2.970698E-07	-3.952866E-08	0	0	0
205.4664	11.32452	-88.96056	6.612426	0	0	0	0	0	0	0	-15.75199	-3.392447E-09	-1.102921	0	0	0
205.4763	11.32452	-88.96056	6.612426	0	0	0	0	0	0	0	-0.179883	0	-0.01259503	0	0	0
205.4863	11.32452	-88.96056	6.612426	0	0	0	0	0	0	0	-0.001084343	0	-7.592342E-05	0	0	0
205.4963	11.32452	-88.96056	6.612426	0	0	0	0	0	0	0	-1.238287E-05	0	-8.670224E-07	0	0	0
205.5063	11.26169	-88.94835	6.554964	0	0	0	0	0	0	0	-5.920505	0.5915195	-2.979541	0	0	0
205.5163	11.26537	-88.93611	6.50215	0	0	0	0	0	0	0	0.5990918	2.118846	-9.137934	0	0	0
205.5263	11.1359	-88.92385	6.440127	0	0	0	0	0	0	0	-15.23851	1.748199	-8.607472	0	0	0
205.5363	11.08376	-88.8746	6.224356	0	0	0	0	0	0	0	-14.80525	1.962076	-9.433722	0	0	0
205.5463	11.08737	-88.86223	6.171567	0	0	0	0	0	0	0	-0.07563604	0.05863942	-0.2563987	0	0	0
205.5563	11.09097	-88.84984	6.118783	0	0	0	0	0	0	0	0.2380672	0.821744	-3.497852	0	0	0
205.5663	11.09507	-88.89136	6.058838	0	0	0	0	0	0	0	0.08282197	-3.343645	-1.211557	0	0	0
205.5763	11.10229	-88.86648	5.953295	0	0	0	0	0	0	0	0.5769758	1.963545	-8.43961	0	0	0
205.5863	11.1095	-88.8415	5.847773	0	0	0	0	0	0	0	0.4348528	1.507806	-6.360732	0	0	0
205.5963	11.13474	-88.75342	5.478606	0	0	0	0	0	0	0	2.837846	9.966964	-41.51008	0	0	0
205.6063	11.14964	-88.75655	5.260622	0	0	0	0	0	0	0	1.311532	-0.2896743	-19.1842	0	0	0
205.6163	11.15685	-88.73102	5.155233	0	0	0	0	0	0	0	0.6807382	2.360382	-9.957375	0	0	0
205.6263	11.16045	-88.71822	5.102546	0	0	0	0	0	0	0	0.02249008	0.07964455	-0.3289695	0	0	0
205.6363	11.09332	-88.71822	5.097971	0	0	0	0	0	0	0	-0.4958717	0.0009095166	-0.03746972	0	0	0
205.6463	11.09381	-88.77216	5.090848	0	0	0	0	0	0	0	0.05586486	-6.569323	-0.8663377	0	0	0
205.6563	11.09381	-88.77216	5.090848	0	0	0	0	0	0	0	0.0001777614	-0.02090351	-0.002756677	0	0	0
205.6662	10.97368	-88.72075	4.871068	0	0	0	0	0	0	0	-16.27158	0.2746277	-2.219088	0	0	0
205.6762	10.90997	-88.70784	4.813903	0	0	0	0	0	0	0	-15.33545	0.176885	-1.747466	0	0	0
205.6862	10.90997	-88.70784	4.813903	0	0	0	0	0	0	0	-0.1272366	0.001467596	-0.01449854	0	0	0
205.6962	10.90997	-88.70784	4.813903	0	0	0	0	0	0	0	-0.001055669	1.217652E-05	-0.0001202929	0	0	0
205.7062	10.91348	-88.69492	4.761242	0	0	0	0	0	0	0	0.4516664	1.663511	-6.770393	0	0	0
205.7162	10.84622	-88.69492	4.756768	0	0	0	0	0	0	0	-0.07205715	0.00279413	-0.01619963	0	0	0
205.7262	10.84622	-88.69492	4.756768	0	0	0	0	0	0	0	-0.0005978507	2.31826E-05	-0.0001344066	0	0	0
205.7362	10.84971	-88.68197	4.704111	0	0	0	0	0	0	0	0.1242152	0.4611518	-1.873611	0	0	0
205.7462	10.84971	-88.68197	4.704111	0	0	0	0	0	0	0	0.0014185	0.005266214	-0.02139607	0	0	0
205.7562	10.84971	-88.68197	4.704111	0	0	0	0	0	0	0	8.551128E-06	3.174498E-05	-0.0001289765	0	0	0
205.7662	10.84971	-88.68197	4.704111	0	0	0	0	0	0	0	1.436297E-08	5.332071E-08	-2.166363E-07	0	0	0
205.7762	10.84971	-88.68197	4.704111	0	0	0	0	0	0	0	1.191681E-10	4.423964E-10	-1.797409E-09	0	0	0
205.7862	10.84971	-88.68197	4.704111	0	0	0	0	0	0	0	0	0	0	0	0	0
205.7962	10.78242	-88.68197	4.699663	0	0	0	0	0	0	0	-0.3452556	0	-0.02274783	0	0	0
205.8062	10.78242	-88.68197	4.699663	0	0	0	0	0	0	0	-0.00286455	0	-0.0001887363	0	0	0
205.8162	10.78242	-88.68197	4.699663	0	0	0	0	0	0	0	-1.726764E-05	0	-1.137712E-06	0	0	0
205.8262	10.78242	-88.68197	4.699663	0	0	0	0	0	0	0	-1.971912E-07	0	-1.299232E-08	0	0	0
205.8362	10.78242	-88.68197	4.699663	0	0	0	0	0	0	0	0	0	0	0	0	0
205.8461	10.78242	-88.68197	4.699663	0	0	0	0	0	0	0	0	0	0	0	0	0
205.8561	10.78195	-88.62803	4.706787	0	0	0	0	0	0	0	-0.0160809	1.845169	0.2440682	0	0	0
205.8661	10.78195	-88.62803	4.706787	0	0	0	0	0	0	0	-9.693644E-05	0.01112277	0.001471255	0	0	0
205.8761	10.78195	-88.62803	4.706787	0	0	0	0	0	0	0	-1.182957E-07	1.357359E-05	1.795435E-06	0	0	0
205.8861	10.78195	-88.62803	4.706787	0	0	0	0	0	0	0	-3.522414E-09	4.041719E-07	5.346151E-08	0	0	0
205.8961	10.78195	-88.62803	4.706787	0	0	0	0	0	0	0	-2.123328E-11	2.436367E-09	3.222685E-10	0	0	0
205.9061	10.78195	-88.62803	4.706787	0	0	0	0	0	0	0	0	0	0	0	0	0
205.9161	10.78195	-88.62803	4.706787	0	0	0	0	0	0	0	0	0	0	0	0	0
205.9261	10.78148	-88.57409	4.713933	0	0	0	0	0	0	0	-0.0672138	7.688223	1.020139	0	0	0
205.9361	10.78148	-88.57409	4.713933	0	0	0	0	0	0	0	-0.0009628338	0.1101333	0.01461343	0	0	0
205.9461	10.78148	-88.57409	4.713933	0	0	0	0	0	0	0	-1.099527E-05	0.001257689	0.0001668809	0	0	0
205.9561	10.77107	-88.61287	4.871924	0	0	0	0	0	0	0	-0.9211626	-3.422878	13.98096	0	0	0
205.9661	10.76412	-88.63862	4.977279	0	0	0	0	0	0	0	-0.7119305	-2.636065	10.80534	0	0	0
205.9761	10.76412	-88.63862	4.977279	0	0	0	0	0	0	0	-0.004291551	-0.01589032	0.0651351	0	0	0
205.9861	10.76365	-88.58469	4.984446	0	0	0	0	0	0	0	-0.02327523	2.648269	0.3532602	0	0	0
205.9961	10.76617	-88.46397	4.946167	0	0	0	0	0	0	0	-0.06027946	9.710633	0.9148927	0	0	0
206.0061	10.76964	-88.45108	4.893493	0	0	0	0	0	0	0	0.0445785	0.3805732	-0.6765912	0	0	0
206.0161	10.76964	-88.45108	4.893493	0	0	0	0	0	0	0	0.0001418483	0.00121098	-0.002152906	0	0	0
206.026	10.76964	-88.45108	4.893493	0	0	0	0	0	0	0	1.619865E-06	1.382902E-05	-2.458553E-05	0	0	0
206.036	10.76964	-88.45108	4.893493	0	0	0	0	0	0	0	9.764623E-09	8.336201E-08	-1.482028E-07	0	0	0
206.046	10.76964	-88.45108	4.893493	0	0	0	0	0	0	0	0	0	0	0	0	0
206.056	10.76617	-88.46397	4.946167	0	0	0	0	0	0	0	-0.1633204	-0.6057986	2.478798	0	0	0
206.066	10.7627	-88.47683	4.998847	0	0	0	0	0	0	0	-0.08933322	-0.3307741	1.355857	0	0	0
206.076	10.76223	-88.4229	5.006081	0	0	0	0	0	0	0	-0.009139861	0.9697285	0.1387204	0	0	0
206.086	10.82939	-88.4229	5.01052	0	0	0	0	0	0	0	1.702805	0.008045736	0.1140518	0	0	0
206.096	10.82891	-88.36898	5.017775	0	0	0	0	0	0	0	0.02201114	0.5320187	0.07346889	0	0	0
206.106	10.82843	-88.31506	5.025053	0	0	0	0	0	0	0	-0.0001749143	0.02216539	0.002997707	0	0	0
206.116	10.83192	-88.30219	4.972374	0	0	0	0	0	0	0	0.4193	1.545838	-6.324289	0	0	0
206.126	10.83192	-88.30219	4.972374	0	0	0	0	0	0	0	0.004788279	0.017653	-0.07222147	0	0	0
206.136	10.83192	-88.30219	4.972374	0	0	0	0	0	0	0	3.972783E-05	0.0001464651	-0.000599214	0	0	0
206.146	10.83192	-88.30219	4.972374	0	0	0	0	0	0	0	3.29619E-07	1.215061E-06	-4.971635E-06	0	0	0
206.156	10.83541	-88.28931	4.919701	0	0	0	0	0	0	0	0.04717123	0.1741933	-0.7114826	0	0	0
206.166	10.83541	-88.28931	4.919701	0	0	0	0	0	0	0	0.0002065927	0.0007629026	-0.003116032	0	0	0
206.176	10.83541	-88.28931	4.919701	0	0	0	0	0	0	0	2.359226E-06	8.712116E-06	-3.558414E-05	0	0	0
206.186	10.77515	-88.26348	4.809927	0	0	0	0	0	0	0	-2.471372	3.094706	-12.81347	0	0	0
206.196	10.77515	-88.26348	4.809927	0	0	0	0	0	0	0	-0.02822232	0.0353406	-0.1463259	0	0	0
206.2059	10.77862	-88.25053	4.757267	0	0	0	0	0	0	0	0.5764183	2.154084	-8.752066	0	0	0
206.2159	10.77862	-88.25053	4.757267	0	0	0	0	0	0	0	0.006582522	0.02459899	-0.09994593	0	0	0
206.2259	10.77862	-88.25053	4.757267	0	0	0	0	0	0	0	3.967975E-05	0.0001482839	-0.0006024788	0	0	0
206.2359	10.77862	-88.25053	4.757267	0	0	0	0	0	0	0	3.293486E-07	1.230296E-06	-4.998695E-06	0	0	0
206.2459	10.77862	-88.25053	4.757267	0	0	0	0	0	0	0	2.732571E-09	1.020763E-08	-4.147365E-08	0	0	0
206.2559	10.77862	-88.25053	4.757267	0	0	0	0	0	0	0	0	0	0	0	0	0
206.2659	10.77862	-88.25053	4.757267	0	0	0	0	0	0	0	0	0	0	0	0	0
206.2759	10.77862	-88.25053	4.757267	0	0	0	0	0	0	0	0	0	0	0	0	0
206.2859	10.77862	-88.25053	4.757267	0	0	0	0	0	0	0	0	0	0	0	0	0
206.2959	10.77862	-88.25053	4.757267	0	0	0	0	0	0	0	0	0	0	0	0	0
206.3059	10.7148	-88.23756	4.700194	0	0	0	0	0	0	0	-4.296015	0.3242382	-1.602017	0	0	0
206.3159	10.7148	-88.23756	4.700194	0	0	0	0	0	0	0	-0.04905919	0.003702702	-0.01829455	0	0	0
206.3259	10.6475	-88.23756	4.695802	0	0	0	0	0	0	0	-0.2451907	2.232006E-05	-0.01604327	0	0	0
206.3359	10.6475	-88.23756	4.695802	0	0	0	0	0	0	0	-0.0007801944	7.10222E-08	-5.104951E-05	0	0	0
206.3459	10.6475	-88.23756	4.695802	0	0	0	0	0	0	0	-1.226299E-05	1.116317E-09	-8.023893E-07	0	0	0
206.3559	10.6475	-88.23756	4.695802	0	0	0	0	0	0	0	-1.017472E-07	0	-6.619772E-09	0	0	0
206.3659	10.6475	-88.23756	4.695802	0	0	0	0	0	0	0	0	0	0	0	0	0
206.3759	10.6475	-88.23756	4.695802	0	0	0	0	0	0	0	0	0	0	0	0	0
206.3858	10.6475	-88.23756	4.695802	0	0	0	0	0	0	0	0	0	0	0	0	0
206.3958	10.58021	-88.23756	4.691438	0	0	0	0	0	0	0	-15.88013	0	-1.02662	0	0	0
206.4058	10.58361	-88.22456	4.638786	0	0	0	0	0	0	0	-0.01037015	0.3261963	-1.326985	0	0	0
206.4158	10.53029	-88.2263	4.416607	0	0	0	0	0	0	0	-14.92797	3.276832	-15.7673	0	0	0
206.4258	10.46288	-88.2263	4.412291	0	0	0	0	0	0	0	-2.513058	0.03742043	-0.329492	0	0	0
206.4358	10.32805	-88.2263	4.403742	0	0	0	0	0	0	0	-3.399372	0.0002255721	-0.215168	0	0	0
206.4458	10.32805	-88.2263	4.403742	0	0	0	0	0	0	0	-0.03881979	2.575965E-06	-0.002457154	0	0	0
206.4558	10.32805	-88.2263	4.403742	0	0	0	0	0	0	0	-0.0002340075	1.552804E-08	-1.481184E-05	0	0	0
206.4658	10.32805	-88.2263	4.403742	0	0	0	0	0	0	0	-2.672346E-06	0	-1.683486E-07	0	0	0
206.4758	10.32805	-88.2263	4.403742	0	0	0	0	0	0	0	-1.610903E-08	0	-1.014813E-09	0	0	0
206.4858	10.32805	-88.2263	4.403742	0	0	0	0	0	0	0	0	0	0	0	0	0
206.4958	10.32805	-88.2263	4.403742	0	0	0	0	0	0	0	0	0	0	0	0	0