27.82054	14.14806	-86.4797	-0.748041	0	0	0	0	0	0	0	8.010939	-16.34075	14.22738	0	0	0
27.83054	14.20695	-86.74119	-0.6156109	0	0	0	0	0	0	0	1.214533	-17.65573	3.616414	0	0	0
27.84054	14.19882	-86.82555	-0.5189224	0	0	0	0	0	0	0	-0.4051013	-11.45442	5.101657	0	0	0
27.85054	14.12938	-86.82555	-0.5247467	0	0	0	0	0	0	0	-2.361422	-0.06904779	-0.1666177	0	0	0
27.86054	13.99049	-86.82555	-0.5363095	0	0	0	0	0	0	0	-10.24184	-0.0007885048	-0.8480771	0	0	0
27.87054	13.85159	-86.82555	-0.5477582	0	0	0	0	0	0	0	-10.89873	-4.753144E-06	-0.8938216	0	0	0
27.88054	13.84792	-86.89468	-0.5030089	0	0	0	0	0	0	0	-0.707983	-11.21777	5.193929	0	0	0
27.89054	13.83939	-86.925	-0.3989981	0	0	0	0	0	0	0	-1.030798	-3.711452	12.5482	0	0	0
27.90054	13.89592	-86.97033	-0.2372362	0	0	0	0	0	0	0	10.22326	-4.317508	15.84165	0	0	0
27.91054	13.89163	-86.9854	-0.1852049	0	0	0	0	0	0	0	-0.2671474	-1.396738	4.837868	0	0	0
27.92054	13.88734	-87.00044	-0.1331676	0	0	0	0	0	0	0	-0.009512971	-0.03440297	0.1191031	0	0	0
27.93054	13.81379	-87.01546	-0.08681858	0	0	0	0	0	0	0	-3.45275	-0.5322133	1.574271	0	0	0
27.94054	13.81379	-87.01546	-0.08681858	0	0	0	0	0	0	0	-0.01512178	-0.002330899	0.00689473	0	0	0
27.95054	13.67526	-87.01546	-0.09812205	0	0	0	0	0	0	0	-19.226	-5.042616E-05	-1.560665	0	0	0
27.96054	13.39818	-87.01546	-0.1203872	0	0	0	0	0	0	0	-21.36869	-2.208481E-07	-1.699417	0	0	0
27.97054	13.2602	-87.06939	-0.1385757	0	0	0	0	0	0	0	-19.12395	-12.76101	-3.223178	0	0	0
27.98055	13.26077	-87.12331	-0.1457806	0	0	0	0	0	0	0	0.02290028	-6.422462	-0.8602238	0	0	0
27.99055	13.26077	-87.12331	-0.1457806	0	0	0	0	0	0	0	0.000138044	-0.0387149	-0.00518547	0	0	0
28.00055	13.26077	-87.12331	-0.1457806	0	0	0	0	0	0	0	2.318667E-07	-6.502779E-05	-8.709815E-06	0	0	0
28.01055	13.26077	-87.12331	-0.1457806	0	0	0	0	0	0	0	1.578249E-09	-1.503345E-07	-2.005377E-08	0	0	0
28.02055	13.26077	-87.12331	-0.1457806	0	0	0	0	0	0	0	0	0	0	0	0	0
28.03055	13.26077	-87.12331	-0.1457806	0	0	0	0	0	0	0	0	0	0	0	0	0
28.04055	13.26077	-87.12331	-0.1457806	0	0	0	0	0	0	0	0	0	0	0	0	0
28.05055	13.33005	-87.12331	-0.1403135	0	0	0	0	0	0	0	0.495833	0	0.03922765	0	0	0
28.06055	13.41459	-87.34786	-0.3266594	0	0	0	0	0	0	0	1.57487	-15.46675	-11.46651	0	0	0
28.07055	13.51337	-87.68867	-0.6892161	0	0	0	0	0	0	0	2.215879	-21.75041	-16.3981	0	0	0
28.08055	13.60451	-88.11349	-0.9528762	0	0	0	0	0	0	0	1.285876	-7.6139	-11.41505	0	0	0
28.09055	13.75488	-88.35287	-1.078836	0	0	0	0	0	0	0	18.35426	-7.48268	-2.291616	0	0	0
28.10055	14.10375	-88.40688	-1.056785	0	0	0	0	0	0	0	18.84015	-1.009565	1.435618	0	0	0
28.11055	14.51721	-88.4222	-0.9695303	0	0	0	0	0	0	0	19.39325	-0.1532878	2.170927	0	0	0
28.12055	14.72607	-88.4222	-0.9514931	0	0	0	0	0	0	0	4.065936	-0.0002574711	0.3545142	0	0	0
28.13055	14.72212	-88.49151	-0.9061134	0	0	0	0	0	0	0	0.00928013	-4.986988	-0.08465345	0	0	0
28.14055	14.65252	-88.49151	-0.9121528	0	0	0	0	0	0	0	-6.298791	-0.008376433	-0.5454113	0	0	0
28.15055	14.65252	-88.49151	-0.9121528	0	0	0	0	0	0	0	-0.02004269	-2.665372E-05	-0.001735493	0	0	0
28.16055	14.65252	-88.49151	-0.9121528	0	0	0	0	0	0	0	-8.777961E-05	-1.167335E-07	-7.600822E-06	0	0	0
28.17055	14.65252	-88.49151	-0.9121528	0	0	0	0	0	0	0	-1.4744E-07	0	-1.276344E-08	0	0	0
28.18055	14.65252	-88.49151	-0.9121528	0	0	0	0	0	0	0	0	0	0	0	0	0
28.19055	14.65252	-88.49151	-0.9121528	0	0	0	0	0	0	0	0	0	0	0	0	0
28.20055	14.65252	-88.49151	-0.9121528	0	0	0	0	0	0	0	0	0	0	0	0	0
28.21055	14.58292	-88.49151	-0.9181636	0	0	0	0	0	0	0	-2.474397	0	-0.2131761	0	0	0
28.22055	14.44427	-88.54552	-0.9366421	0	0	0	0	0	0	0	-11.98319	-0.1579994	-1.041704	0	0	0
28.23055	14.37025	-88.5608	-0.8906083	0	0	0	0	0	0	0	-3.298726	-0.02203273	-0.2058712	0	0	0
28.24055	14.37025	-88.5608	-0.8906083	0	0	0	0	0	0	0	-0.005540731	-3.700745E-05	-0.0003457932	0	0	0
28.25055	14.37025	-88.5608	-0.8906083	0	0	0	0	0	0	0	-9.306543E-06	-6.112933E-08	-5.806897E-07	0	0	0
28.26055	14.30065	-88.5608	-0.896503	0	0	0	0	0	0	0	-0.09637433	0	-0.008143245	0	0	0
28.27055	14.09186	-88.5608	-0.9140155	0	0	0	0	0	0	0	-6.875784	0	-0.5724347	0	0	0
28.28055	14.09186	-88.5608	-0.9140155	0	0	0	0	0	0	0	-0.01589579	0	-0.001323383	0	0	0
28.29055	14.16146	-88.5608	-0.9082066	0	0	0	0	0	0	0	0.8714396	0	0.07291143	0	0	0
28.30055	14.09186	-88.5608	-0.9140155	0	0	0	0	0	0	0	-16.18633	0	-1.347572	0	0	0
28.31055	14.09186	-88.5608	-0.9140155	0	0	0	0	0	0	0	-0.02718749	0	-0.00226346	0	0	0
28.32055	14.09186	-88.5608	-0.9140155	0	0	0	0	0	0	0	-4.566569E-05	0	-3.801838E-06	0	0	0
28.33055	14.09132	-88.50678	-0.9074716	0	0	0	0	0	0	0	-0.003878691	0.3838813	0.04658813	0	0	0
28.34055	14.09077	-88.45277	-0.9009058	0	0	0	0	0	0	0	-0.001505403	0.1484898	0.01808211	0	0	0
28.35055	14.02493	-88.38348	-0.9520654	0	0	0	0	0	0	0	-2.421468	1.877508	-0.008702474	0	0	0
28.36055	13.7617	-88.16015	-1.162843	0	0	0	0	0	0	0	-19.78986	13.38806	-8.112154	0	0	0
28.37055	13.57227	-87.97502	-1.425996	0	0	0	0	0	0	0	-8.855444	10.28389	-10.2763	0	0	0
28.38055	13.3128	-87.84336	-1.700926	0	0	0	0	0	0	0	-9.404832	4.412837	-11.90424	0	0	0
28.39055	13.24288	-87.84336	-1.706386	0	0	0	0	0	0	0	-0.2120219	0.01727999	-0.0660381	0	0	0
28.40055	13.24288	-87.84336	-1.706386	0	0	0	0	0	0	0	-0.0003561243	2.902448E-05	-0.0001109214	0	0	0
28.41055	13.3128	-87.84336	-1.700926	0	0	0	0	0	0	0	0.2590396	4.875119E-08	0.02027933	0	0	0
28.42056	13.33311	-87.76515	-1.960326	0	0	0	0	0	0	0	1.190457	4.598912	-15.19859	0	0	0
28.43056	13.36963	-87.62305	-2.426844	0	0	0	0	0	0	0	1.420063	5.561556	-18.13915	0	0	0
28.44056	13.3236	-87.52737	-2.743059	0	0	0	0	0	0	0	-0.2646873	0.846967	-2.775743	0	0	0
28.45056	13.32764	-87.51135	-2.794825	0	0	0	0	0	0	0	0.05153913	0.2207634	-0.7130781	0	0	0
28.46056	13.25778	-87.56534	-2.807013	0	0	0	0	0	0	0	-1.286336	-2.604293	-0.4314941	0	0	0
28.47056	13.25778	-87.56534	-2.807013	0	0	0	0	0	0	0	-0.002160605	-0.004374321	-0.0007247625	0	0	0
28.48056	13.04612	-87.51135	-2.816514	0	0	0	0	0	0	0	-15.82453	7.750858	-0.2337252	0	0	0
28.49056	12.55718	-87.49531	-2.905134	0	0	0	0	0	0	0	-31.5259	0.042582	-2.306277	0	0	0
28.50056	11.78909	-87.40917	-3.057	0	0	0	0	0	0	0	-49.51048	3.88778	-4.309803	0	0	0
28.51056	11.15804	-87.39306	-3.151242	0	0	0	0	0	0	0	-39.83715	0.4505178	-3.975313	0	0	0
28.52056	10.45589	-87.37694	-3.247467	0	0	0	0	0	0	0	-38.02908	0.5595855	-4.119411	0	0	0
28.53056	9.823353	-87.3068	-3.33001	0	0	0	0	0	0	0	-28.06296	1.180247	-2.886081	0	0	0
28.54056	9.204561	-87.20947	-3.675905	0	0	0	0	0	0	0	-23.47101	6.158164	-20.88456	0	0	0
28.55056	8.866832	-87.11137	-4.004978	0	0	0	0	0	0	0	-24.67413	4.42657	-15.25865	0	0	0
28.56056	8.525224	-87.02905	-4.281447	0	0	0	0	0	0	0	-26.63515	3.759611	-13.11209	0	0	0
28.57056	8.180062	-86.9628	-4.505392	0	0	0	0	0	0	0	-22.72337	1.371162	-5.353198	0	0	0
28.58056	8.042709	-86.92956	-4.615415	0	0	0	0	0	0	0	-9.570169	2.877135	-9.395883	0	0	0
28.59056	7.90046	-86.92956	-4.621971	0	0	0	0	0	0	0	-10.19412	0.007307845	-0.4883483	0	0	0
28.60056	7.834011	-86.89622	-4.728539	0	0	0	0	0	0	0	-3.006406	2.811035	-8.856443	0	0	0
28.61056	7.843361	-86.82931	-4.935123	0	0	0	0	0	0	0	0.7054219	5.169264	-15.91512	0	0	0
28.62056	7.855042	-86.74519	-5.193201	0	0	0	0	0	0	0	0.307485	2.222002	-6.793627	0	0	0
28.63056	7.857378	-86.7283	-5.244796	0	0	0	0	0	0	0	0.005462704	0.03952856	-0.1206894	0	0	0
28.64056	7.857378	-86.7283	-5.244796	0	0	0	0	0	0	0	1.262903E-05	9.138413E-05	-0.0002790159	0	0	0
28.65056	7.855042	-86.74519	-5.193201	0	0	0	0	0	0	0	-0.2936718	-2.122091	6.488156	0	0	0
28.66056	7.781367	-86.76205	-5.144813	0	0	0	0	0	0	0	-0.04116008	-0.2997379	0.9177128	0	0	0
28.67056	7.638682	-86.76205	-5.151154	0	0	0	0	0	0	0	-1.025793	-0.0005034572	-0.0436178	0	0	0
28.68056	7.569589	-86.74519	-5.205886	0	0	0	0	0	0	0	-0.08745693	0.1240483	-0.3838333	0	0	0
28.69056	7.569589	-86.74519	-5.205886	0	0	0	0	0	0	0	-0.0001468977	0.0002083587	-0.0006447086	0	0	0
28.70056	7.569589	-86.74519	-5.205886	0	0	0	0	0	0	0	-3.396056E-07	4.816941E-07	-1.49047E-06	0	0	0
28.71056	7.569589	-86.74519	-5.205886	0	0	0	0	0	0	0	1.485091E-10	1.113605E-09	-3.405024E-09	0	0	0
28.72056	7.569589	-86.74519	-5.205886	0	0	0	0	0	0	0	0	0	0	0	0	0
28.73056	7.498222	-86.74519	-5.208984	0	0	0	0	0	0	0	-9.716176	0	-0.4197654	0	0	0
28.74056	7.284115	-86.74519	-5.218102	0	0	0	0	0	0	0	-14.40321	0	-0.604458	0	0	0
28.75056	6.998621	-86.74519	-5.229847	0	0	0	0	0	0	0	-12.97213	0	-0.5230274	0	0	0
28.76056	6.855867	-86.74519	-5.235545	0	0	0	0	0	0	0	-2.718675	0	-0.1073757	0	0	0
28.77056	6.713109	-86.74519	-5.241124	0	0	0	0	0	0	0	-3.68644	0	-0.1425619	0	0	0
28.78056	6.498962	-86.74519	-5.249273	0	0	0	0	0	0	0	-7.844526	0	-0.2936722	0	0	0
28.79056	6.213418	-86.74519	-5.259728	0	0	0	0	0	0	0	-14.34287	0	-0.513325	0	0	0
28.80056	5.927857	-86.74519	-5.269713	0	0	0	0	0	0	0	-15.35699	0	-0.5243301	0	0	0
28.81056	5.856464	-86.74519	-5.272136	0	0	0	0	0	0	0	-1.039305	0	-0.03505688	0	0	0
28.82056	5.785071	-86.74519	-5.274529	0	0	0	0	0	0	0	-0.073038	0	-0.002433585	0	0	0
28.83056	5.786791	-86.7283	-5.326149	0	0	0	0	0	0	0	0.001162885	0.01230156	-0.03757994	0	0	0
28.84056	5.786791	-86.7283	-5.326149	0	0	0	0	0	0	0	1.953249E-06	2.066241E-05	-6.312144E-05	0	0	0
28.85056	5.786791	-86.7283	-5.326149	0	0	0	0	0	0	0	3.532328E-09	3.470577E-08	-1.06014E-07	0	0	0
28.86057	5.786791	-86.7283	-5.326149	0	0	0	0	0	0	0	0	0	0	0	0	0
28.87057	5.643958	-86.7283	-5.330849	0	0	0	0	0	0	0	-5.055052	0	-0.1642697	0	0	0
28.88057	5.501121	-86.7283	-5.335432	0	0	0	0	0	0	0	-9.728403	0	-0.3081267	0	0	0
28.89057	5.429701	-86.7283	-5.337679	0	0	0	0	0	0	0	-2.637974	0	-0.08246648	0	0	0
28.90057	5.358281	-86.7283	-5.339897	0	0	0	0	0	0	0	-0.3861321	0	-0.01191206	0	0	0
28.91057	5.358281	-86.7283	-5.339897	0	0	0	0	0	0	0	-0.006069172	0	-0.0001872321	0	0	0
28.92057	5.358071	-86.67432	-5.333091	0	0	0	0	0	0	0	-0.0008146643	0.2022993	0.02554512	0	0	0
28.93057	5.358071	-86.67432	-5.333091	0	0	0	0	0	0	0	-1.280478E-05	0.003179714	0.0004015148	0	0	0
28.94057	5.286652	-86.67432	-5.33528	0	0	0	0	0	0	0	-9.095222	1.392598E-05	-0.2768396	0	0	0
28.95057	5.215232	-86.67432	-5.337439	0	0	0	0	0	0	0	-2.668769	2.188866E-07	-0.08013387	0	0	0
28.96057	5.072391	-86.67432	-5.341669	0	0	0	0	0	0	0	-9.256851	0	-0.2703317	0	0	0
28.97057	4.929545	-86.67432	-5.345782	0	0	0	0	0	0	0	-1.969931	0	-0.05590732	0	0	0
28.98057	4.786696	-86.67432	-5.349777	0	0	0	0	0	0	0	-9.20771	0	-0.2537396	0	0	0
28.99057	4.643845	-86.67432	-5.353655	0	0	0	0	0	0	0	-12.22634	0	-0.3268625	0	0	0
29.00057	4.502327	-86.65741	-5.409039	0	0	0	0	0	0	0	-12.3045	0.06284474	-0.5107012	0	0	0
29.01057	4.432194	-86.64048	-5.462493	0	0	0	0	0	0	0	-12.3121	0.4166125	-1.584179	0	0	0
29.02057	4.289249	-86.64048	-5.466079	0	0	0	0	0	0	0	-10.8652	0.003456591	-0.2786587	0	0	0
29.03057	4.22028	-86.60656	-5.571045	0	0	0	0	0	0	0	-3.441293	2.159732	-6.650102	0	0	0
29.04057	4.077247	-86.60656	-5.574457	0	0	0	0	0	0	0	-2.678335	0.009458832	-0.09154593	0	0	0
29.05057	4.078456	-86.58957	-5.626056	0	0	0	0	0	0	0	-0.03063523	0.1614537	-0.4909305	0	0	0
29.06057	4.006917	-86.58957	-5.627718	0	0	0	0	0	0	0	-2.398498	0.0007071079	-0.05738724	0	0	0
29.07057	3.864983	-86.57256	-5.682549	0	0	0	0	0	0	0	-6.983999	1.559345	-4.883035	0	0	0
29.08057	3.650294	-86.57256	-5.687184	0	0	0	0	0	0	0	-16.46007	0.02450958	-0.4195481	0	0	0
29.09057	3.364899	-86.50154	-5.737712	0	0	0	0	0	0	0	-21.61218	8.583653	-5.82826	0	0	0
29.10057	3.079468	-86.48449	-5.794596	0	0	0	0	0	0	0	-16.76535	0.1720588	-0.7821604	0	0	0
29.11057	2.93712	-86.46741	-5.848648	0	0	0	0	0	0	0	-3.432197	0.3115863	-0.9980908	0	0	0
29.12057	2.794686	-86.45031	-5.902576	0	0	0	0	0	0	0	-2.768383	0.2316431	-0.7428273	0	0	0
29.13057	2.794686	-86.45031	-5.902576	0	0	0	0	0	0	0	-0.04351306	0.003640934	-0.01167566	0	0	0
29.14057	2.794686	-86.45031	-5.902576	0	0	0	0	0	0	0	-0.0006839324	5.722752E-05	-0.0001835164	0	0	0
29.15057	2.723033	-86.45031	-5.90371	0	0	0	0	0	0	0	-0.5090697	6.535209E-07	-0.007957116	0	0	0
29.16057	2.723033	-86.45031	-5.90371	0	0	0	0	0	0	0	-0.008001489	1.027195E-08	-0.0001250689	0	0	0
29.17057	2.723033	-86.45031	-5.90371	0	0	0	0	0	0	0	-4.823335E-05	0	-7.537344E-07	0	0	0
29.18057	2.723033	-86.45031	-5.90371	0	0	0	0	0	0	0	-7.581253E-07	0	-1.184709E-08	0	0	0
29.19057	2.65138	-86.45031	-5.904816	0	0	0	0	0	0	0	-3.341488	0	-0.05084252	0	0	0
29.20057	2.508072	-86.45031	-5.906937	0	0	0	0	0	0	0	-9.402589	0	-0.135331	0	0	0
29.21057	2.436418	-86.45031	-5.907954	0	0	0	0	0	0	0	-6.526642	0	-0.09125338	0	0	0
29.22057	2.436418	-86.45031	-5.907954	0	0	0	0	0	0	0	-0.05415087	0	-0.0007571197	0	0	0
29.23057	2.436322	-86.39634	-5.901102	0	0	0	0	0	0	0	-0.01770203	9.60925	1.221853	0	0	0
29.24057	2.436322	-86.39634	-5.901102	0	0	0	0	0	0	0	-0.0001468719	0.07972694	0.01013759	0	0	0
29.25057	2.293017	-86.39634	-5.903046	0	0	0	0	0	0	0	-17.15508	0.0006614861	-0.2256617	0	0	0
29.26057	2.221364	-86.39634	-5.903974	0	0	0	0	0	0	0	-2.616901	5.488281E-06	-0.03335918	0	0	0
29.27057	2.078673	-86.37922	-5.95731	0	0	0	0	0	0	0	-7.278115	0.440474	-1.412987	0	0	0
29.28057	2.006998	-86.37922	-5.95815	0	0	0	0	0	0	0	-12.79443	0.006923309	-0.1681608	0	0	0
29.29058	1.935895	-86.36208	-6.010522	0	0	0	0	0	0	0	-2.024641	0.1609189	-0.5063155	0	0	0
29.30058	1.7925	-86.36208	-6.012055	0	0	0	0	0	0	0	-2.747231	0.001335127	-0.03225676	0	0	0
29.31058	1.649105	-86.36208	-6.01347	0	0	0	0	0	0	0	-2.040979	8.04821E-06	-0.01932749	0	0	0
29.32058	1.505708	-86.36208	-6.014768	0	0	0	0	0	0	0	-7.196974	9.190812E-08	-0.06214896	0	0	0
29.33058	1.434433	-86.34492	-6.066928	0	0	0	0	0	0	0	-1.970765	0.2945369	-0.9005666	0	0	0
29.34058	1.362713	-86.34492	-6.067503	0	0	0	0	0	0	0	-1.35004	0.003363523	-0.02064686	0	0	0
29.35058	1.362713	-86.34492	-6.067503	0	0	0	0	0	0	0	-0.008138106	2.027547E-05	-0.0001244602	0	0	0
29.36058	1.362713	-86.34492	-6.067503	0	0	0	0	0	0	0	-9.29347E-05	2.315398E-07	-1.421298E-06	0	0	0
29.37058	1.362713	-86.34492	-6.067503	0	0	0	0	0	0	0	-5.602148E-07	1.395733E-09	-8.567651E-09	0	0	0
29.38058	1.290993	-86.34492	-6.068048	0	0	0	0	0	0	0	-1.743892	0	-0.01290779	0	0	0
29.39058	1.290993	-86.34492	-6.068048	0	0	0	0	0	0	0	-0.01051226	0	-7.780879E-05	0	0	0
29.40058	1.290942	-86.29095	-6.061174	0	0	0	0	0	0	0	-0.001016242	0.9838271	0.1255144	0	0	0
29.41058	1.147506	-86.29095	-6.062176	0	0	0	0	0	0	0	-9.781441	0.00816271	-0.06331337	0	0	0
29.42058	0.7889134	-86.29095	-6.064167	0	0	0	0	0	0	0	-18.17357	9.961305E-06	-0.08220176	0	0	0
29.43058	0.2867823	-86.25414	-6.007261	0	0	0	0	0	0	0	-25.66243	0.9585795	1.479974	0	0	0
29.44058	-0.0716956	-86.25414	-6.007482	0	0	0	0	0	0	0	-31.49173	0.01094669	0.03033222	0	0	0
29.45058	-0.5018685	-86.25414	-6.006774	0	0	0	0	0	0	0	-25.14278	6.598715E-05	0.07247576	0	0	0
29.46058	-0.7171661	-86.23698	-6.05758	0	0	0	0	0	0	0	-12.34543	0.0857712	-0.2067568	0	0	0
29.47058	-0.8608526	-86.2198	-6.108481	0	0	0	0	0	0	0	-2.081693	0.0657957	-0.1870097	0	0	0
29.48058	-0.8611069	-86.20259	-6.160024	0	0	0	0	0	0	0	-0.03639504	0.8546106	-2.558809	0	0	0
29.49058	-0.8611069	-86.20259	-6.160024	0	0	0	0	0	0	0	-0.000219391	0.005151633	-0.01542462	0	0	0
29.50058	-0.8611069	-86.20259	-6.160024	0	0	0	0	0	0	0	-1.820264E-06	4.274256E-05	-0.0001279764	0	0	0
29.51058	-0.9328652	-86.20259	-6.159655	0	0	0	0	0	0	0	-0.3761775	3.546305E-07	0.002009847	0	0	0
29.52058	-1.004623	-86.20259	-6.159256	0	0	0	0	0	0	0	-0.6911992	4.049773E-09	0.003979116	0	0	0
29.53058	-1.076381	-86.20259	-6.158829	0	0	0	0	0	0	0	-0.9759401	0	0.006019658	0	0	0
29.54058	-1.148139	-86.20259	-6.158371	0	0	0	0	0	0	0	-12.96085	0	0.08527303	0	0	0
29.55058	-1.148139	-86.20259	-6.158371	0	0	0	0	0	0	0	-0.1075348	0	0.0007075014	0	0	0
29.56058	-1.219536	-86.2198	-6.106342	0	0	0	0	0	0	0	-1.778334	-0.8521088	2.567424	0	0	0
29.57058	-1.362606	-86.23698	-6.053731	0	0	0	0	0	0	0	-7.563905	-4.0505	12.22084	0	0	0
29.58058	-1.577282	-86.25414	-6.000362	0	0	0	0	0	0	0	-14.56334	-0.3571143	1.205465	0	0	0
29.59058	-1.86405	-86.25414	-5.997532	0	0	0	0	0	0	0	-24.32309	-0.00296294	0.2689609	0	0	0
29.60058	-2.007433	-86.25414	-5.99594	0	0	0	0	0	0	0	-7.719161	-3.383587E-05	0.08898075	0	0	0
29.61058	-2.150728	-86.20016	-5.987312	0	0	0	0	0	0	0	-5.591941	1.854005	0.307081	0	0	0
29.62058	-2.222415	-86.20016	-5.986413	0	0	0	0	0	0	0	-0.5643086	0.02117218	0.009912717	0	0	0
29.63058	-2.222415	-86.20016	-5.986413	0	0	0	0	0	0	0	-0.0006886499	2.583733E-05	1.209688E-05	0	0	0
29.64058	-2.222415	-86.20016	-5.986413	0	0	0	0	0	0	0	-1.082411E-05	4.061076E-07	1.901372E-07	0	0	0
29.65058	-2.294102	-86.20016	-5.985484	0	0	0	0	0	0	0	-12.6533	1.778602E-09	0.1665063	0	0	0
29.66058	-2.365789	-86.20016	-5.984526	0	0	0	0	0	0	0	-9.273394	0	0.1258436	0	0	0
29.67058	-2.50906	-86.1462	-5.975581	0	0	0	0	0	0	0	-9.720429	6.946183	1.034847	0	0	0
29.68058	-2.580743	-86.1462	-5.974535	0	0	0	0	0	0	0	-3.563491	0.05763175	0.06018007	0	0	0
29.69058	-2.724106	-86.1462	-5.972353	0	0	0	0	0	0	0	-9.451761	0.0004781646	0.1477627	0	0	0
29.70058	-2.939147	-86.1462	-5.96886	0	0	0	0	0	0	0	-15.29206	3.967282E-06	0.2578362	0	0	0
29.71058	-3.224908	-86.16334	-5.912234	0	0	0	0	0	0	0	-21.82878	-0.06117605	0.5881742	0	0	0
29.72058	-3.582123	-86.18046	-5.853675	0	0	0	0	0	0	0	-20.13519	-0.04594693	0.5525834	0	0	0
29.73059	-3.797017	-86.18046	-5.849124	0	0	0	0	0	0	0	-9.688982	-0.0005247	0.2127729	0	0	0
29.74059	-4.083534	-86.18046	-5.842643	0	0	0	0	0	0	0	-8.752735	-1.66959E-06	0.2051922	0	0	0
29.75059	-4.155161	-86.18046	-5.840949	0	0	0	0	0	0	0	-1.270339	-5.312617E-09	0.03030276	0	0	0
29.76059	-4.226788	-86.18046	-5.839226	0	0	0	0	0	0	0	-17.14245	0	0.41597	0	0	0
29.77059	-4.226788	-86.18046	-5.839226	0	0	0	0	0	0	0	-0.1033355	0	0.002507487	0	0	0
29.78059	-4.298414	-86.18046	-5.837473	0	0	0	0	0	0	0	-1.789534	0	0.04416022	0	0	0
29.79059	-5.227725	-86.14359	-5.753491	0	0	0	0	0	0	0	-23.20775	0.7194064	2.747685	0	0	0
29.80059	-5.655581	-86.16067	-5.688506	0	0	0	0	0	0	0	-16.85561	-0.3281748	1.541766	0	0	0
29.81059	-5.94007	-86.17772	-5.627406	0	0	0	0	0	0	0	-14.48861	-2.183508	7.108255	0	0	0
29.82059	-6.226219	-86.17772	-5.6174	0	0	0	0	0	0	0	-9.95698	-0.01316229	0.3962253	0	0	0
29.83059	-6.510421	-86.19476	-5.555361	0	0	0	0	0	0	0	-23.37577	-0.424973	2.164211	0	0	0
29.84059	-6.653438	-86.19476	-5.549948	0	0	0	0	0	0	0	-7.766791	-0.002561758	0.3049296	0	0	0
29.85059	-6.794162	-86.15781	-5.48587	0	0	0	0	0	0	0	-2.930411	6.94957	2.854161	0	0	0
29.86059	-7.006521	-86.1748	-5.425786	0	0	0	0	0	0	0	-3.461596	-0.08169279	0.3982694	0	0	0
29.87059	-7.075876	-86.19177	-5.371313	0	0	0	0	0	0	0	-0.6291471	-2.932461	8.958826	0	0	0
29.88059	-7.218742	-86.19177	-5.365435	0	0	0	0	0	0	0	-16.92395	-0.03348782	0.8052922	0	0	0
29.89059	-7.290173	-86.19177	-5.362452	0	0	0	0	0	0	0	-4.732501	-0.0002018661	0.1992234	0	0	0
29.90059	-7.359416	-86.20872	-5.307858	0	0	0	0	0	0	0	-1.73901	-0.5802813	1.843947	0	0	0
29.91059	-7.50223	-86.20872	-5.301747	0	0	0	0	0	0	0	-2.60395	-0.000974674	0.1154713	0	0	0
29.92059	-7.571385	-86.22565	-5.247063	0	0	0	0	0	0	0	-1.335048	-0.08811169	0.3274124	0	0	0
29.93059	-7.642767	-86.22565	-5.243935	0	0	0	0	0	0	0	-0.5220317	-0.0007310535	0.02521677	0	0	0
29.94059	-7.711855	-86.24256	-5.189188	0	0	0	0	0	0	0	-4.521897	-0.08850379	0.4717124	0	0	0
29.95059	-7.7809	-86.25945	-5.134406	0	0	0	0	0	0	0	-0.9629797	-0.1187706	0.407061	0	0	0
29.96059	-7.8499	-86.27631	-5.07959	0	0	0	0	0	0	0	-1.508303	-2.23891	6.937096	0	0	0
29.97059	-7.921214	-86.27631	-5.076347	0	0	0	0	0	0	0	-0.4990183	-0.04412239	0.1581596	0	0	0
29.98059	-7.992526	-86.27631	-5.073075	0	0	0	0	0	0	0	-6.605002	-7.411051E-05	0.3046312	0	0	0
29.99059	-7.992526	-86.27631	-5.073075	0	0	0	0	0	0	0	-0.07542711	-8.463196E-07	0.003478796	0	0	0
30.00059	-7.992526	-86.27631	-5.073075	0	0	0	0	0	0	0	-0.0004546782	-5.101654E-09	2.097034E-05	0	0	0
30.01059	-7.990147	-86.29316	-5.021469	0	0	0	0	0	0	0	0.3998737	-2.830132	8.676565	0	0	0
30.02059	-8.059037	-86.30998	-4.966556	0	0	0	0	0	0	0	-0.9587634	-2.34075	7.246149	0	0	0
30.03059	-8.20157	-86.30998	-4.959869	0	0	0	0	0	0	0	-6.71807	-0.01280549	0.3573192	0	0	0
30.04059	-8.272833	-86.30998	-4.956482	0	0	0	0	0	0	0	-6.26202	-0.0001462348	0.2993692	0	0	0
30.05059	-8.344096	-86.30998	-4.953066	0	0	0	0	0	0	0	-2.385915	-4.653176E-07	0.1148771	0	0	0
30.06059	-8.344096	-86.30998	-4.953066	0	0	0	0	0	0	0	-0.01044943	-2.03792E-09	0.0005031195	0	0	0
30.07059	-8.341611	-86.32678	-4.901451	0	0	0	0	0	0	0	0.04555136	-0.308576	0.9485643	0	0	0
30.08059	-8.412851	-86.32678	-4.898006	0	0	0	0	0	0	0	-1.309884	-0.001860111	0.06933875	0	0	0
30.09059	-8.552777	-86.34357	-4.839409	0	0	0	0	0	0	0	-8.969799	-0.0173669	0.496551	0	0	0
30.10059	-8.623992	-86.34357	-4.835878	0	0	0	0	0	0	0	-4.653839	-0.0001983247	0.2323553	0	0	0
30.11059	-8.621422	-86.36032	-4.784253	0	0	0	0	0	0	0	-0.02140149	-0.1120602	0.3473236	0	0	0
30.12059	-8.618851	-86.37707	-4.732621	0	0	0	0	0	0	0	0.04675891	-0.3048034	0.9408022	0	0	0
30.13059	-8.618851	-86.37707	-4.732621	0	0	0	0	0	0	0	0.0007349502	-0.004790858	0.0147874	0	0	0
30.14059	-8.618851	-86.37707	-4.732621	0	0	0	0	0	0	0	4.430314E-06	-2.887952E-05	8.913916E-05	0	0	0
30.15059	-8.618851	-86.37707	-4.732621	0	0	0	0	0	0	0	3.682799E-08	-2.396104E-07	7.395748E-07	0	0	0
30.16059	-8.61628	-86.39378	-4.680983	0	0	0	0	0	0	0	0.007014573	-0.04557476	0.1408657	0	0	0
30.1706	-8.61628	-86.39378	-4.680983	0	0	0	0	0	0	0	1.621665E-05	-0.000105362	0.0003256605	0	0	0
30.1806	-8.684835	-86.41048	-4.625781	0	0	0	0	0	0	0	-1.456297	-2.811132	8.79584	0	0	0
30.1906	-8.679648	-86.44381	-4.522472	0	0	0	0	0	0	0	0.5538796	-3.654995	11.34506	0	0	0
30.2006	-8.67446	-86.47706	-4.419136	0	0	0	0	0	0	0	0.2662567	-1.705381	5.307956	0	0	0
30.2106	-8.669271	-86.51022	-4.315773	0	0	0	0	0	0	0	0.628997	-4.013751	12.52776	0	0	0
30.2206	-8.669271	-86.51022	-4.315773	0	0	0	0	0	0	0	0.007182955	-0.04583582	0.1430632	0	0	0
30.2306	-8.669271	-86.51022	-4.315773	0	0	0	0	0	0	0	0.0001553949	-0.0009916022	0.003094998	0	0	0
30.2406	-8.666676	-86.52677	-4.264081	0	0	0	0	0	0	0	0.1722968	-1.097913	3.431633	0	0	0
30.2506	-8.737653	-86.52677	-4.260503	0	0	0	0	0	0	0	-0.5195113	-0.009109269	0.05484226	0	0	0
30.2606	-8.737653	-86.52677	-4.260503	0	0	0	0	0	0	0	-0.008165609	-0.0001431782	0.0008620032	0	0	0
30.2706	-8.737653	-86.52677	-4.260503	0	0	0	0	0	0	0	-3.576237E-05	-6.270681E-07	3.775257E-06	0	0	0
30.2806	-8.80863	-86.52677	-4.256896	0	0	0	0	0	0	0	-0.5069155	-7.160928E-09	0.02586939	0	0	0
30.2906	-8.80863	-86.52677	-4.256896	0	0	0	0	0	0	0	-0.003055711	0	0.0001559418	0	0	0
30.3006	-8.80863	-86.52677	-4.256896	0	0	0	0	0	0	0	-2.535291E-05	0	1.293832E-06	0	0	0
30.3106	-8.80863	-86.52677	-4.256896	0	0	0	0	0	0	0	-1.528285E-07	0	7.799284E-09	0	0	0
30.3206	-8.80863	-86.52677	-4.256896	0	0	0	0	0	0	0	-2.402138E-09	0	1.225881E-10	0	0	0
30.3306	-8.80863	-86.52677	-4.256896	0	0	0	0	0	0	0	0	0	0	0	0	0
30.3406	-8.80863	-86.52677	-4.256896	0	0	0	0	0	0	0	0	0	0	0	0	0
30.3506	-8.80863	-86.52677	-4.256896	0	0	0	0	0	0	0	0	0	0	0	0	0
30.3606	-8.80863	-86.52677	-4.256896	0	0	0	0	0	0	0	0	0	0	0	0	0
30.3706	-8.879604	-86.52677	-4.253259	0	0	0	0	0	0	0	-4.655516	0	0.2395038	0	0	0
30.3806	-8.879604	-86.52677	-4.253259	0	0	0	0	0	0	0	-0.05316458	0	0.002735061	0	0	0
30.3906	-8.879604	-86.52677	-4.253259	0	0	0	0	0	0	0	-0.0003204786	0	1.648708E-05	0	0	0
30.4006	-8.879604	-86.52677	-4.253259	0	0	0	0	0	0	0	-3.659769E-06	0	1.882774E-07	0	0	0
30.4106	-8.874286	-86.55981	-4.149862	0	0	0	0	0	0	0	0.1412132	-0.8757956	2.744926	0	0	0
30.4206	-8.871625	-86.57629	-4.098153	0	0	0	0	0	0	0	0.02672352	-0.1655042	0.5194563	0	0	0
30.4306	-8.871625	-86.57629	-4.098153	0	0	0	0	0	0	0	0.0002217223	-0.001373171	0.004309875	0	0	0
30.4406	-8.871625	-86.57629	-4.098153	0	0	0	0	0	0	0	2.532001E-06	-1.56812E-05	4.921746E-05	0	0	0
30.4506	-8.871625	-86.57629	-4.098153	0	0	0	0	0	0	0	1.526302E-08	-9.4527E-08	2.966852E-07	0	0	0
30.4606	-8.871625	-86.57629	-4.098153	0	0	0	0	0	0	0	0	0	0	0	0	0
30.4706	-8.871625	-86.57629	-4.098153	0	0	0	0	0	0	0	0	0	0	0	0	0
30.4806	-8.868965	-86.59276	-4.046438	0	0	0	0	0	0	0	0.3445046	-2.130579	6.696538	0	0	0
30.4906	-8.866304	-86.60921	-3.994716	0	0	0	0	0	0	0	0.1322352	-0.8166505	2.570411	0	0	0
30.5006	-8.863643	-86.62563	-3.942987	0	0	0	0	0	0	0	0.03694176	-0.2278202	0.7180801	0	0	0
30.5106	-8.863643	-86.62563	-3.942987	0	0	0	0	0	0	0	0.0003065019	-0.001890201	0.005957835	0	0	0
30.5206	-8.863643	-86.62563	-3.942987	0	0	0	0	0	0	0	2.543014E-06	-1.56828E-05	4.943154E-05	0	0	0
30.5306	-8.934488	-86.62563	-3.939328	0	0	0	0	0	0	0	-0.4915001	-1.301185E-07	0.02548837	0	0	0
30.5406	-8.934851	-86.67959	-3.946304	0	0	0	0	0	0	0	-0.08715399	-12.41215	-1.601793	0	0	0
30.5506	-9.005698	-86.67959	-3.942615	0	0	0	0	0	0	0	-16.63861	-0.07482105	0.8600134	0	0	0
30.5606	-9.005698	-86.67959	-3.942615	0	0	0	0	0	0	0	-0.1900079	-0.0008544337	0.009821092	0	0	0
30.5706	-9.002994	-86.69599	-3.890882	0	0	0	0	0	0	0	0.3745293	-2.279728	7.195544	0	0	0
30.5806	-9.002994	-86.69599	-3.890882	0	0	0	0	0	0	0	0.007402439	-0.04494839	0.1418707	0	0	0
30.5906	-8.997584	-86.72873	-3.787396	0	0	0	0	0	0	0	0.1112281	-0.6722881	2.127965	0	0	0
30.60061	-8.989468	-86.77768	-3.632117	0	0	0	0	0	0	0	0.7758426	-4.669392	14.84304	0	0	0
30.61061	-8.986762	-86.79396	-3.580343	0	0	0	0	0	0	0	0.3481169	-2.092148	6.660002	0	0	0
30.62061	-8.984056	-86.81021	-3.528564	0	0	0	0	0	0	0	0.01640763	-0.09846757	0.3139027	0	0	0
30.63061	-9.052003	-86.82645	-3.47307	0	0	0	0	0	0	0	-4.423793	-0.7800521	2.730181	0	0	0
30.64061	-9.049274	-86.84266	-3.421278	0	0	0	0	0	0	0	0.2859556	-2.00661	6.417753	0	0	0
30.65061	-9.114405	-86.87502	-3.313942	0	0	0	0	0	0	0	-0.2825307	-3.860785	12.42776	0	0	0
30.66061	-9.103399	-86.93948	-3.106661	0	0	0	0	0	0	0	1.192453	-7.051191	22.73772	0	0	0
30.67061	-9.092388	-87.00362	-2.899276	0	0	0	0	0	0	0	0.6550255	-3.804269	12.3382	0	0	0
30.68061	-9.086881	-87.03555	-2.795544	0	0	0	0	0	0	0	0.3423554	-1.982387	6.448056	0	0	0
30.69061	-9.140596	-87.13086	-2.480449	0	0	0	0	0	0	0	-2.950954	-2.391873	8.028516	0	0	0
30.70061	-9.132262	-87.17822	-2.32469	0	0	0	0	0	0	0	0.115344	-0.9542923	3.147829	0	0	0
30.71061	-9.112803	-87.288	-1.961028	0	0	0	0	0	0	0	1.172707	-6.584469	21.92517	0	0	0
30.72061	-9.171622	-87.35027	-1.749325	0	0	0	0	0	0	0	-0.8518801	-5.255477	17.70079	0	0	0
30.73061	-9.151612	-87.40446	-1.378208	0	0	0	0	0	0	0	2.103463	-8.984213	39.73453	0	0	0
30.74061	-9.134769	-87.49632	-1.065843	0	0	0	0	0	0	0	1.463852	-7.927495	27.15497	0	0	0
30.75061	-9.112294	-87.61762	-0.649009	0	0	0	0	0	0	0	0.9684061	-5.194446	17.96041	0	0	0
30.76061	-9.014892	-87.76733	-0.1311359	0	0	0	0	0	0	0	3.81388	-13.73897	48.17243	0	0	0
30.77061	-8.989371	-87.8463	0.3458238	0	0	0	0	0	0	0	2.543857	-7.855119	47.3515	0	0	0
30.78061	-8.972217	-87.88	0.6664203	0	0	0	0	0	0	0	1.604284	-6.880723	29.97978	0	0	0
30.79061	-8.960649	-87.88406	0.8826315	0	0	0	0	0	0	0	0.4626361	2.673953	8.646211	0	0	0
30.80061	-8.889008	-87.89851	0.9312695	0	0	0	0	0	0	0	8.7396	-0.159808	0.3267176	0	0	0
30.81061	-8.888633	-87.84456	0.9383326	0	0	0	0	0	0	0	0.1714182	4.888978	0.6465614	0	0	0
30.82061	-8.888633	-87.84456	0.9383326	0	0	0	0	0	0	0	0.002694329	0.07684428	0.01016256	0	0	0
30.83061	-8.885479	-87.80504	0.997732	0	0	0	0	0	0	0	0.01641906	0.3238926	0.3087792	0	0	0
30.84061	-8.882701	-87.81944	1.050052	0	0	0	0	0	0	0	0.04883801	-0.2484008	0.9198272	0	0	0
30.85061	-8.879923	-87.83383	1.102378	0	0	0	0	0	0	0	0.03729237	-0.192908	0.7023779	0	0	0
30.86061	-8.876767	-87.79425	1.161817	0	0	0	0	0	0	0	0.1262826	12.62738	2.378452	0	0	0
30.87061	-8.876767	-87.79425	1.161817	0	0	0	0	0	0	0	0.001047754	0.104768	0.01973377	0	0	0
30.88061	-8.87361	-87.75465	1.221284	0	0	0	0	0	0	0	0.4114781	5.559115	7.749925	0	0	0
30.89061	-8.862492	-87.81181	1.430693	0	0	0	0	0	0	0	0.6481718	-2.926508	12.2079	0	0	0
30.90061	-8.859331	-87.7721	1.490211	0	0	0	0	0	0	0	0.2642109	-0.5947352	4.976241	0	0	0
30.91061	-8.858951	-87.71817	1.497384	0	0	0	0	0	0	0	0.0276564	3.47704	0.5208904	0	0	0
30.92061	-8.858185	-87.61031	1.511796	0	0	0	0	0	0	0	0.05271944	7.405534	0.9929366	0	0	0
30.93061	-8.925622	-87.44855	1.537235	0	0	0	0	0	0	0	-1.663305	8.530288	1.246237	0	0	0
30.94061	-8.92484	-87.34071	1.551866	0	0	0	0	0	0	0	0.08022322	13.72062	1.868498	0	0	0
30.95061	-8.995853	-87.27257	1.510534	0	0	0	0	0	0	0	-6.143159	14.35442	-1.271375	0	0	0
30.96061	-8.998279	-87.20441	1.465546	0	0	0	0	0	0	0	-0.6688607	4.407551	-11.91132	0	0	0
30.97061	-8.998279	-87.20441	1.465546	0	0	0	0	0	0	0	-0.01051306	0.06927729	-0.1872205	0	0	0
30.98061	-8.99788	-87.1505	1.472938	0	0	0	0	0	0	0	0.01378771	1.878785	0.2557991	0	0	0
30.99061	-8.99788	-87.1505	1.472938	0	0	0	0	0	0	0	0.0001574515	0.02145515	0.002921148	0	0	0
31.00061	-9.0665	-87.1505	1.476653	0	0	0	0	0	0	0	-1.243609	0.0001293327	0.06758497	0	0	0
31.01061	-9.066096	-87.0966	1.484067	0	0	0	0	0	0	0	0.08452872	12.67207	1.746254	0	0	0
31.02061	-9.066096	-87.0966	1.484067	0	0	0	0	0	0	0	0.0007013259	0.1051388	0.01448849	0	0	0
31.03061	-9.068941	-87.08232	1.431715	0	0	0	0	0	0	0	-0.1340146	0.6745099	-2.466586	0	0	0
31.04062	-9.068941	-87.08232	1.431715	0	0	0	0	0	0	0	-0.001111905	0.005596338	-0.02046501	0	0	0
31.05062	-9.068537	-87.02842	1.439151	0	0	0	0	0	0	0	0.06857505	9.136277	1.262157	0	0	0
31.06062	-9.068537	-87.02842	1.439151	0	0	0	0	0	0	0	0.0004133736	0.05507391	0.007608343	0	0	0
31.07062	-9.068537	-87.02842	1.439151	0	0	0	0	0	0	0	4.720601E-06	0.0006289274	8.688497E-05	0	0	0
31.08062	-9.068537	-87.02842	1.439151	0	0	0	0	0	0	0	2.846128E-08	3.791177E-06	5.238437E-07	0	0	0
31.09062	-9.068537	-87.02842	1.439151	0	0	0	0	0	0	0	3.250192E-10	4.329409E-08	5.982136E-09	0	0	0
31.10062	-9.071381	-87.01412	1.386805	0	0	0	0	0	0	0	-0.3627977	1.825569	-6.67747	0	0	0
31.11062	-9.071381	-87.01412	1.386805	0	0	0	0	0	0	0	-0.00414304	0.02084744	-0.07625468	0	0	0
31.12062	-9.071381	-87.01412	1.386805	0	0	0	0	0	0	0	-2.497444E-05	0.0001256694	-0.0004596668	0	0	0
31.13062	-9.071381	-87.01412	1.386805	0	0	0	0	0	0	0	-2.852006E-07	1.435106E-06	-5.249256E-06	0	0	0
31.14062	-9.071381	-87.01412	1.386805	0	0	0	0	0	0	0	-1.719202E-09	8.650887E-09	-3.164276E-08	0	0	0
31.15062	-9.071381	-87.01412	1.386805	0	0	0	0	0	0	0	0	0	0	0	0	0
31.16062	-9.071381	-87.01412	1.386805	0	0	0	0	0	0	0	0	0	0	0	0	0
31.17062	-9.071381	-87.01412	1.386805	0	0	0	0	0	0	0	0	0	0	0	0	0
31.18062	-9.140035	-87.01412	1.39055	0	0	0	0	0	0	0	-5.937716	0	0.3250546	0	0	0
31.19062	-9.208688	-87.01412	1.394322	0	0	0	0	0	0	0	-2.423339	0	0.1336628	0	0	0
31.20062	-9.208688	-87.01412	1.394322	0	0	0	0	0	0	0	-0.02767379	0	0.001526389	0	0	0
31.21062	-9.208688	-87.01412	1.394322	0	0	0	0	0	0	0	-0.0003160263	0	1.74309E-05	0	0	0
31.22062	-9.208688	-87.01412	1.394322	0	0	0	0	0	0	0	-3.608925E-06	0	1.990556E-07	0	0	0
31.23062	-9.208688	-87.01412	1.394322	0	0	0	0	0	0	0	-2.175477E-08	0	1.199917E-09	0	0	0
31.24062	-9.208688	-87.01412	1.394322	0	0	0	0	0	0	0	0	0	0	0	0	0
31.25062	-9.208688	-87.01412	1.394322	0	0	0	0	0	0	0	0	0	0	0	0	0
31.26062	-9.208688	-87.01412	1.394322	0	0	0	0	0	0	0	0	0	0	0	0	0
31.27062	-9.208688	-87.01412	1.394322	0	0	0	0	0	0	0	0	0	0	0	0	0
31.28062	-9.208688	-87.01412	1.394322	0	0	0	0	0	0	0	0	0	0	0	0	0
31.29062	-9.277339	-87.01412	1.398123	0	0	0	0	0	0	0	-3.423251	0	0.1902264	0	0	0
31.30062	-9.277339	-87.01412	1.398123	0	0	0	0	0	0	0	-0.03909248	0	0.002172328	0	0	0
31.31062	-9.27443	-87.02842	1.450465	0	0	0	0	0	0	0	0.4019004	-1.97542	7.236716	0	0	0
31.32062	-9.343059	-87.02842	1.454293	0	0	0	0	0	0	0	-0.4676423	-0.007884906	0.0551545	0	0	0
31.33062	-9.408733	-87.0427	1.510495	0	0	0	0	0	0	0	-5.623345	-1.975352	7.587934	0	0	0
31.34062	-9.539948	-87.07119	1.622993	0	0	0	0	0	0	0	-12.57839	-1.781252	7.297556	0	0	0
31.35062	-9.539948	-87.07119	1.622993	0	0	0	0	0	0	0	-0.1436414	-0.02034136	0.08333588	0	0	0
31.36062	-9.67706	-87.07119	1.630895	0	0	0	0	0	0	0	-8.913786	-0.0002322921	0.5182505	0	0	0
31.37062	-9.745614	-87.07119	1.634888	0	0	0	0	0	0	0	-8.327599	-1.927303E-06	0.486811	0	0	0
31.38062	-9.814166	-87.07119	1.638909	0	0	0	0	0	0	0	-2.379452	-8.440881E-09	0.1400767	0	0	0
31.39062	-9.814166	-87.07119	1.638909	0	0	0	0	0	0	0	-0.0373999	0	0.002201706	0	0	0
31.40062	-9.814166	-87.07119	1.638909	0	0	0	0	0	0	0	-0.0002254484	0	1.327199E-05	0	0	0
31.41062	-9.814166	-87.07119	1.638909	0	0	0	0	0	0	0	-1.870522E-06	0	1.101163E-07	0	0	0
31.42062	-9.814166	-87.07119	1.638909	0	0	0	0	0	0	0	-1.551952E-08	0	9.136235E-10	0	0	0
31.43062	-9.814166	-87.07119	1.638909	0	0	0	0	0	0	0	0	0	0	0	0	0
31.44062	-9.810645	-87.03151	1.698721	0	0	0	0	0	0	0	0.5610803	0.089361	9.530949	0	0	0
31.45062	-9.80448	-87.05988	1.80345	0	0	0	0	0	0	0	0.0760194	-0.3330449	1.291325	0	0	0
31.46062	-9.869858	-87.07403	1.859867	0	0	0	0	0	0	0	-5.967984	-0.1965326	1.085035	0	0	0
31.47062	-9.869858	-87.07403	1.859867	0	0	0	0	0	0	0	-0.03597529	-0.001184708	0.00654064	0	0	0
31.48063	-9.869858	-87.07403	1.859867	0	0	0	0	0	0	0	-0.0004108269	-1.352901E-05	7.469212E-05	0	0	0
31.49063	-9.869858	-87.07403	1.859867	0	0	0	0	0	0	0	-2.476484E-06	-8.162712E-08	4.502375E-07	0	0	0
31.50063	-9.869858	-87.07403	1.859867	0	0	0	0	0	0	0	-2.054713E-08	-6.772517E-10	3.735573E-09	0	0	0
31.51063	-9.869858	-87.07403	1.859867	0	0	0	0	0	0	0	0	0	0	0	0	0
31.52063	-9.869858	-87.07403	1.859867	0	0	0	0	0	0	0	0	0	0	0	0	0
31.53063	-9.869858	-87.07403	1.859867	0	0	0	0	0	0	0	0	0	0	0	0	0
31.54063	-9.869858	-87.07403	1.859867	0	0	0	0	0	0	0	0	0	0	0	0	0
31.55063	-9.869858	-87.07403	1.859867	0	0	0	0	0	0	0	0	0	0	0	0	0
31.56063	-9.869858	-87.07403	1.859867	0	0	0	0	0	0	0	0	0	0	0	0	0
31.57063	-9.869858	-87.07403	1.859867	0	0	0	0	0	0	0	0	0	0	0	0	0
31.58063	-9.869858	-87.07403	1.859867	0	0	0	0	0	0	0	0	0	0	0	0	0
31.59063	-9.869858	-87.07403	1.859867	0	0	0	0	0	0	0	0	0	0	0	0	0
31.60063	-9.869858	-87.07403	1.859867	0	0	0	0	0	0	0	0	0	0	0	0	0
31.61063	-9.869858	-87.07403	1.859867	0	0	0	0	0	0	0	0	0	0	0	0	0
31.62063	-9.869858	-87.07403	1.859867	0	0	0	0	0	0	0	0	0	0	0	0	0
31.63063	-9.801396	-87.07403	1.855823	0	0	0	0	0	0	0	5.639927	0	-0.3320186	0	0	0
31.64063	-9.800957	-87.02013	1.863301	0	0	0	0	0	0	0	0.1017308	6.715413	0.9304822	0	0	0
31.65063	-9.80404	-87.00598	1.810928	0	0	0	0	0	0	0	-0.002182836	0.0220906	-0.03841946	0	0	0
31.66063	-9.807122	-86.99181	1.758561	0	0	0	0	0	0	0	-0.6923621	3.185398	-11.76102	0	0	0
31.67063	-9.807122	-86.99181	1.758561	0	0	0	0	0	0	0	-0.005744456	0.02642892	-0.09757994	0	0	0
31.68063	-9.807122	-86.99181	1.758561	0	0	0	0	0	0	0	-9.02907E-05	0.0004154061	-0.001533748	0	0	0
31.69063	-9.807122	-86.99181	1.758561	0	0	0	0	0	0	0	-1.031094E-06	4.74362E-06	-1.751497E-05	0	0	0
31.70063	-9.807122	-86.99181	1.758561	0	0	0	0	0	0	0	-1.177478E-08	5.417071E-08	-2.000156E-07	0	0	0
31.71063	-9.807122	-86.99181	1.758561	0	0	0	0	0	0	0	-1.344644E-10	6.18613E-10	-2.284118E-09	0	0	0
31.72063	-9.807122	-86.99181	1.758561	0	0	0	0	0	0	0	0	0	0	0	0	0
31.73063	-9.807122	-86.99181	1.758561	0	0	0	0	0	0	0	0	0	0	0	0	0
31.74063	-9.73862	-86.99181	1.754542	0	0	0	0	0	0	0	0.9130458	0	-0.05337364	0	0	0
31.75063	-9.74168	-86.97762	1.70218	0	0	0	0	0	0	0	-0.02499421	0.1826	-0.6739845	0	0	0
31.76063	-9.74168	-86.97762	1.70218	0	0	0	0	0	0	0	-0.0001094655	0.0007997211	-0.002951805	0	0	0
31.77063	-9.74474	-86.9634	1.649823	0	0	0	0	0	0	0	-0.4104882	1.907919	-7.0221	0	0	0
31.78063	-9.74474	-86.9634	1.649823	0	0	0	0	0	0	0	-0.004272224	0.01985697	-0.07308362	0	0	0
31.79063	-9.74474	-86.9634	1.649823	0	0	0	0	0	0	0	-4.878754E-05	0.0002267606	-0.0008345928	0	0	0
31.80063	-9.74474	-86.9634	1.649823	0	0	0	0	0	0	0	-2.136715E-07	9.931282E-07	-3.65521E-06	0	0	0
31.81063	-9.74474	-86.9634	1.649823	0	0	0	0	0	0	0	-9.358027E-10	4.349537E-09	-1.600848E-08	0	0	0
31.82063	-9.74474	-86.9634	1.649823	0	0	0	0	0	0	0	0	0	0	0	0	0
31.83063	-9.747801	-86.94917	1.597472	0	0	0	0	0	0	0	-0.02080696	0.09686507	-0.355938	0	0	0
31.84063	-9.747801	-86.94917	1.597472	0	0	0	0	0	0	0	-0.0002376091	0.00110617	-0.004064703	0	0	0
31.85063	-9.747801	-86.94917	1.597472	0	0	0	0	0	0	0	-1.432319E-06	6.668044E-06	-2.450222E-05	0	0	0
31.86063	-9.747801	-86.94917	1.597472	0	0	0	0	0	0	0	-1.18838E-08	5.532406E-08	-2.032924E-07	0	0	0
31.87063	-9.747801	-86.94917	1.597472	0	0	0	0	0	0	0	0	0	0	0	0	0
31.88063	-9.747801	-86.94917	1.597472	0	0	0	0	0	0	0	0	0	0	0	0	0
31.89063	-9.74474	-86.9634	1.649823	0	0	0	0	0	0	0	0.03100478	-0.1441078	0.530389	0	0	0
31.90063	-9.74474	-86.9634	1.649823	0	0	0	0	0	0	0	0.0001868983	-0.0008686885	0.003197209	0	0	0
31.91063	-9.74474	-86.9634	1.649823	0	0	0	0	0	0	0	2.134322E-06	-9.920159E-06	3.651116E-05	0	0	0
31.92064	-9.74474	-86.9634	1.649823	0	0	0	0	0	0	0	1.770825E-08	-8.230652E-08	3.029293E-07	0	0	0
31.93064	-9.73862	-86.99181	1.754542	0	0	0	0	0	0	0	0.2899106	-1.343136	4.959408	0	0	0
31.94064	-9.732496	-87.02013	1.859285	0	0	0	0	0	0	0	0.5219941	-2.410542	8.929587	0	0	0
31.95064	-9.729434	-87.03426	1.911665	0	0	0	0	0	0	0	0.1503491	-0.6931784	2.571974	0	0	0
31.96064	-9.72331	-87.06245	2.016443	0	0	0	0	0	0	0	0.5284088	-2.428295	9.03932	0	0	0
31.97064	-9.720246	-87.07652	2.06884	0	0	0	0	0	0	0	0.03132424	-0.1437157	0.5358537	0	0	0
31.98064	-9.71412	-87.10458	2.173651	0	0	0	0	0	0	0	0.4010215	-1.833887	6.860146	0	0	0
31.99064	-9.71412	-87.10458	2.173651	0	0	0	0	0	0	0	0.003327233	-0.01521557	0.05691791	0	0	0
32.00064	-9.71412	-87.10458	2.173651	0	0	0	0	0	0	0	2.76057E-05	-0.000126242	0.000472242	0	0	0
32.01064	-9.71412	-87.10458	2.173651	0	0	0	0	0	0	0	2.290416E-07	-1.047417E-06	3.918142E-06	0	0	0
32.02063	-9.71412	-87.10458	2.173651	0	0	0	0	0	0	0	1.900335E-09	-8.690305E-09	3.250842E-08	0	0	0
32.03063	-9.71412	-87.10458	2.173651	0	0	0	0	0	0	0	0	0	0	0	0	0
32.04063	-9.71412	-87.10458	2.173651	0	0	0	0	0	0	0	0	0	0	0	0	0
32.05063	-9.71412	-87.10458	2.173651	0	0	0	0	0	0	0	0	0	0	0	0	0
32.06063	-9.71412	-87.10458	2.173651	0	0	0	0	0	0	0	0	0	0	0	0	0
32.07063	-9.71412	-87.10458	2.173651	0	0	0	0	0	0	0	0	0	0	0	0	0
32.08062	-9.71412	-87.10458	2.173651	0	0	0	0	0	0	0	0	0	0	0	0	0
32.09062	-9.785536	-87.09056	2.125252	0	0	0	0	0	0	0	-0.5051244	0.09922171	-0.3420982	0	0	0
32.10062	-9.78862	-87.07652	2.072851	0	0	0	0	0	0	0	-0.1091754	0.4841206	-1.804862	0	0	0
32.11062	-9.78862	-87.07652	2.072851	0	0	0	0	0	0	0	-0.00124675	0.005528511	-0.02061097	0	0	0
32.12062	-9.791705	-87.06245	2.020455	0	0	0	0	0	0	0	-0.03036746	0.1385776	-0.515842	0	0	0
32.13062	-9.794348	-86.99448	1.975565	0	0	0	0	0	0	0	-0.7225175	4.041238	-12.27325	0	0	0
32.14061	-9.794348	-86.99448	1.975565	0	0	0	0	0	0	0	-0.005994652	0.03352972	-0.1018298	0	0	0
32.15061	-9.794348	-86.99448	1.975565	0	0	0	0	0	0	0	-4.9737E-05	0.0002781926	-0.0008448716	0	0	0
32.16061	-9.797431	-86.98037	1.92318	0	0	0	0	0	0	0	-0.4326594	1.980826	-7.349491	0	0	0
32.17061	-9.797431	-86.98037	1.92318	0	0	0	0	0	0	0	-0.01174132	0.05375475	-0.1994472	0	0	0
32.18061	-9.797431	-86.98037	1.92318	0	0	0	0	0	0	0	-7.077721E-05	0.0003240361	-0.001202277	0	0	0
32.19061	-9.797431	-86.98037	1.92318	0	0	0	0	0	0	0	-8.082542E-07	3.700394E-06	-1.372964E-05	0	0	0
32.2006	-9.796988	-86.92648	1.930702	0	0	0	0	0	0	0	0.001193472	0.1450167	0.02027324	0	0	0
32.2106	-9.800072	-86.91236	1.878323	0	0	0	0	0	0	0	-0.4244564	1.947675	-7.210148	0	0	0
32.2206	-9.800072	-86.91236	1.878323	0	0	0	0	0	0	0	-0.008368948	0.03838778	-0.1421615	0	0	0
32.2306	-9.731618	-86.91236	1.874308	0	0	0	0	0	0	0	0.6603279	0.0002314033	-0.03946049	0	0	0
32.2406	-9.731618	-86.91236	1.874308	0	0	0	0	0	0	0	0.007540745	2.641869E-06	-0.0004506269	0	0	0
32.2506	-9.728557	-86.92648	1.926688	0	0	0	0	0	0	0	0.1060146	-0.4884879	1.812485	0	0	0
32.26059	-9.728557	-86.92648	1.926688	0	0	0	0	0	0	0	0.0008795924	-0.004052933	0.015038	0	0	0
32.27059	-9.657082	-86.94059	1.975088	0	0	0	0	0	0	0	2.478795	-0.3724	1.24482	0	0	0
32.28059	-9.582628	-86.96874	2.075925	0	0	0	0	0	0	0	11.61623	-1.065143	3.315378	0	0	0
32.29059	-9.505259	-87.01081	2.229236	0	0	0	0	0	0	0	2.323344	-2.581663	9.572645	0	0	0
32.30059	-9.490257	-87.08049	2.491412	0	0	0	0	0	0	0	0.4292908	-1.975843	7.464787	0	0	0
32.31059	-9.490257	-87.08049	2.491412	0	0	0	0	0	0	0	0.0007210617	-0.00331874	0.01253829	0	0	0
32.32058	-9.490257	-87.08049	2.491412	0	0	0	0	0	0	0	8.234306E-06	-3.7899E-05	0.0001431834	0	0	0
32.33058	-9.490257	-87.08049	2.491412	0	0	0	0	0	0	0	6.7976E-08	-3.14444E-07	1.187998E-06	0	0	0
32.34058	-9.490257	-87.08049	2.491412	0	0	0	0	0	0	0	5.639897E-10	-2.608909E-09	9.856691E-09	0	0	0
32.35058	-9.489825	-87.0266	2.498956	0	0	0	0	0	0	0	0.0109031	1.358856	0.1905505	0	0	0
32.36058	-9.495827	-86.99879	2.394069	0	0	0	0	0	0	0	-0.275324	1.280167	-4.811762	0	0	0
32.37057	-9.569674	-86.91702	2.300692	0	0	0	0	0	0	0	-3.908151	3.140122	-10.53483	0	0	0
32.38057	-9.640996	-86.90305	2.25222	0	0	0	0	0	0	0	-1.825969	0.5049399	-1.785983	0	0	0
32.39057	-9.78023	-86.83517	2.21538	0	0	0	0	0	0	0	-10.7009	14.6277	-4.282482	0	0	0
32.40057	-9.848543	-86.83517	2.219415	0	0	0	0	0	0	0	-15.8953	0.1213645	0.9015451	0	0	0
32.41057	-9.916855	-86.83517	2.223479	0	0	0	0	0	0	0	-16.29996	0.001006949	0.9726816	0	0	0
32.42057	-9.916855	-86.83517	2.223479	0	0	0	0	0	0	0	-0.1352391	8.354549E-06	0.008070237	0	0	0
32.43056	-9.916401	-86.7813	2.231089	0	0	0	0	0	0	0	0.01094755	1.429353	0.2022555	0	0	0
32.44056	-9.984708	-86.7813	2.23518	0	0	0	0	0	0	0	-8.914976	0.01185919	0.5375384	0	0	0
32.45056	-10.05301	-86.7813	2.2393	0	0	0	0	0	0	0	-15.79727	9.839447E-05	0.9560642	0	0	0
32.46056	-10.12132	-86.7813	2.243448	0	0	0	0	0	0	0	-16.56077	8.163686E-07	1.009092	0	0	0
32.47056	-10.25421	-86.74142	2.311862	0	0	0	0	0	0	0	-19.91139	-0.7141339	5.955756	0	0	0
32.48056	-10.45903	-86.74142	2.324638	0	0	0	0	0	0	0	-8.34032	-0.004304833	0.5539027	0	0	0
32.49055	-10.79986	-86.68755	2.354144	0	0	0	0	0	0	0	-22.21808	3.508774	1.946966	0	0	0
32.50055	-11.07236	-86.63369	2.379804	0	0	0	0	0	0	0	-24.72359	6.845232	2.630123	0	0	0
32.51055	-11.4818	-86.63369	2.407626	0	0	0	0	0	0	0	-28.73442	0.05679418	1.996316	0	0	0
32.52055	-12.16349	-86.57983	2.463933	0	0	0	0	0	0	0	-35.93988	0.3750135	2.68918	0	0	0
32.53055	-12.70913	-86.57983	2.504843	0	0	0	0	0	0	0	-35.80203	0.003111447	2.744046	0	0	0
32.54055	-13.18644	-86.57983	2.542112	0	0	0	0	0	0	0	-34.42378	3.553179E-05	2.737674	0	0	0
32.55054	-13.59548	-86.57983	2.57515	0	0	0	0	0	0	0	-22.65098	2.141873E-07	1.857646	0	0	0
32.56054	-13.86877	-86.63369	2.590052	0	0	0	0	0	0	0	-12.34882	-1.916402	0.7582814	0	0	0
32.57054	-14.20954	-86.63369	2.618916	0	0	0	0	0	0	0	-20.0631	-0.02188473	1.717041	0	0	0
32.58054	-14.48278	-86.68755	2.634852	0	0	0	0	0	0	0	-23.30177	-1.417444	1.833663	0	0	0
32.59054	-14.75533	-86.68755	2.658898	0	0	0	0	0	0	0	-13.22482	-0.01176038	1.176031	0	0	0
32.60054	-14.95972	-86.68755	2.677226	0	0	0	0	0	0	0	-20.7491	-9.757467E-05	1.873563	0	0	0
32.61053	-15.09596	-86.68755	2.689585	0	0	0	0	0	0	0	-13.32041	-5.881847E-07	1.213835	0	0	0
32.62053	-15.30031	-86.68755	2.708333	0	0	0	0	0	0	0	-14.60583	-6.716891E-09	1.349139	0	0	0
32.63053	-15.6359	-86.70154	2.792418	0	0	0	0	0	0	0	-17.0025	-0.05035795	1.795942	0	0	0
32.64053	-15.97625	-86.70154	2.824915	0	0	0	0	0	0	0	-22.78728	-0.0003035601	2.200542	0	0	0
32.65053	-16.18043	-86.70154	2.844749	0	0	0	0	0	0	0	-17.05536	-3.466565E-06	1.66741	0	0	0
32.66053	-16.38976	-86.68755	2.812581	0	0	0	0	0	0	0	-12.15193	2.0884	-6.673548	0	0	0
32.67052	-16.45782	-86.68755	2.819334	0	0	0	0	0	0	0	-4.684302	0.05667409	0.2519717	0	0	0
32.68052	-16.45782	-86.68755	2.819334	0	0	0	0	0	0	0	-0.02823719	0.0003416341	0.001518897	0	0	0
32.69052	-16.45782	-86.68755	2.819334	0	0	0	0	0	0	0	-0.0003224602	3.901358E-06	1.734535E-05	0	0	0
32.70052	-16.45263	-86.70154	2.871586	0	0	0	0	0	0	0	0.7396495	-1.988588	7.439319	0	0	0
32.71052	-16.45263	-86.70154	2.871586	0	0	0	0	0	0	0	0.03802554	-0.1022336	0.3824564	0	0	0
32.72052	-16.37423	-86.72943	2.96936	0	0	0	0	0	0	0	1.961866	-0.7696996	2.723121	0	0	0
32.73051	-16.36388	-86.75724	3.073908	0	0	0	0	0	0	0	0.4546622	-1.168113	4.397052	0	0	0
32.74051	-16.28636	-86.83883	3.164137	0	0	0	0	0	0	0	0.6180875	-10.6581	4.391232	0	0	0
32.75051	-16.21844	-86.83883	3.157454	0	0	0	0	0	0	0	0.3525057	-0.08842915	0.002329065	0	0	0
32.76051	-16.2133	-86.85265	3.209752	0	0	0	0	0	0	0	0.008094012	-0.01979373	0.07414884	0	0	0
32.77051	-16.2133	-86.85265	3.209752	0	0	0	0	0	0	0	4.879108E-05	-0.0001193175	0.0004469727	0	0	0
32.78051	-16.14539	-86.85265	3.203099	0	0	0	0	0	0	0	11.27728	-9.89965E-07	-1.102506	0	0	0
32.7905	-16.14539	-86.85265	3.203099	0	0	0	0	0	0	0	0.1287831	-1.120487E-08	-0.01259029	0	0	0
32.8005	-16.14539	-86.85265	3.203099	0	0	0	0	0	0	0	0.0010685	0	-0.0001044606	0	0	0
32.8105	-16.14539	-86.85265	3.203099	0	0	0	0	0	0	0	8.86523E-06	0	-8.666989E-07	0	0	0
32.8205	-16.15051	-86.83883	3.150799	0	0	0	0	0	0	0	-0.01862981	0.05042902	-0.1905601	0	0	0
32.8305	-16.01464	-86.83883	3.137573	0	0	0	0	0	0	0	16.34837	0.0004184043	-1.586303	0	0	0
32.8405	-16.01464	-86.83883	3.137573	0	0	0	0	0	0	0	0.2569615	6.576422E-06	-0.0249333	0	0	0
32.85049	-15.88379	-86.82497	3.072156	0	0	0	0	0	0	0	14.86701	3.244578	-13.78408	0	0	0
32.86049	-15.88882	-86.8111	3.019859	0	0	0	0	0	0	0	-0.5188991	1.93962	-7.323993	0	0	0
32.87049	-15.82584	-86.79721	2.961046	0	0	0	0	0	0	0	-0.8545587	3.353352	-12.64518	0	0	0
32.88049	-15.84085	-86.7554	2.8042	0	0	0	0	0	0	0	-1.27528	3.572475	-13.36986	0	0	0
32.89049	-15.86085	-86.69936	2.595151	0	0	0	0	0	0	0	-1.41924	3.989324	-14.83211	0	0	0
32.90049	-15.87085	-86.67121	2.49066	0	0	0	0	0	0	0	-0.2825179	0.7967045	-2.952475	0	0	0
32.91048	-15.73444	-86.67121	2.477664	0	0	0	0	0	0	0	12.36373	0.004802573	-1.190767	0	0	0
32.92048	-15.59802	-86.67121	2.464781	0	0	0	0	0	0	0	17.49718	7.548618E-05	-1.645524	0	0	0
32.93048	-15.52981	-86.67121	2.458381	0	0	0	0	0	0	0	4.470671	1.633052E-06	-0.4185243	0	0	0
32.94048	-15.46159	-86.67121	2.452009	0	0	0	0	0	0	0	5.934818	9.844113E-09	-0.5531215	0	0	0
32.95048	-15.46159	-86.67121	2.452009	0	0	0	0	0	0	0	0.09328267	0	-0.008693889	0	0	0
32.96048	-15.46159	-86.67121	2.452009	0	0	0	0	0	0	0	0.0005623123	0	-5.240717E-05	0	0	0
32.97047	-15.46159	-86.67121	2.452009	0	0	0	0	0	0	0	3.389645E-06	0	-3.159129E-07	0	0	0
32.98047	-15.46159	-86.67121	2.452009	0	0	0	0	0	0	0	3.870872E-08	0	-3.60763E-09	0	0	0
32.99047	-15.46159	-86.67121	2.452009	0	0	0	0	0	0	0	0	0	0	0	0	0
33.00047	-15.46159	-86.67121	2.452009	0	0	0	0	0	0	0	0	0	0	0	0	0
33.01047	-15.46159	-86.67121	2.452009	0	0	0	0	0	0	0	0	0	0	0	0	0
33.02047	-15.46159	-86.67121	2.452009	0	0	0	0	0	0	0	0	0	0	0	0	0
33.03046	-15.45672	-86.6853	2.504263	0	0	0	0	0	0	0	0.04643764	-0.1342023	0.4982612	0	0	0
33.04046	-15.45672	-86.6853	2.504263	0	0	0	0	0	0	0	0.0005303037	-0.00153255	0.005689991	0	0	0
33.05046	-15.52492	-86.6853	2.510633	0	0	0	0	0	0	0	-6.231855	-9.238282E-06	0.5834247	0	0	0
33.06046	-15.52492	-86.6853	2.510633	0	0	0	0	0	0	0	-0.05170505	-7.664907E-08	0.004840613	0	0	0
33.07046	-15.52003	-86.69936	2.562891	0	0	0	0	0	0	0	0.1724341	-0.4965605	1.846587	0	0	0
33.08046	-15.58819	-86.69936	2.569287	0	0	0	0	0	0	0	-4.240232	-0.00567057	0.4199775	0	0	0
33.09045	-15.65143	-86.7134	2.627971	0	0	0	0	0	0	0	-2.029308	-0.9131887	3.623128	0	0	0
33.10045	-15.71461	-86.72742	2.686684	0	0	0	0	0	0	0	-0.8707733	-0.1984346	0.8295035	0	0	0
33.11045	-15.77277	-86.7554	2.7977	0	0	0	0	0	0	0	-3.867954	-1.393812	5.632208	0	0	0
33.12045	-15.69478	-86.78329	2.895795	0	0	0	0	0	0	0	9.68468	-0.6693733	1.617414	0	0	0
33.13045	-15.68486	-86.8111	3.000384	0	0	0	0	0	0	0	0.3509092	-0.4599364	1.715049	0	0	0
33.14045	-15.66997	-86.85265	3.15731	0	0	0	0	0	0	0	0.9870757	-2.74411	10.3893	0	0	0
33.15044	-15.65508	-86.89401	3.314287	0	0	0	0	0	0	0	1.379807	-3.82281	14.54577	0	0	0
33.16044	-15.64515	-86.92148	3.418966	0	0	0	0	0	0	0	1.265888	-3.495555	13.34498	0	0	0
33.17044	-15.62528	-86.97615	3.628391	0	0	0	0	0	0	0	0.3499071	-0.9597676	3.688718	0	0	0
33.18044	-15.54271	-87.01693	3.779112	0	0	0	0	0	0	0	2.534572	-2.13418	8.078376	0	0	0
33.19044	-15.44547	-87.09792	4.087161	0	0	0	0	0	0	0	3.508029	-7.158634	27.85406	0	0	0
33.20044	-15.35829	-87.15147	4.290558	0	0	0	0	0	0	0	2.96141	-5.597634	21.91102	0	0	0
33.21043	-15.19486	-87.28503	4.585158	0	0	0	0	0	0	0	6.730564	-14.61329	20.37132	0	0	0
33.22043	-15.04087	-87.33773	4.7827	0	0	0	0	0	0	0	11.27724	-3.886843	14.20414	0	0	0
33.23043	-14.87284	-87.42913	5.138086	0	0	0	0	0	0	0	3.462457	-1.98371	7.779086	0	0	0
33.24043	-14.64314	-87.50663	5.435277	0	0	0	0	0	0	0	16.35008	-5.33428	20.53158	0	0	0
33.25043	-14.49042	-87.55787	5.633684	0	0	0	0	0	0	0	17.64332	-3.167914	11.58716	0	0	0
33.26043	-14.40485	-87.60876	5.838225	0	0	0	0	0	0	0	4.665521	-5.655417	23.24492	0	0	0
33.27042	-14.3148	-87.67189	6.095549	0	0	0	0	0	0	0	4.72867	-4.265024	17.58573	0	0	0
33.28042	-14.23883	-87.697	6.195009	0	0	0	0	0	0	0	1.403075	-2.359304	9.871375	0	0	0
33.29042	-14.21041	-87.71791	6.518744	0	0	0	0	0	0	0	2.480405	-1.716212	28.22071	0	0	0
33.30042	-14.13004	-87.75501	6.671048	0	0	0	0	0	0	0	2.450059	-2.21191	9.439082	0	0	0
33.31042	-14.05438	-87.77964	6.770703	0	0	0	0	0	0	0	1.418902	-1.378305	5.835347	0	0	0
33.32042	-14.04521	-87.80418	6.876174	0	0	0	0	0	0	0	1.098784	-2.906342	12.51284	0	0	0
33.33041	-14.02686	-87.85301	7.087176	0	0	0	0	0	0	0	0.3294264	-0.8729247	3.786604	0	0	0
33.34041	-13.94227	-87.90149	7.292511	0	0	0	0	0	0	0	9.763334	-2.237215	9.006151	0	0	0
33.35041	-13.93313	-87.9256	7.398084	0	0	0	0	0	0	0	0.5898481	-1.217011	5.328142	0	0	0
33.36041	-13.92399	-87.94962	7.503677	0	0	0	0	0	0	0	0.8403538	-2.199122	9.684214	0	0	0
33.37041	-13.90113	-88.0093	7.767746	0	0	0	0	0	0	0	1.181094	-3.068857	13.64359	0	0	0
33.38041	-13.82144	-88.04485	7.920548	0	0	0	0	0	0	0	1.618989	-1.939001	8.595291	0	0	0
33.3904	-13.74641	-88.06844	8.020576	0	0	0	0	0	0	0	0.8635535	-1.049876	4.673477	0	0	0
33.4004	-13.74188	-88.08021	8.073431	0	0	0	0	0	0	0	0.2216393	-0.5611566	2.523432	0	0	0
33.4104	-13.71921	-88.13869	8.337782	0	0	0	0	0	0	0	2.133585	-5.479409	24.88441	0	0	0
33.4204	-13.63988	-88.17353	8.490828	0	0	0	0	0	0	0	7.062327	-2.953557	12.9883	0	0	0
33.4304	-13.56067	-88.20818	8.643952	0	0	0	0	0	0	0	2.373704	-3.798972	17.38214	0	0	0
33.4404	-13.48093	-88.18875	8.804798	0	0	0	0	0	0	0	1.931396	-1.491876	18.92163	0	0	0
33.45039	-13.46304	-88.23438	9.016555	0	0	0	0	0	0	0	0.6853663	-1.719953	8.087532	0	0	0
33.46039	-13.39307	-88.24573	9.063984	0	0	0	0	0	0	0	0.5701705	-0.1978329	0.8831494	0	0	0
33.47039	-13.37906	-88.22579	9.230531	0	0	0	0	0	0	0	0.5855206	0.4424428	6.962239	0	0	0
33.48039	-13.37461	-88.23706	9.283502	0	0	0	0	0	0	0	0.06107098	-0.1519673	0.7263257	0	0	0
33.49039	-13.2826	-88.3042	9.595947	0	0	0	0	0	0	0	5.168755	-5.131585	24.18746	0	0	0
33.50039	-13.20849	-88.3264	9.696516	0	0	0	0	0	0	0	11.95884	-1.566353	6.549725	0	0	0
33.51038	-13.06427	-88.30569	9.852462	0	0	0	0	0	0	0	10.46797	-2.358111	11.98845	0	0	0
33.52038	-12.98541	-88.28478	10.01393	0	0	0	0	0	0	0	6.324828	0.6141083	20.47644	0	0	0
33.53038	-12.69876	-88.29624	10.31891	0	0	0	0	0	0	0	20.3444	-0.3903536	18.36557	0	0	0
33.54038	-12.33934	-88.27441	10.7335	0	0	0	0	0	0	0	27.29445	-1.687939	41.76244	0	0	0
33.55038	-11.92449	-88.17638	11.04587	0	0	0	0	0	0	0	29.43258	5.272221	34.26728	0	0	0
33.56038	-11.5196	-88.11061	11.24539	0	0	0	0	0	0	0	25.90785	-1.136699	23.11318	0	0	0
33.57037	-11.1152	-87.99068	11.45406	0	0	0	0	0	0	0	22.32513	8.480495	1.658675	0	0	0
33.58037	-10.90256	-87.9883	11.71457	0	0	0	0	0	0	0	12.61801	-2.103157	13.36291	0	0	0
33.59037	-10.7015	-87.95492	11.81573	0	0	0	0	0	0	0	10.16287	-0.8232456	4.72809	0	0	0
33.60037	-10.62266	-87.99551	12.02439	0	0	0	0	0	0	0	3.738379	-5.493549	28.85862	0	0	0
33.61037	-10.41914	-88.02572	12.17124	0	0	0	0	0	0	0	13.75095	-3.621078	18.38839	0	0	0
33.62037	-10.21949	-88.04575	12.26509	0	0	0	0	0	0	0	6.83074	-0.836671	4.033196	0	0	0
33.63036	-10.08424	-88.0657	12.36334	0	0	0	0	0	0	0	17.53403	-3.473053	17.5481	0	0	0
33.64036	-9.948631	-88.03175	12.46976	0	0	0	0	0	0	0	6.980785	1.507092	4.89656	0	0	0
33.65036	-9.813714	-88.05152	12.56828	0	0	0	0	0	0	0	3.427253	-1.788418	9.64555	0	0	0
33.66036	-9.685096	-87.99771	12.56831	0	0	0	0	0	0	0	3.297563	7.429659	0.9729536	0	0	0
33.67036	-9.685096	-87.99771	12.56831	0	0	0	0	0	0	0	0.03874598	0.2017923	0.02862395	0	0	0
33.68036	-9.685096	-87.99771	12.56831	0	0	0	0	0	0	0	0.0003214713	0.001674249	0.0002374899	0	0	0
33.69035	-9.685096	-87.99771	12.56831	0	0	0	0	0	0	0	5.399618E-07	2.812166E-06	3.989018E-07	0	0	0
33.70035	-9.617246	-87.95376	12.62574	0	0	0	0	0	0	0	0.8670182	4.888278	14.03892	0	0	0
33.71035	-9.485925	-87.96359	12.67123	0	0	0	0	0	0	0	8.523732	0.1403957	0.2380972	0	0	0
33.72035	-9.290688	-87.9734	12.713	0	0	0	0	0	0	0	14.67177	-0.1276317	-0.1610311	0	0	0
33.73035	-9.159548	-87.98319	12.75877	0	0	0	0	0	0	0	5.393952	-0.17975	0.6671873	0	0	0
33.74035	-9.095096	-87.92939	12.7631	0	0	0	0	0	0	0	1.305905	0.3778324	-0.003331645	0	0	0
33.75034	-9.09774	-87.8658	12.71786	0	0	0	0	0	0	0	-0.7352613	2.647336	-12.83311	0	0	0
33.76034	-9.035894	-87.7484	12.67707	0	0	0	0	0	0	0	8.424133	1.826991	-3.91364	0	0	0
33.77034	-8.970937	-87.64082	12.68975	0	0	0	0	0	0	0	6.109083	5.210196	0.4039176	0	0	0
33.78034	-8.77798	-87.53326	12.69528	0	0	0	0	0	0	0	13.09278	2.302136	-0.3840783	0	0	0
33.79034	-8.585502	-87.47948	12.69284	0	0	0	0	0	0	0	10.78903	0.9657047	-0.4459351	0	0	0
33.80033	-8.585044	-87.42571	12.70113	0	0	0	0	0	0	0	0.299096	4.773058	0.7226976	0	0	0
33.81033	-8.585044	-87.42571	12.70113	0	0	0	0	0	0	0	0.001802965	0.02877222	0.004356455	0	0	0
33.82033	-8.585044	-87.42571	12.70113	0	0	0	0	0	0	0	2.058931E-05	0.00032857	4.97494E-05	0	0	0
33.83033	-8.585044	-87.42571	12.70113	0	0	0	0	0	0	0	1.241133E-07	1.980635E-06	2.998917E-07	0	0	0
33.84033	-8.520586	-87.37194	12.70592	0	0	0	0	0	0	0	2.321041	0.3925911	-0.06610042	0	0	0
33.85033	-8.455677	-87.26441	12.71913	0	0	0	0	0	0	0	4.590069	9.315992	1.204995	0	0	0
33.86032	-8.39123	-87.21066	12.72404	0	0	0	0	0	0	0	8.176599	2.06006	-0.118411	0	0	0
33.87032	-8.390323	-87.10314	12.74087	0	0	0	0	0	0	0	0.1476197	2.291484	0.352649	0	0	0
33.88032	-8.325884	-87.04939	12.74587	0	0	0	0	0	0	0	0.6157709	0.7305458	0.08232071	0	0	0
33.89032	-8.328286	-86.98582	12.70098	0	0	0	0	0	0	0	-0.1229551	0.739955	-2.428451	0	0	0
33.90032	-8.327832	-86.93208	12.70947	0	0	0	0	0	0	0	0.0100772	1.317392	0.187252	0	0	0
33.91032	-8.327376	-86.87833	12.71798	0	0	0	0	0	0	0	0.06268715	7.387695	1.171572	0	0	0
33.92031	-8.327376	-86.87833	12.71798	0	0	0	0	0	0	0	0.0003443646	0.0405831	0.006435899	0	0	0
33.93031	-8.327376	-86.87833	12.71798	0	0	0	0	0	0	0	5.41271E-06	0.0006378795	0.0001011592	0	0	0
33.94031	-8.327376	-86.87833	12.71798	0	0	0	0	0	0	0	3.262808E-08	3.845168E-06	6.097927E-07	0	0	0
33.95031	-8.327376	-86.87833	12.71798	0	0	0	0	0	0	0	3.726027E-10	4.391065E-08	6.963648E-09	0	0	0
33.96031	-8.327376	-86.87833	12.71798	0	0	0	0	0	0	0	0	0	0	0	0	0
33.97031	-8.327376	-86.87833	12.71798	0	0	0	0	0	0	0	0	0	0	0	0	0
33.9803	-8.32692	-86.8246	12.72651	0	0	0	0	0	0	0	0.0305566	3.591587	0.5710786	0	0	0
33.9903	-8.39045	-86.77087	12.7385	0	0	0	0	0	0	0	-0.3107643	2.541045	0.4230242	0	0	0
34.0003	-8.389524	-86.66341	12.75568	0	0	0	0	0	0	0	0.07027596	8.365049	1.340645	0	0	0
34.0103	-8.389059	-86.6097	12.7643	0	0	0	0	0	0	0	0.0839579	9.693819	1.557531	0	0	0
34.0203	-8.389059	-86.6097	12.7643	0	0	0	0	0	0	0	0.0009587738	0.1107005	0.01778653	0	0	0
34.0303	-8.389059	-86.6097	12.7643	0	0	0	0	0	0	0	1.506988E-05	0.001739975	0.0002795663	0	0	0
34.04029	-8.389059	-86.6097	12.7643	0	0	0	0	0	0	0	1.250673E-07	1.443639E-05	2.319531E-06	0	0	0
34.05029	-8.389059	-86.6097	12.7643	0	0	0	0	0	0	0	1.42823E-09	1.648592E-07	2.648834E-08	0	0	0
34.06029	-8.389059	-86.6097	12.7643	0	0	0	0	0	0	0	0	0	0	0	0	0
34.07029	-8.389059	-86.6097	12.7643	0	0	0	0	0	0	0	0	0	0	0	0	0
34.08029	-8.389059	-86.6097	12.7643	0	0	0	0	0	0	0	0	0	0	0	0	0
34.09029	-8.389059	-86.6097	12.7643	0	0	0	0	0	0	0	0	0	0	0	0	0
34.10028	-8.389059	-86.6097	12.7643	0	0	0	0	0	0	0	0	0	0	0	0	0
34.11028	-8.389059	-86.6097	12.7643	0	0	0	0	0	0	0	0	0	0	0	0	0
34.12028	-8.389059	-86.6097	12.7643	0	0	0	0	0	0	0	0	0	0	0	0	0
34.13028	-8.453035	-86.6097	12.76776	0	0	0	0	0	0	0	-0.3291933	0	0.01788561	0	0	0
34.14028	-8.450136	-86.61953	12.82112	0	0	0	0	0	0	0	0.1947847	-0.6611553	3.59252	0	0	0
34.15028	-8.450136	-86.61953	12.82112	0	0	0	0	0	0	0	0.002224382	-0.007550194	0.04102549	0	0	0
34.16027	-8.450136	-86.61953	12.82112	0	0	0	0	0	0	0	1.845546E-05	-6.264316E-05	0.0003403842	0	0	0
34.17027	-8.450136	-86.61953	12.82112	0	0	0	0	0	0	0	2.111903E-07	-7.15366E-07	3.887061E-06	0	0	0
34.18027	-8.450136	-86.61953	12.82112	0	0	0	0	0	0	0	1.273065E-09	-4.31226E-09	2.343139E-08	0	0	0
34.19027	-8.450136	-86.61953	12.82112	0	0	0	0	0	0	0	0	0	0	0	0	0
34.20027	-8.450136	-86.61953	12.82112	0	0	0	0	0	0	0	0	0	0	0	0	0
34.21027	-8.386182	-86.61953	12.81766	0	0	0	0	0	0	0	8.732224	0	-0.4708346	0	0	0
34.22026	-8.386182	-86.61953	12.81766	0	0	0	0	0	0	0	0.1250886	0	-0.00674468	0	0	0
34.23026	-8.386182	-86.61953	12.81766	0	0	0	0	0	0	0	0.00075404	0	-4.065725E-05	0	0	0
34.24026	-8.386182	-86.61953	12.81766	0	0	0	0	0	0	0	8.610908E-06	0	-4.642934E-07	0	0	0
34.25026	-8.386182	-86.61953	12.81766	0	0	0	0	0	0	0	5.190696E-08	0	-2.798783E-09	0	0	0
34.26026	-8.383305	-86.62934	12.87103	0	0	0	0	0	0	0	0.1946999	-0.6630142	3.610955	0	0	0
34.27026	-8.383305	-86.62934	12.87103	0	0	0	0	0	0	0	0.00117366	-0.003996681	0.02176701	0	0	0
34.28025	-8.383305	-86.62934	12.87103	0	0	0	0	0	0	0	5.1402E-06	-1.750399E-05	9.533151E-05	0	0	0
34.29025	-8.383305	-86.62934	12.87103	0	0	0	0	0	0	0	8.079297E-08	-2.751254E-07	1.498408E-06	0	0	0
34.30025	-8.383305	-86.62934	12.87103	0	0	0	0	0	0	0	9.226312E-10	-3.141849E-09	1.711136E-08	0	0	0
34.31025	-8.383305	-86.62934	12.87103	0	0	0	0	0	0	0	0	0	0	0	0	0
34.32025	-8.383305	-86.62934	12.87103	0	0	0	0	0	0	0	0	0	0	0	0	0
34.33025	-8.383305	-86.62934	12.87103	0	0	0	0	0	0	0	0	0	0	0	0	0
34.34024	-8.383305	-86.62934	12.87103	0	0	0	0	0	0	0	0	0	0	0	0	0
34.35024	-8.380426	-86.63913	12.9244	0	0	0	0	0	0	0	0.09286745	-0.3155164	1.722344	0	0	0
34.36024	-8.316515	-86.63913	12.92097	0	0	0	0	0	0	0	1.616953	-0.002617806	-0.0721867	0	0	0
34.37024	-8.316515	-86.63913	12.92097	0	0	0	0	0	0	0	0.005145128	-8.329832E-06	-0.0002296973	0	0	0
34.38024	-8.316515	-86.63913	12.92097	0	0	0	0	0	0	0	5.87558E-05	-9.512416E-08	-2.623074E-06	0	0	0
34.39024	-8.313659	-86.6489	12.97434	0	0	0	0	0	0	0	0.1329215	-0.4540215	2.484191	0	0	0
34.40023	-8.246934	-86.65864	13.02432	0	0	0	0	0	0	0	9.352014	-1.214808	6.18461	0	0	0
34.41023	-8.177438	-86.67806	13.12772	0	0	0	0	0	0	0	4.59526	-0.8213548	4.29605	0	0	0
34.42023	-7.980456	-86.6974	13.22455	0	0	0	0	0	0	0	13.93564	-2.784549	14.73902	0	0	0
34.43023	-7.847471	-86.71665	13.32486	0	0	0	0	0	0	0	12.75217	-1.764595	9.194533	0	0	0
34.44023	-7.717316	-86.72624	13.37188	0	0	0	0	0	0	0	16.92385	-0.1682164	0.09745964	0	0	0
34.45023	-7.648312	-86.74536	13.47557	0	0	0	0	0	0	0	2.473119	-0.2926724	1.521367	0	0	0
34.46022	-7.58201	-86.75489	13.52587	0	0	0	0	0	0	0	1.654697	-1.622357	9.050645	0	0	0
34.47022	-7.58201	-86.75489	13.52587	0	0	0	0	0	0	0	0.01372885	-0.01346052	0.07509226	0	0	0
34.48022	-7.449534	-86.77388	13.62657	0	0	0	0	0	0	0	10.96079	-0.6305946	3.038374	0	0	0
34.49022	-7.317229	-86.79278	13.7274	0	0	0	0	0	0	0	10.11859	-1.751422	9.472565	0	0	0
34.50022	-7.185093	-86.81159	13.82835	0	0	0	0	0	0	0	7.150884	-2.560074	14.28271	0	0	0
34.51022	-6.98963	-86.83032	13.92655	0	0	0	0	0	0	0	10.63123	-0.3767499	1.67986	0	0	0
34.52021	-6.857877	-86.84896	14.02781	0	0	0	0	0	0	0	9.202139	-1.276736	6.949633	0	0	0
34.53021	-6.794419	-86.84896	14.02501	0	0	0	0	0	0	0	0.5189366	-0.01059294	0.03820506	0	0	0
34.54021	-6.662879	-86.86751	14.12645	0	0	0	0	0	0	0	11.85612	-1.068139	5.673647	0	0	0
34.55021	-6.597172	-86.87675	14.17722	0	0	0	0	0	0	0	6.269013	-2.10533	11.95371	0	0	0
34.56021	-6.470379	-86.87675	14.17185	0	0	0	0	0	0	0	16.24462	-0.02404223	-0.54217	0	0	0
34.57021	-6.339178	-86.89518	14.27359	0	0	0	0	0	0	0	6.625486	-0.3751995	1.916035	0	0	0
34.5802	-6.079404	-86.92265	14.42393	0	0	0	0	0	0	0	11.33384	-0.8545734	4.573783	0	0	0
34.5902	-5.950743	-86.93176	14.47252	0	0	0	0	0	0	0	6.648999	-0.05298631	0.05497276	0	0	0
34.6002	-5.756907	-86.94991	14.57237	0	0	0	0	0	0	0	10.46894	-0.6454086	3.42837	0	0	0
34.6102	-5.502051	-86.95896	14.61665	0	0	0	0	0	0	0	10.99925	-0.1698308	0.6140386	0	0	0
34.6202	-5.245527	-86.97699	14.71492	0	0	0	0	0	0	0	12.29295	-0.6690066	3.569454	0	0	0
34.6302	-5.054236	-86.98598	14.76213	0	0	0	0	0	0	0	9.834763	-1.125911	6.406496	0	0	0
34.64019	-4.736797	-86.99493	14.80563	0	0	0	0	0	0	0	17.0661	-0.2246967	0.8199223	0	0	0
34.65019	-4.607304	-87.01279	14.90894	0	0	0	0	0	0	0	7.895852	-0.8701853	5.003314	0	0	0
34.66019	-4.290322	-87.02168	14.95337	0	0	0	0	0	0	0	21.64001	-1.503358	8.470562	0	0	0
34.67019	-4.099656	-87.03056	15.00179	0	0	0	0	0	0	0	12.17135	-1.12264	6.468943	0	0	0
34.68019	-3.783042	-87.03941	15.04728	0	0	0	0	0	0	0	20.93313	-0.8004094	4.33964	0	0	0
34.69019	-3.593926	-87.03941	15.04273	0	0	0	0	0	0	0	5.388451	-0.009140432	-0.07086471	0	0	0
34.70018	-3.341762	-87.03941	15.03702	0	0	0	0	0	0	0	12.00605	-7.58372E-05	-0.2612357	0	0	0
34.71018	-2.963499	-87.03941	15.02925	0	0	0	0	0	0	0	23.19491	-1.273806E-07	-0.4483279	0	0	0
34.72018	-2.648267	-87.03941	15.02348	0	0	0	0	0	0	0	22.90196	-1.454647E-09	-0.3955643	0	0	0
34.73018	-2.333023	-87.03941	15.01836	0	0	0	0	0	0	0	19.1676	0	-0.2916453	0	0	0
34.74018	-2.08082	-87.03941	15.01473	0	0	0	0	0	0	0	10.44725	0	-0.1417733	0	0	0
34.75018	-1.891004	-87.04823	15.06589	0	0	0	0	0	0	0	13.13213	-0.03243895	0.03526216	0	0	0
34.76017	-1.764943	-87.04823	15.06439	0	0	0	0	0	0	0	15.70202	-0.0003704429	-0.1785416	0	0	0
34.77017	-1.701911	-87.04823	15.06367	0	0	0	0	0	0	0	1.68077	-2.233048E-06	-0.01864772	0	0	0
34.78017	-1.575849	-87.04823	15.06232	0	0	0	0	0	0	0	8.531161	-2.550073E-08	-0.08770304	0	0	0
34.79017	-1.32372	-87.04823	15.05994	0	0	0	0	0	0	0	19.54081	0	-0.1687425	0	0	0
34.80017	-0.9455198	-87.04823	15.05714	0	0	0	0	0	0	0	23.24725	0	-0.1433905	0	0	0
34.81017	-0.5673142	-87.04823	15.05527	0	0	0	0	0	0	0	20.82244	0	-0.07705984	0	0	0
34.82016	-0.3779453	-87.06583	15.16193	0	0	0	0	0	0	0	14.57771	-1.507829	9.179679	0	0	0
34.83016	-0.2518755	-87.07458	15.2153	0	0	0	0	0	0	0	3.482722	-1.524989	9.338673	0	0	0
34.84016	-0.1889067	-87.07458	15.21521	0	0	0	0	0	0	0	0.876071	-0.01741491	0.1056294	0	0	0
34.85016	-0.1889067	-87.07458	15.21521	0	0	0	0	0	0	0	0.005280997	-0.0001049779	0.0006367393	0	0	0
34.86016	-0.1889067	-87.07458	15.21521	0	0	0	0	0	0	0	6.030739E-05	-1.198816E-06	7.27137E-06	0	0	0
34.87016	-0.1259819	-87.06583	15.16152	0	0	0	0	0	0	0	0.2292473	0.4172281	-2.550223	0	0	0
34.88015	-0.06299096	-87.06583	15.16148	0	0	0	0	0	0	0	0.316757	0.004764619	-0.02925087	0	0	0
34.89015	0.1259819	-87.06583	15.16152	0	0	0	0	0	0	0	10.29325	2.872135E-05	0.00828961	0	0	0
34.90015	0.1889067	-87.07458	15.21521	0	0	0	0	0	0	0	1.334296	-0.412129	2.526974	0	0	0
34.91015	0.3148443	-87.07458	15.21542	0	0	0	0	0	0	0	4.19937	-0.003419391	0.0295863	0	0	0
34.92015	0.3148443	-87.07458	15.21542	0	0	0	0	0	0	0	0.04795554	-3.904841E-05	0.0003378666	0	0	0
34.93015	0.3148443	-87.07458	15.21542	0	0	0	0	0	0	0	0.0005476377	-4.45921E-07	3.858334E-06	0	0	0
34.94014	0.3148443	-87.07458	15.21542	0	0	0	0	0	0	0	4.543692E-06	-3.69976E-09	3.20122E-08	0	0	0
34.95014	0.3148443	-87.07458	15.21542	0	0	0	0	0	0	0	3.769893E-08	0	7.75089E-11	0	0	0
34.96014	0.3148443	-87.07458	15.21542	0	0	0	0	0	0	0	0	0	0	0	0	0
34.97014	0.3148443	-87.07458	15.21542	0	0	0	0	0	0	0	0	0	0	0	0	0
34.98014	0.3148443	-87.07458	15.21542	0	0	0	0	0	0	0	0	0	0	0	0	0
34.99014	0.3148443	-87.07458	15.21542	0	0	0	0	0	0	0	0	0	0	0	0	0
35.00013	0.3148443	-87.07458	15.21542	0	0	0	0	0	0	0	0	0	0	0	0	0
35.01013	0.3148443	-87.07458	15.21542	0	0	0	0	0	0	0	0	0	0	0	0	0
35.02013	0.314734	-87.08333	15.26905	0	0	0	0	0	0	0	-0.01831003	-1.449668	8.905666	0	0	0
35.03013	0.3146237	-87.09205	15.32268	0	0	0	0	0	0	0	-0.01550868	-1.22472	7.543142	0	0	0
35.04013	0.3145135	-87.10075	15.37632	0	0	0	0	0	0	0	-0.01564881	-1.232604	7.6113	0	0	0
35.05013	0.2516108	-87.10075	15.3762	0	0	0	0	0	0	0	-2.837938	-0.03317775	0.2002047	0	0	0
35.06012	0.2516108	-87.10075	15.3762	0	0	0	0	0	0	0	-0.01710722	-0.0001999971	0.001206844	0	0	0
35.07012	0.2516108	-87.10075	15.3762	0	0	0	0	0	0	0	-0.0001953593	-2.283906E-06	1.378179E-05	0	0	0
35.08012	0.2516108	-87.10075	15.3762	0	0	0	0	0	0	0	-1.177635E-06	-1.376749E-08	8.307727E-08	0	0	0
35.09012	0.2516108	-87.10075	15.3762	0	0	0	0	0	0	0	-1.344664E-08	0	-2.211699E-11	0	0	0
35.10012	0.2516108	-87.10075	15.3762	0	0	0	0	0	0	0	0	0	0	0	0	0
35.11012	0.2516108	-87.10075	15.3762	0	0	0	0	0	0	0	0	0	0	0	0	0
35.12011	0.1888746	-86.91344	15.24124	0	0	0	0	0	0	0	-5.772559	18.34542	-11.52425	0	0	0
35.13011	0.1890515	-86.77968	15.09783	0	0	0	0	0	0	0	-0.001084602	6.931299	-7.007395	0	0	0
35.14011	0.1891621	-86.6546	15.00816	0	0	0	0	0	0	0	0.001257267	0.7379271	-1.028818	0	0	0
35.15011	0.2522016	-86.60091	15.01705	0	0	0	0	0	0	0	1.616574	6.784468	1.114394	0	0	0
35.16011	0.2522897	-86.59204	14.96345	0	0	0	0	0	0	0	0.02069359	0.3017752	-1.340838	0	0	0
35.1701	0.2522897	-86.59204	14.96345	0	0	0	0	0	0	0	0.0001247419	0.001819115	-0.008082636	0	0	0
35.1801	0.2522016	-86.60091	15.01705	0	0	0	0	0	0	0	-0.002986904	-0.3002525	1.816533	0	0	0
35.1901	0.252187	-86.54723	15.02588	0	0	0	0	0	0	0	-0.002669615	9.762183	1.623072	0	0	0
35.2001	0.252187	-86.54723	15.02588	0	0	0	0	0	0	0	-2.214958E-05	0.08099581	0.01346645	0	0	0
35.2101	0.2521725	-86.49354	15.03474	0	0	0	0	0	0	0	-0.002576176	9.48704	1.566258	0	0	0
35.2201	0.1891294	-86.49354	15.03465	0	0	0	0	0	0	0	-0.3075917	0.1083391	0.01750678	0	0	0
35.23009	0.1891185	-86.43986	15.04352	0	0	0	0	0	0	0	-0.0006256122	0.5339986	0.0883834	0	0	0
35.24009	0.1891185	-86.43986	15.04352	0	0	0	0	0	0	0	-5.190638E-06	0.004430531	0.0007333079	0	0	0
35.25009	0.1891185	-86.43986	15.04352	0	0	0	0	0	0	0	-4.306618E-08	3.675965E-05	6.084178E-06	0	0	0
35.26009	0.1891185	-86.43986	15.04352	0	0	0	0	0	0	0	-6.227218E-11	3.049909E-07	5.048015E-08	0	0	0
35.27009	0	-86.45753	15.15063	0	0	0	0	0	0	0	-10.68217	-2.107375	12.81441	0	0	0
35.28009	-0.06299541	-86.45753	15.15064	0	0	0	0	0	0	0	-2.589004	-0.03312344	0.2024797	0	0	0
35.29008	-0.1889862	-86.45753	15.15075	0	0	0	0	0	0	0	-3.075387	-0.0001450685	0.004675913	0	0	0
35.30008	-0.1889862	-86.45753	15.15075	0	0	0	0	0	0	0	-0.03511998	-1.656638E-06	5.339751E-05	0	0	0
35.31008	-0.18892	-86.46634	15.20437	0	0	0	0	0	0	0	0.001096118	-0.2191311	1.335879	0	0	0
35.32008	-0.1888539	-86.47513	15.25799	0	0	0	0	0	0	0	0.008213035	-1.089934	6.661502	0	0	0
35.33008	-0.1888539	-86.47513	15.25799	0	0	0	0	0	0	0	0.0001290914	-0.01713143	0.1047046	0	0	0
35.34008	-0.1888539	-86.47513	15.25799	0	0	0	0	0	0	0	2.030171E-06	-0.0002692695	0.001645732	0	0	0
35.35007	-0.1888539	-86.47513	15.25799	0	0	0	0	0	0	0	8.891404E-09	-1.179302E-06	7.207704E-06	0	0	0
35.36007	-0.1888539	-86.47513	15.25799	0	0	0	0	0	0	0	1.397539E-10	-1.85361E-08	1.132897E-07	0	0	0
35.37007	-0.1888539	-86.47513	15.25799	0	0	0	0	0	0	0	0	0	0	0	0	0
35.38007	-0.1259026	-86.47513	15.25793	0	0	0	0	0	0	0	14.86376	0	-0.01222392	0	0	0
35.39007	-0.06292926	-86.48389	15.31151	0	0	0	0	0	0	0	2.945977	-0.03286912	0.2001946	0	0	0
35.40007	0	-86.49263	15.36513	0	0	0	0	0	0	0	7.924659	-1.482465	9.107166	0	0	0
35.41006	0.06288515	-86.50135	15.41878	0	0	0	0	0	0	0	3.104129	-1.228006	7.564673	0	0	0
35.42006	0.1885892	-86.51005	15.47252	0	0	0	0	0	0	0	8.799769	-1.204111	7.446238	0	0	0
35.43006	0.2513641	-86.51872	15.52625	0	0	0	0	0	0	0	2.230134	-2.122796	13.14587	0	0	0
35.44006	0.4395778	-86.53601	15.63397	0	0	0	0	0	0	0	12.19094	-1.185723	7.414102	0	0	0
35.45006	0.5649725	-86.54462	15.68804	0	0	0	0	0	0	0	14.77445	-0.5655025	3.583109	0	0	0
35.46006	0.6273056	-86.56178	15.7956	0	0	0	0	0	0	0	2.14058	-2.805132	17.6031	0	0	0
35.47005	0.7528095	-86.61546	15.78729	0	0	0	0	0	0	0	8.162946	-0.5481161	0.1559983	0	0	0
35.48005	0.8152562	-86.624	15.84127	0	0	0	0	0	0	0	1.80705	-0.1650005	0.9752429	0	0	0
35.49005	0.9403477	-86.63252	15.89566	0	0	0	0	0	0	0	2.441785	-0.00258726	0.03023904	0	0	0
35.50005	1.06535	-86.64102	15.95015	0	0	0	0	0	0	0	6.385353	-4.056879E-05	0.04487536	0	0	0
35.51005	1.190683	-86.64102	15.95108	0	0	0	0	0	0	0	3.358766	-2.445506E-07	0.02624327	0	0	0
35.52005	1.378196	-86.64951	16.00634	0	0	0	0	0	0	0	10.53618	-0.3004215	1.999634	0	0	0
35.53004	1.503482	-86.64951	16.00752	0	0	0	0	0	0	0	6.54641	-0.001810955	0.07608654	0	0	0
35.54004	1.69141	-86.64951	16.00949	0	0	0	0	0	0	0	18.39068	-2.068056E-05	0.2043196	0	0	0
35.55004	1.879998	-86.64102	15.95802	0	0	0	0	0	0	0	17.08301	1.148056	-7.047615	0	0	0
35.56004	2.258355	-86.61546	15.80215	0	0	0	0	0	0	0	24.51248	1.452221	-8.746625	0	0	0
35.57004	2.829006	-86.61742	15.48085	0	0	0	0	0	0	0	41.93693	-1.269722	-22.54166	0	0	0
35.58004	3.589775	-86.6274	15.21977	0	0	0	0	0	0	0	53.81162	1.257784	-18.28552	0	0	0
35.59003	4.728304	-86.6546	15.08095	0	0	0	0	0	0	0	71.49168	0.1211163	-3.018996	0	0	0
35.60003	5.741247	-86.74423	14.9907	0	0	0	0	0	0	0	71.81284	-2.772403	-0.427094	0	0	0
35.61003	7.133724	-86.78008	14.9331	0	0	0	0	0	0	0	68.24715	-0.4766444	-2.620713	0	0	0
35.62003	8.080314	-86.83379	14.97131	0	0	0	0	0	0	0	69.78226	-0.9899259	3.425653	0	0	0
35.63003	8.963651	-86.8875	15.01168	0	0	0	0	0	0	0	48.52649	-7.495232	1.62158	0	0	0
35.64003	9.663874	-86.86956	14.94682	0	0	0	0	0	0	0	45.35438	0.8561224	-3.501608	0	0	0
35.65002	10.36964	-86.94991	14.81442	0	0	0	0	0	0	0	46.35505	1.964689	-10.82006	0	0	0
35.66002	10.75276	-86.99457	14.77842	0	0	0	0	0	0	0	20.95374	-2.345356	0.2037491	0	0	0
35.67002	11.0768	-87.03009	14.6854	0	0	0	0	0	0	0	13.99422	-9.045511	-1.159089	0	0	0
35.68002	11.33016	-87.08382	14.69526	0	0	0	0	0	0	0	12.66488	-0.3989611	0.8691394	0	0	0
35.69002	11.33079	-87.13755	14.68672	0	0	0	0	0	0	0	0.1170789	-1.027595	-0.1554443	0	0	0
35.70002	11.33142	-87.19128	14.67819	0	0	0	0	0	0	0	0.02318887	-1.882821	-0.2981196	0	0	0
35.71001	11.26823	-87.19128	14.67355	0	0	0	0	0	0	0	-1.696413	-0.01562157	-0.126876	0	0	0
35.72001	11.26823	-87.19128	14.67355	0	0	0	0	0	0	0	-0.01407496	-0.0001296105	-0.001052677	0	0	0
35.73001	11.26823	-87.19128	14.67355	0	0	0	0	0	0	0	-0.0001167785	-1.075365E-06	-8.733952E-06	0	0	0
35.74001	11.26823	-87.19128	14.67355	0	0	0	0	0	0	0	-9.688989E-07	-8.922191E-09	-7.246469E-08	0	0	0
35.75001	11.26823	-87.19128	14.67355	0	0	0	0	0	0	0	-1.106571E-08	0	-8.113868E-10	0	0	0
35.76001	11.2604	-87.20949	14.7804	0	0	0	0	0	0	0	-1.11074	-2.574224	15.14831	0	0	0
35.77	11.24864	-87.23663	14.94071	0	0	0	0	0	0	0	-1.164086	-2.677841	15.87583	0	0	0
35.78	11.2408	-87.25462	15.0476	0	0	0	0	0	0	0	-0.1606344	-0.3676798	2.190736	0	0	0
35.79	11.17387	-87.26357	15.09645	0	0	0	0	0	0	0	-1.189618	-0.0491396	0.2083546	0	0	0
35.8	10.98481	-87.26357	15.08278	0	0	0	0	0	0	0	-13.59278	-0.0002962158	-0.9724284	0	0	0
35.81	10.79949	-87.25462	15.01588	0	0	0	0	0	0	0	-13.46145	0.04340503	-1.20806	0	0	0
35.82	10.67711	-87.24564	14.95359	0	0	0	0	0	0	0	-2.158234	1.134092	-6.925028	0	0	0
35.82999	10.61403	-87.24564	14.94921	0	0	0	0	0	0	0	-0.6520322	0.0178255	-0.1515975	0	0	0
35.83999	10.61403	-87.24564	14.94921	0	0	0	0	0	0	0	-0.002855662	7.806916E-05	-0.0006639414	0	0	0
35.84999	10.61033	-87.25462	15.00268	0	0	0	0	0	0	0	-0.8660613	-2.10003	12.51621	0	0	0
35.85999	10.67339	-87.25462	15.00705	0	0	0	0	0	0	0	2.849403	-0.03300798	0.3960074	0	0	0
35.86999	10.66967	-87.26357	15.06052	0	0	0	0	0	0	0	-0.3156041	-0.8003792	4.783306	0	0	0
35.87999	10.66967	-87.26357	15.06052	0	0	0	0	0	0	0	-0.003604103	-0.009140087	0.0546239	0	0	0
35.88998	10.66967	-87.26357	15.06052	0	0	0	0	0	0	0	-2.990287E-05	-7.583435E-05	0.0004532088	0	0	0
35.89998	10.66967	-87.26357	15.06052	0	0	0	0	0	0	0	-2.481009E-07	-6.291897E-07	3.760226E-06	0	0	0
35.90998	10.60663	-87.26357	15.05614	0	0	0	0	0	0	0	-1.56358	-1.454593E-09	-0.1081865	0	0	0
35.91998	10.60663	-87.26357	15.05614	0	0	0	0	0	0	0	-0.009425334	0	-0.0006521532	0	0	0
35.92998	10.60663	-87.26357	15.05614	0	0	0	0	0	0	0	-7.820101E-05	0	-5.410846E-06	0	0	0
35.93998	10.60604	-87.20984	15.06467	0	0	0	0	0	0	0	-0.1361799	12.38986	1.968156	0	0	0
35.94997	10.60234	-87.21878	15.11814	0	0	0	0	0	0	0	-0.2377503	-0.5179409	3.436119	0	0	0
35.95997	10.59864	-87.22769	15.17161	0	0	0	0	0	0	0	-0.09532356	-0.2289559	1.377677	0	0	0
35.96997	10.59864	-87.22769	15.17161	0	0	0	0	0	0	0	-0.001088566	-0.002614607	0.01573265	0	0	0
35.97997	10.59494	-87.23659	15.22509	0	0	0	0	0	0	0	-0.01367616	-0.03283182	0.1976566	0	0	0
35.98997	10.59494	-87.23659	15.22509	0	0	0	0	0	0	0	-0.0001134697	-0.0002724025	0.001639936	0	0	0
35.99997	10.59494	-87.23659	15.22509	0	0	0	0	0	0	0	-9.414458E-07	-2.260095E-06	1.360638E-05	0	0	0
36.00996	10.59494	-87.23659	15.22509	0	0	0	0	0	0	0	-1.075103E-08	-2.58096E-08	1.553807E-07	0	0	0
36.01996	10.59494	-87.23659	15.22509	0	0	0	0	0	0	0	-1.227735E-10	-2.947378E-10	1.7744E-09	0	0	0
36.02996	10.59494	-87.23659	15.22509	0	0	0	0	0	0	0	0	0	0	0	0	0
36.03996	10.59494	-87.23659	15.22509	0	0	0	0	0	0	0	0	0	0	0	0	0
36.04996	10.59494	-87.23659	15.22509	0	0	0	0	0	0	0	0	0	0	0	0	0
36.05996	10.59494	-87.23659	15.22509	0	0	0	0	0	0	0	0	0	0	0	0	0
36.06995	10.65791	-87.23659	15.22946	0	0	0	0	0	0	0	0	0	0	0	0	0
36.07995	10.65791	-87.23659	15.22946	0	0	0	0	0	0	0	0	0	0	0	0	0
36.08995	10.65791	-87.23659	15.22946	0	0	0	0	0	0	0	0	0	0	0	0	0
36.09995	10.65791	-87.23659	15.22946	0	0	0	0	0	0	0	0	0	0	0	0	0
36.10995	10.65791	-87.23659	15.22946	0	0	0	0	0	0	0	0	0	0	0	0	0
36.11995	10.65791	-87.23659	15.22946	0	0	0	0	0	0	0	0	0	0	0	0	0
36.12994	10.59435	-87.18285	15.23364	0	0	0	0	0	0	0	-11.29468	3.432312	-0.2322163	0	0	0
36.13994	10.59746	-87.12023	15.18873	0	0	0	0	0	0	0	-0.01448165	1.882083	0.009749829	0	0	0
36.14994	10.59687	-87.06651	15.19732	0	0	0	0	0	0	0	-0.02751654	2.490429	0.395408	0	0	0
36.15994	10.59627	-87.01279	15.20593	0	0	0	0	0	0	0	-0.02894085	2.60577	0.4182457	0	0	0
36.16994	10.59937	-86.95016	15.16109	0	0	0	0	0	0	0	0.5015666	14.34194	-7.248961	0	0	0
36.17994	10.59937	-86.95016	15.16109	0	0	0	0	0	0	0	0.004161445	0.1189936	-0.06014387	0	0	0
36.18993	10.60247	-86.8875	15.11627	0	0	0	0	0	0	0	0.06307677	2.810807	-0.9116258	0	0	0
36.19993	10.60247	-86.8875	15.11627	0	0	0	0	0	0	0	0.0005233414	0.02332097	-0.007563664	0	0	0
36.20993	10.60247	-86.8875	15.11627	0	0	0	0	0	0	0	5.976399E-06	0.0002663184	-8.637474E-05	0	0	0
36.21993	10.60247	-86.8875	15.11627	0	0	0	0	0	0	0	4.958556E-08	2.209616E-06	-7.166422E-07	0	0	0
36.22993	10.66548	-86.8875	15.12065	0	0	0	0	0	0	0	14.2445	2.523314E-08	0.9914842	0	0	0
36.23993	10.66548	-86.8875	15.12065	0	0	0	0	0	0	0	0.08586653	0	0.005976714	0	0	0
36.24992	10.72475	-86.89644	15.17851	0	0	0	0	0	0	0	7.766381	-0.5860237	4.071072	0	0	0
36.25992	10.91369	-86.89644	15.19186	0	0	0	0	0	0	0	13.32202	-0.003532578	0.9705601	0	0	0
36.26992	11.03579	-86.90536	15.25435	0	0	0	0	0	0	0	5.410532	-0.1155626	1.087443	0	0	0
36.27992	11.22464	-86.90536	15.26808	0	0	0	0	0	0	0	16.52346	-0.0009588111	1.21736	0	0	0
36.28992	11.2797	-86.92312	15.37963	0	0	0	0	0	0	0	0.8494126	-2.112417	12.87734	0	0	0
36.29992	11.40151	-86.93197	15.44243	0	0	0	0	0	0	0	14.76389	-0.06463592	1.493991	0	0	0
36.30991	11.46439	-86.93197	15.44713	0	0	0	0	0	0	0	7.972157	-0.0007381227	0.6022277	0	0	0
36.31991	11.52726	-86.93197	15.45185	0	0	0	0	0	0	0	7.935303	-6.124126E-06	0.5982937	0	0	0
36.32991	11.52726	-86.93197	15.45185	0	0	0	0	0	0	0	0.1716706	-1.32488E-07	0.01294336	0	0	0
36.33991	11.52726	-86.93197	15.45185	0	0	0	0	0	0	0	0.001034839	-7.986441E-10	7.802316E-05	0	0	0
36.34991	11.59013	-86.93197	15.45661	0	0	0	0	0	0	0	11.11648	0	0.8426881	0	0	0
36.35991	11.59013	-86.93197	15.45661	0	0	0	0	0	0	0	0.1747273	0	0.01324526	0	0	0
36.3699	11.653	-86.93197	15.46139	0	0	0	0	0	0	0	4.243735	0	0.3234527	0	0	0
36.3799	11.653	-86.93197	15.46139	0	0	0	0	0	0	0	0.09180806	0	0.006997507	0	0	0
36.3899	11.653	-86.93197	15.46139	0	0	0	0	0	0	0	0.001443027	0	0.0001099859	0	0	0
36.3999	11.66522	-86.90536	15.30102	0	0	0	0	0	0	0	1.259902	2.754036	-16.52984	0	0	0
36.4099	11.73634	-86.8875	15.19895	0	0	0	0	0	0	0	4.343578	0.5865169	-3.19024	0	0	0
36.4199	11.87057	-86.86956	15.10178	0	0	0	0	0	0	0	15.69668	0.4829307	-1.670714	0	0	0
36.42989	12.06802	-86.85153	15.0097	0	0	0	0	0	0	0	11.88789	0.9145116	-4.503995	0	0	0
36.43989	12.25717	-86.85153	15.02471	0	0	0	0	0	0	0	19.05702	0.01437417	1.437954	0	0	0
36.44989	12.57238	-86.85153	15.05023	0	0	0	0	0	0	0	19.15458	0.0002259312	1.569555	0	0	0
36.45989	12.82451	-86.85153	15.07112	0	0	0	0	0	0	0	28.93424	4.887748E-06	2.420835	0	0	0
36.46989	13.0766	-86.85153	15.09242	0	0	0	0	0	0	0	11.44365	7.682495E-08	0.9764209	0	0	0
36.47989	13.20263	-86.85153	15.10323	0	0	0	0	0	0	0	11.50694	1.207524E-09	0.9913544	0	0	0
36.48988	13.2664	-86.90524	15.10002	0	0	0	0	0	0	0	4.299005	-0.2759851	0.3274625	0	0	0
36.49988	13.27102	-86.8962	15.04664	0	0	0	0	0	0	0	0.2960094	0.4434116	-2.633438	0	0	0
36.50988	13.27102	-86.8962	15.04664	0	0	0	0	0	0	0	0.001784359	0.002672906	-0.01587449	0	0	0
36.51988	13.27564	-86.88713	14.99327	0	0	0	0	0	0	0	0.08288583	0.1628618	-0.9573731	0	0	0
36.52988	13.3387	-86.88713	14.99874	0	0	0	0	0	0	0	0.0006909613	0.001351247	-0.007942941	0	0	0
36.53988	13.40175	-86.88713	15.00424	0	0	0	0	0	0	0	15.03122	5.917986E-06	1.313628	0	0	0
36.54987	13.40175	-86.88713	15.00424	0	0	0	0	0	0	0	0.0252473	9.940191E-09	0.002206445	0	0	0
36.55987	13.47418	-86.86893	14.90303	0	0	0	0	0	0	0	3.772559	1.296519	-7.310354	0	0	0
36.56987	13.47887	-86.85979	14.84967	0	0	0	0	0	0	0	0.7978682	1.507014	-8.790394	0	0	0
36.57987	13.54198	-86.85979	14.85523	0	0	0	0	0	0	0	0.8334846	0.01720964	-0.02765368	0	0	0
36.58987	13.54669	-86.85064	14.80187	0	0	0	0	0	0	0	0.02041301	0.03464338	-0.2013923	0	0	0
36.59986	13.5514	-86.84146	14.74852	0	0	0	0	0	0	0	1.092473	2.132848	-12.38279	0	0	0
36.60986	13.61929	-86.83226	14.70076	0	0	0	0	0	0	0	4.279044	0.1918673	-0.7406178	0	0	0
36.61986	13.74564	-86.83226	14.71201	0	0	0	0	0	0	0	8.185701	0.003015744	0.7147523	0	0	0
36.62986	13.94	-86.82304	14.67576	0	0	0	0	0	0	0	13.11462	0.1256288	0.4580137	0	0	0
36.63986	14.07125	-86.8138	14.63395	0	0	0	0	0	0	0	10.06256	0.06800021	0.5260478	0	0	0
36.64986	14.14917	-86.78593	14.47981	0	0	0	0	0	0	0	3.337324	1.797947	-10.06411	0	0	0
36.65985	14.2856	-86.76725	14.38489	0	0	0	0	0	0	0	12.58695	0.9823774	-4.471941	0	0	0
36.66985	14.35884	-86.74848	14.2842	0	0	0	0	0	0	0	5.335847	2.286334	-12.56629	0	0	0
36.67985	14.49217	-86.8465	14.22557	0	0	0	0	0	0	0	4.673295	-7.066987	-1.377183	0	0	0
36.68985	14.61891	-86.8465	14.23754	0	0	0	0	0	0	0	11.58997	-0.1891928	1.061174	0	0	0
36.69985	14.74565	-86.8465	14.24961	0	0	0	0	0	0	0	2.520988	-0.001140463	0.2409993	0	0	0
36.70985	14.87752	-86.83706	14.20853	0	0	0	0	0	0	0	6.2604	0.1712168	-0.3697748	0	0	0
36.71984	15.01465	-86.81812	14.11431	0	0	0	0	0	0	0	11.75479	1.20531	-5.679992	0	0	0
36.72984	15.08411	-86.86234	14.05868	0	0	0	0	0	0	0	1.972852	-1.556765	-2.101607	0	0	0
36.73984	15.09452	-86.84326	13.95219	0	0	0	0	0	0	0	1.025458	1.852286	-10.38009	0	0	0
36.74984	15.09452	-86.84326	13.95219	0	0	0	0	0	0	0	0.02218455	0.04007195	-0.2245606	0	0	0
36.75984	15.09536	-86.89699	13.94365	0	0	0	0	0	0	0	0.02863515	-1.834538	-0.292887	0	0	0
36.76984	15.17453	-86.86821	13.79018	0	0	0	0	0	0	0	15.6713	0.9696133	-4.102682	0	0	0
36.77983	15.25906	-86.82954	13.58358	0	0	0	0	0	0	0	9.823215	3.153598	-16.47642	0	0	0
36.78983	15.35515	-86.8246	13.26219	0	0	0	0	0	0	0	7.486956	0.4627578	-29.01871	0	0	0
36.79983	15.44704	-86.88259	12.9857	0	0	0	0	0	0	0	3.088309	-6.386028	-18.62844	0	0	0
36.80983	15.47597	-86.9938	12.69465	0	0	0	0	0	0	0	1.562604	-13.17751	-15.52068	0	0	0
36.81983	15.4968	-87.28608	12.48522	0	0	0	0	0	0	0	1.709803	-17.83976	-17.19612	0	0	0
36.82983	15.51063	-87.4809	12.34606	0	0	0	0	0	0	0	0.3040301	-17.06904	-3.057894	0	0	0
36.83982	15.51145	-87.53468	12.33788	0	0	0	0	0	0	0	0.05731414	-3.762987	-0.5764582	0	0	0
36.84982	15.53257	-87.49384	12.12545	0	0	0	0	0	0	0	2.631096	5.079285	-26.46323	0	0	0
36.85982	15.56666	-87.59328	11.78253	0	0	0	0	0	0	0	2.507313	-8.298773	-25.21823	0	0	0
36.86982	15.67503	-87.6171	11.34835	0	0	0	0	0	0	0	3.069992	-1.10465	-24.35789	0	0	0
36.87982	15.71978	-87.69334	10.90011	0	0	0	0	0	0	0	1.170789	-12.46947	-11.67349	0	0	0
36.88982	15.75761	-87.67149	10.52121	0	0	0	0	0	0	0	1.828087	1.033392	-18.30974	0	0	0
36.89981	15.7584	-87.72531	10.51325	0	0	0	0	0	0	0	0.2205393	-12.99631	-2.208922	0	0	0
36.90981	15.7584	-87.72531	10.51325	0	0	0	0	0	0	0	0.001829791	-0.107829	-0.0183272	0	0	0
36.91981	15.8241	-87.77913	10.51181	0	0	0	0	0	0	0	1.259664	-0.5428689	0.04555029	0	0	0
36.92981	15.889	-87.77913	10.51833	0	0	0	0	0	0	0	4.252459	-0.006199398	0.4271753	0	0	0
36.93981	15.89433	-87.76823	10.46536	0	0	0	0	0	0	0	0.2275633	0.3932837	-1.906341	0	0	0
36.94981	15.905	-87.74638	10.35944	0	0	0	0	0	0	0	1.34798	2.768459	-13.38707	0	0	0
36.9598	15.905	-87.74638	10.35944	0	0	0	0	0	0	0	0.01118405	0.02296961	-0.1110711	0	0	0
36.9698	15.905	-87.74638	10.35944	0	0	0	0	0	0	0	0.0002419532	0.0004969197	-0.002402888	0	0	0
36.9798	15.91033	-87.73541	10.30649	0	0	0	0	0	0	0	0.09530257	0.1961776	-0.9466777	0	0	0
36.9898	15.93698	-87.68027	10.04179	0	0	0	0	0	0	0	1.6444	3.419835	-16.33446	0	0	0
36.9998	15.94763	-87.65807	9.93594	0	0	0	0	0	0	0	0.6776101	1.41497	-6.730966	0	0	0
37.0098	15.96361	-87.6246	9.777201	0	0	0	0	0	0	0	1.07214	2.252479	-10.64999	0	0	0
37.01979	15.96894	-87.6134	9.724297	0	0	0	0	0	0	0	0.06003129	0.1263759	-0.5963143	0	0	0
37.02979	15.99024	-87.56838	9.512726	0	0	0	0	0	0	0	0.9991807	2.120431	-9.925252	0	0	0
37.03979	15.99024	-87.56838	9.512726	0	0	0	0	0	0	0	0.01141034	0.02421468	-0.1133434	0	0	0
37.04979	15.99556	-87.55708	9.459845	0	0	0	0	0	0	0	0.09457549	0.2011074	-0.9394552	0	0	0
37.05979	16.01685	-87.51162	9.248365	0	0	0	0	0	0	0	0.9424428	2.020068	-9.361652	0	0	0
37.06979	16.05861	-87.36585	8.833565	0	0	0	0	0	0	0	0.265507	0.5786102	-2.637384	0	0	0
37.07978	16.05861	-87.36585	8.833565	0	0	0	0	0	0	0	0.001162823	0.0025341	-0.01155077	0	0	0
37.08978	16.05861	-87.36585	8.833565	0	0	0	0	0	0	0	1.327909E-05	2.893866E-05	-0.0001319063	0	0	0
37.09978	16.05861	-87.36585	8.833565	0	0	0	0	0	0	0	1.10178E-07	2.399134E-07	-1.094441E-06	0	0	0
37.10978	16.05861	-87.36585	8.833565	0	0	0	0	0	0	0	1.258199E-09	2.739739E-09	-1.249818E-08	0	0	0
37.11978	15.99751	-87.30045	8.782108	0	0	0	0	0	0	0	-0.8458887	3.689801	-0.2576171	0	0	0
37.12978	16.0081	-87.2772	8.676476	0	0	0	0	0	0	0	0.4762483	1.110806	-4.849719	0	0	0
37.13977	16.03377	-87.16489	8.420458	0	0	0	0	0	0	0	0.7195687	4.277673	-7.177969	0	0	0
37.14977	16.04964	-87.12954	8.262116	0	0	0	0	0	0	0	0.7830898	1.791203	-7.810973	0	0	0
37.15977	16.07609	-87.07018	7.998311	0	0	0	0	0	0	0	2.496951	5.631117	-24.90594	0	0	0
37.16977	16.08667	-87.04629	7.892822	0	0	0	0	0	0	0	0.6963431	1.576242	-6.945704	0	0	0
37.17977	16.15796	-87.03431	7.846715	0	0	0	0	0	0	0	0.5030323	0.07119074	-0.2656287	0	0	0
37.18977	16.16857	-87.01028	7.74126	0	0	0	0	0	0	0	0.5630488	1.259716	-5.51857	0	0	0
37.19976	16.18449	-86.97408	7.583114	0	0	0	0	0	0	0	1.907974	4.3501	-18.9522	0	0	0
37.20976	16.20041	-86.93769	7.425012	0	0	0	0	0	0	0	0.7782955	1.784518	-7.731108	0	0	0
37.21976	16.20491	-86.87171	7.380321	0	0	0	0	0	0	0	0.7984418	11.53253	-7.931235	0	0	0
37.22976	16.20491	-86.87171	7.380321	0	0	0	0	0	0	0	0.0125498	0.1812668	-0.1246621	0	0	0
37.23976	16.21021	-86.85951	7.327635	0	0	0	0	0	0	0	0.1331103	0.3096411	-1.322236	0	0	0
37.24976	16.21021	-86.85951	7.327635	0	0	0	0	0	0	0	0.000802395	0.001866531	-0.007970503	0	0	0
37.25975	16.21021	-86.85951	7.327635	0	0	0	0	0	0	0	4.836875E-06	1.125154E-05	-4.804657E-05	0	0	0
37.26975	16.144	-86.85951	7.320983	0	0	0	0	0	0	0	-4.255073	2.434133E-07	-0.4265943	0	0	0
37.27975	16.18096	-86.77354	6.952306	0	0	0	0	0	0	0	2.234571	5.274847	-22.47701	0	0	0
37.28975	16.20207	-86.72395	6.741743	0	0	0	0	0	0	0	1.174326	2.770028	-11.71633	0	0	0
37.29975	16.2179	-86.68652	6.583874	0	0	0	0	0	0	0	0.4309476	1.021865	-4.29857	0	0	0
37.30975	16.22845	-86.66145	6.478653	0	0	0	0	0	0	0	1.424509	3.390045	-14.20883	0	0	0
37.31974	16.22845	-86.66145	6.478653	0	0	0	0	0	0	0	0.01626747	0.03871328	-0.1622606	0	0	0
37.32974	16.22845	-86.66145	6.478653	0	0	0	0	0	0	0	0.0001857695	0.000442094	-0.001852966	0	0	0
37.33974	16.22845	-86.66145	6.478653	0	0	0	0	0	0	0	1.54131E-06	3.668007E-06	-1.537387E-05	0	0	0
37.34974	16.22845	-86.66145	6.478653	0	0	0	0	0	0	0	1.278809E-08	3.043307E-08	-1.275554E-07	0	0	0
37.35974	16.22764	-86.60764	6.486676	0	0	0	0	0	0	0	-0.002979348	0.1990568	0.02971764	0	0	0
37.36974	16.22764	-86.60764	6.486676	0	0	0	0	0	0	0	-3.402325E-05	0.002273168	0.0003393664	0	0	0
37.37973	16.22764	-86.60764	6.486676	0	0	0	0	0	0	0	-3.885352E-07	2.595889E-05	3.875461E-06	0	0	0
37.38973	16.22764	-86.60764	6.486676	0	0	0	0	0	0	0	-3.223636E-09	2.153782E-07	3.215429E-08	0	0	0
37.39973	16.22237	-86.62019	6.539283	0	0	0	0	0	0	0	-0.3488979	-0.8288012	3.480098	0	0	0
37.40973	16.22237	-86.62019	6.539283	0	0	0	0	0	0	0	-0.002894769	-0.006876476	0.028874	0	0	0
37.41973	16.22237	-86.62019	6.539283	0	0	0	0	0	0	0	-4.549959E-05	-0.0001080835	0.0004538377	0	0	0
37.42973	16.22237	-86.62019	6.539283	0	0	0	0	0	0	0	-5.195915E-07	-1.234281E-06	5.182689E-06	0	0	0
37.43972	16.22317	-86.674	6.531261	0	0	0	0	0	0	0	0.1326479	-8.88721	-1.323102	0	0	0
37.44972	16.22317	-86.674	6.531261	0	0	0	0	0	0	0	0.001514799	-0.1014892	-0.01510943	0	0	0
37.45972	16.15663	-86.674	6.524604	0	0	0	0	0	0	0	-9.026939	-0.000611782	-0.9013407	0	0	0
37.46972	16.15663	-86.674	6.524604	0	0	0	0	0	0	0	-0.3371713	-9.615906E-06	-0.03366459	0	0	0
37.47972	16.15663	-86.674	6.524604	0	0	0	0	0	0	0	-0.001476686	-4.211413E-08	-0.0001474385	0	0	0
37.48972	16.16188	-86.66145	6.471994	0	0	0	0	0	0	0	0.06855367	0.1638561	-0.6868067	0	0	0
37.49971	16.16188	-86.66145	6.471994	0	0	0	0	0	0	0	0.0004132448	0.0009877323	-0.004140103	0	0	0
37.50971	16.16714	-86.6489	6.419389	0	0	0	0	0	0	0	1.255479	3.005532	-12.57492	0	0	0
37.51971	16.18814	-86.59843	6.209021	0	0	0	0	0	0	0	2.35727	5.684023	-23.6105	0	0	0
37.52971	16.21358	-86.48106	5.954198	0	0	0	0	0	0	0	1.621607	4.147427	-16.24208	0	0	0
37.53971	16.23981	-86.41696	5.691483	0	0	0	0	0	0	0	1.275844	3.134107	-12.7789	0	0	0
37.54971	16.2503	-86.39117	5.586432	0	0	0	0	0	0	0	1.384057	3.409473	-13.86277	0	0	0
37.5597	16.26603	-86.35233	5.428897	0	0	0	0	0	0	0	0.5601729	1.387227	-5.610712	0	0	0
37.5697	16.26603	-86.35233	5.428897	0	0	0	0	0	0	0	0.003376749	0.008362269	-0.03382164	0	0	0
37.5797	16.27651	-86.32632	5.3239	0	0	0	0	0	0	0	1.244225	3.092057	-12.4622	0	0	0
37.5897	16.30271	-86.26093	5.061499	0	0	0	0	0	0	0	2.48799	6.237136	-24.9198	0	0	0
37.5997	16.31842	-86.22144	4.904123	0	0	0	0	0	0	0	0.7048412	1.776178	-7.059715	0	0	0
37.6097	16.3446	-86.15518	4.641935	0	0	0	0	0	0	0	1.057344	2.68753	-10.59039	0	0	0
37.61969	16.34983	-86.14187	4.589514	0	0	0	0	0	0	0	0.4739271	1.206684	-4.746871	0	0	0
37.62969	16.34983	-86.14187	4.589514	0	0	0	0	0	0	0	0.002856855	0.007273948	-0.02861436	0	0	0
37.63969	16.34983	-86.14187	4.589514	0	0	0	0	0	0	0	3.262442E-05	8.306628E-05	-0.0003267674	0	0	0
37.64969	16.34983	-86.14187	4.589514	0	0	0	0	0	0	0	1.966615E-07	5.007275E-07	-1.969769E-06	0	0	0
37.65969	16.34983	-86.14187	4.589514	0	0	0	0	0	0	0	2.245815E-09	5.718156E-09	-2.249417E-08	0	0	0
37.66969	16.38122	-86.06153	4.2751	0	0	0	0	0	0	0	3.021288	7.771777	-30.26133	0	0	0
37.67968	16.39168	-86.03458	4.170339	0	0	0	0	0	0	0	0.7730702	1.995356	-7.743099	0	0	0
37.68968	16.41259	-85.98042	3.960883	0	0	0	0	0	0	0	0.197219	0.5124879	-1.975353	0	0	0
37.69968	16.3502	-85.96683	3.901795	0	0	0	0	0	0	0	-0.05668581	0.03758022	-0.1516785	0	0	0
37.70968	16.3502	-85.96683	3.901795	0	0	0	0	0	0	0	-0.0004703162	0.0003117991	-0.001258461	0	0	0
37.71968	16.3502	-85.96683	3.901795	0	0	0	0	0	0	0	-3.902164E-06	2.586965E-06	-1.044132E-05	0	0	0
37.72968	16.3502	-85.96683	3.901795	0	0	0	0	0	0	0	-6.133369E-08	4.066156E-08	-1.641152E-07	0	0	0
37.73967	16.29812	-85.92592	3.738055	0	0	0	0	0	0	0	-10.6833	3.494592	-14.56955	0	0	0
37.74967	16.30331	-85.91224	3.685723	0	0	0	0	0	0	0	0.1696195	0.5014822	-1.918942	0	0	0
37.75967	16.2356	-85.91224	3.679033	0	0	0	0	0	0	0	-0.3546647	0.004160746	-0.05102781	0	0	0
37.76967	16.2356	-85.91224	3.679033	0	0	0	0	0	0	0	-0.004050164	4.751446E-05	-0.0005827221	0	0	0
37.77967	16.16274	-85.92592	3.724707	0	0	0	0	0	0	0	-0.2713185	-0.07003532	0.2441311	0	0	0
37.78967	16.09505	-85.92592	3.718075	0	0	0	0	0	0	0	-2.403956	-0.0005810757	-0.2327735	0	0	0
37.79966	16.09505	-85.92592	3.718075	0	0	0	0	0	0	0	-0.03778505	-9.133269E-06	-0.003658702	0	0	0
37.80966	15.95965	-85.92592	3.704894	0	0	0	0	0	0	0	-6.350558	-5.505578E-08	-0.6155825	0	0	0
37.81966	15.76154	-85.91224	3.632983	0	0	0	0	0	0	0	-18.55357	0.1335556	-2.290728	0	0	0
37.82966	15.55833	-85.91224	3.613665	0	0	0	0	0	0	0	-7.723006	0.002099208	-0.7374899	0	0	0
37.83966	15.4236	-85.96605	3.592898	0	0	0	0	0	0	0	-9.745732	-0.5125996	-0.9894672	0	0	0
37.84966	15.28399	-86.03355	3.624627	0	0	0	0	0	0	0	-17.14998	-1.497478	0.06567124	0	0	0
37.85965	15.28473	-86.08736	3.616642	0	0	0	0	0	0	0	-0.1384947	-0.289157	-0.04045096	0	0	0
37.86965	15.28473	-86.08736	3.616642	0	0	0	0	0	0	0	-0.001149076	-0.002399106	-0.0003356174	0	0	0
37.87965	15.21699	-86.08736	3.610371	0	0	0	0	0	0	0	-5.952033	-2.739706E-05	-0.5497915	0	0	0
37.88965	15.01448	-86.14118	3.583761	0	0	0	0	0	0	0	-15.37562	-5.020855	-2.14916	0	0	0
37.89965	14.74558	-86.30266	3.535526	0	0	0	0	0	0	0	-27.23283	-9.692744	-3.868166	0	0	0
37.90965	14.34027	-86.41032	3.483911	0	0	0	0	0	0	0	-26.88137	-4.48606	-2.996912	0	0	0
37.91964	14.00261	-86.51801	3.439125	0	0	0	0	0	0	0	-19.55364	-5.089363	-2.403236	0	0	0
37.92964	13.66352	-86.51801	3.410684	0	0	0	0	0	0	0	-23.6172	-0.05811898	-1.964925	0	0	0
37.93964	13.46068	-86.57185	3.386159	0	0	0	0	0	0	0	-18.69064	-6.929399	-2.533479	0	0	0
37.94964	13.39348	-86.6257	3.372865	0	0	0	0	0	0	0	-1.769644	-7.039454	-1.16507	0	0	0
37.95964	13.39411	-86.67955	3.365114	0	0	0	0	0	0	0	0.06557888	-7.432657	-1.070026	0	0	0