103.3137	10.52069	-86.05702	0.2441562	0	0	0	0	0	0	0	0.8721834	1.238995	-13.94324	0	0	0
103.3237	10.53097	-86.06626	0.08000059	0	0	0	0	0	0	0	0.286504	-11.7799	-4.577988	0	0	0
103.3337	10.53797	-86.09027	-0.03194222	0	0	0	0	0	0	0	0.3479567	-11.3789	-5.559858	0	0	0
103.3437	10.5445	-86.06033	-0.1362087	0	0	0	0	0	0	0	1.016765	4.392011	-16.24646	0	0	0
103.3537	10.56176	-86.09284	-0.4120063	0	0	0	0	0	0	0	0.6305233	1.822074	-10.07487	0	0	0
103.3637	10.57201	-86.10133	-0.5758544	0	0	0	0	0	0	0	1.279535	3.1942	-20.44517	0	0	0
103.3737	10.64523	-86.14004	-0.6311307	0	0	0	0	0	0	0	0.204778	0.0297543	-1.075598	0	0	0
103.3837	10.64571	-86.19392	-0.6386728	0	0	0	0	0	0	0	0.02755939	-2.62628	-0.3904184	0	0	0
103.3937	10.64571	-86.19392	-0.6386728	0	0	0	0	0	0	0	8.76937E-05	-0.008356795	-0.001242307	0	0	0
103.4037	10.64571	-86.19392	-0.6386728	0	0	0	0	0	0	0	1.378358E-06	-0.000131351	-1.952642E-05	0	0	0
103.4137	10.64571	-86.19392	-0.6386728	0	0	0	0	0	0	0	3.916022E-09	-4.179574E-07	-6.216246E-08	0	0	0
103.4237	10.64571	-86.19392	-0.6386728	0	0	0	0	0	0	0	7.981212E-11	-9.06471E-09	-1.266928E-09	0	0	0
103.4337	10.64571	-86.19392	-0.6386728	0	0	0	0	0	0	0	0	0	0	0	0	0
103.4437	10.57622	-86.19392	-0.6430361	0	0	0	0	0	0	0	-16.58508	0	-1.037957	0	0	0
103.4537	10.57948	-86.17873	-0.6951049	0	0	0	0	0	0	0	-0.03586777	0.07896427	-0.2736942	0	0	0
103.4637	10.58273	-86.16351	-0.7471675	0	0	0	0	0	0	0	0.06040134	0.2876205	-0.9834535	0	0	0
103.4737	10.58599	-86.14827	-0.799224	0	0	0	0	0	0	0	0.06081603	0.2846673	-0.9718126	0	0	0
103.4837	10.58599	-86.14827	-0.799224	0	0	0	0	0	0	0	0.001315681	0.00615843	-0.02102398	0	0	0
103.4937	10.59251	-86.11773	-0.9033183	0	0	0	0	0	0	0	0.06584953	0.3091424	-1.052183	0	0	0
103.5037	10.59251	-86.11773	-0.9033183	0	0	0	0	0	0	0	0.001035014	0.004859059	-0.01653806	0	0	0
103.5137	10.59251	-86.11773	-0.9033183	0	0	0	0	0	0	0	3.293403E-06	1.546147E-05	-5.262394E-05	0	0	0
103.5237	10.59251	-86.11773	-0.9033183	0	0	0	0	0	0	0	7.613856E-09	3.574462E-08	-1.216587E-07	0	0	0
103.5337	10.59251	-86.11773	-0.9033183	0	0	0	0	0	0	0	1.196736E-10	5.61829E-10	-1.912215E-09	0	0	0
103.5437	10.59251	-86.11773	-0.9033183	0	0	0	0	0	0	0	0	0	0	0	0	0
103.5537	10.59251	-86.11773	-0.9033183	0	0	0	0	0	0	0	0	0	0	0	0	0
103.5637	10.59204	-86.06385	-0.8957759	0	0	0	0	0	0	0	-0.06780694	7.728852	1.083459	0	0	0
103.5737	10.52244	-86.06385	-0.900117	0	0	0	0	0	0	0	-11.4975	0.3973413	-0.6588929	0	0	0
103.5837	10.52244	-86.06385	-0.900117	0	0	0	0	0	0	0	-0.03658492	0.001264336	-0.00209659	0	0	0
103.5937	10.45284	-86.06385	-0.9044296	0	0	0	0	0	0	0	-9.738543	1.987266E-05	-0.6014318	0	0	0
103.6037	10.45284	-86.06385	-0.9044296	0	0	0	0	0	0	0	-0.1013522	8.703496E-08	-0.006259312	0	0	0
103.6137	10.45284	-86.06385	-0.9044296	0	0	0	0	0	0	0	-0.00159304	0	-9.838321E-05	0	0	0
103.6237	10.45284	-86.06385	-0.9044296	0	0	0	0	0	0	0	-5.069035E-06	0	-3.130543E-07	0	0	0
103.6337	10.45284	-86.06385	-0.9044296	0	0	0	0	0	0	0	-5.788684E-08	0	-3.574986E-09	0	0	0
103.6437	10.45284	-86.06385	-0.9044296	0	0	0	0	0	0	0	0	0	0	0	0	0
103.6537	10.45284	-86.06385	-0.9044296	0	0	0	0	0	0	0	0	0	0	0	0	0
103.6637	10.45284	-86.06385	-0.9044296	0	0	0	0	0	0	0	0	0	0	0	0	0
103.6737	10.45284	-86.06385	-0.9044296	0	0	0	0	0	0	0	0	0	0	0	0	0
103.6837	10.45284	-86.06385	-0.9044296	0	0	0	0	0	0	0	0	0	0	0	0	0
103.6937	10.45284	-86.06385	-0.9044296	0	0	0	0	0	0	0	0	0	0	0	0	0
103.7037	10.45284	-86.06385	-0.9044296	0	0	0	0	0	0	0	0	0	0	0	0	0
103.7137	10.52244	-86.06385	-0.900117	0	0	0	0	0	0	0	11.5799	0	0.719933	0	0	0
103.7237	10.52244	-86.06385	-0.900117	0	0	0	0	0	0	0	0.250517	0	0.01557488	0	0	0
103.7337	10.52244	-86.06385	-0.900117	0	0	0	0	0	0	0	0.0007971423	0	4.955909E-05	0	0	0
103.7438	10.52244	-86.06385	-0.900117	0	0	0	0	0	0	0	1.72452E-05	0	1.072151E-06	0	0	0
103.7538	10.52244	-86.06385	-0.900117	0	0	0	0	0	0	0	3.986834E-08	0	2.478652E-09	0	0	0
103.7638	10.52244	-86.06385	-0.900117	0	0	0	0	0	0	0	0	0	0	0	0	0
103.7738	10.52244	-86.06385	-0.900117	0	0	0	0	0	0	0	0	0	0	0	0	0
103.7838	10.52244	-86.06385	-0.900117	0	0	0	0	0	0	0	0	0	0	0	0	0
103.7938	10.59204	-86.06385	-0.8957759	0	0	0	0	0	0	0	0.6751363	0	0.04225256	0	0	0
103.8038	10.59204	-86.06385	-0.8957759	0	0	0	0	0	0	0	0.0106117	0	0.00066412	0	0	0
103.8138	10.66163	-86.06385	-0.8914062	0	0	0	0	0	0	0	12.09442	0	0.7619072	0	0	0
103.8238	10.66163	-86.06385	-0.8914062	0	0	0	0	0	0	0	0.1900985	0	0.01197555	0	0	0
103.8338	10.79797	-86.13301	-0.8380826	0	0	0	0	0	0	0	2.346264	-4.341803	2.287116	0	0	0
103.8438	10.93374	-86.14827	-0.7771018	0	0	0	0	0	0	0	10.59164	-1.497384	5.54164	0	0	0
103.8538	10.93038	-86.16351	-0.7250521	0	0	0	0	0	0	0	-0.04021927	-0.5360519	1.836716	0	0	0
103.8638	10.93038	-86.16351	-0.7250521	0	0	0	0	0	0	0	-0.0008700951	-0.01159683	0.03973512	0	0	0
103.8738	10.93038	-86.16351	-0.7250521	0	0	0	0	0	0	0	-2.01153E-06	-2.681014E-05	9.186167E-05	0	0	0
103.8838	10.93038	-86.16351	-0.7250521	0	0	0	0	0	0	0	-4.351941E-08	-5.797389E-07	1.987353E-06	0	0	0
103.8938	10.93086	-86.21739	-0.7325715	0	0	0	0	0	0	0	0.04422075	-4.909193	-0.6840227	0	0	0
103.9038	10.93086	-86.21739	-0.7325715	0	0	0	0	0	0	0	0.0005049875	-0.05606149	-0.007811332	0	0	0
103.9138	10.92798	-86.2865	-0.6880131	0	0	0	0	0	0	0	0.01890703	-7.213123	-0.292461	0	0	0
103.9238	10.92461	-86.30169	-0.6359511	0	0	0	0	0	0	0	-0.08569078	-0.5444445	1.325497	0	0	0
103.9338	10.92173	-86.37076	-0.5913584	0	0	0	0	0	0	0	-0.3149106	-1.928424	4.871152	0	0	0
103.9438	10.92173	-86.37076	-0.5913584	0	0	0	0	0	0	0	-0.006812707	-0.04171911	0.1053815	0	0	0
103.9538	10.92173	-86.37076	-0.5913584	0	0	0	0	0	0	0	-2.167796E-05	-0.0001327498	0.0003353227	0	0	0
103.9638	10.92173	-86.37076	-0.5913584	0	0	0	0	0	0	0	-5.011621E-08	-3.068976E-07	7.752159E-07	0	0	0
103.9738	10.92221	-86.42465	-0.598812	0	0	0	0	0	0	0	0.00329192	-0.3687498	-0.05092063	0	0	0
103.9838	10.91933	-86.49371	-0.5541693	0	0	0	0	0	0	0	-0.05517111	-0.9966803	0.853407	0	0	0
103.9938	10.91933	-86.49371	-0.5541693	0	0	0	0	0	0	0	-0.0004577489	-0.008269352	0.007080629	0	0	0
104.0038	10.91933	-86.49371	-0.5541693	0	0	0	0	0	0	0	-7.194835E-06	-0.0001299765	0.0001112924	0	0	0
104.0138	10.91933	-86.49371	-0.5541693	0	0	0	0	0	0	0	-2.289389E-08	-4.13584E-07	3.541311E-07	0	0	0
104.0238	10.91981	-86.54761	-0.561579	0	0	0	0	0	0	0	0.05852646	-6.595572	-0.9053087	0	0	0
104.0338	10.91692	-86.61664	-0.5168862	0	0	0	0	0	0	0	0.03204872	-5.096122	-0.4957415	0	0	0
104.0438	10.91355	-86.63175	-0.4647995	0	0	0	0	0	0	0	-0.1186305	-0.5917395	1.835021	0	0	0
104.0538	10.91355	-86.63175	-0.4647995	0	0	0	0	0	0	0	-0.0007151105	-0.003567034	0.01106159	0	0	0
104.0638	10.91355	-86.63175	-0.4647995	0	0	0	0	0	0	0	-5.933197E-06	-2.959531E-05	9.177687E-05	0	0	0
104.0738	10.91355	-86.63175	-0.4647995	0	0	0	0	0	0	0	-4.922711E-08	-2.455492E-07	7.614631E-07	0	0	0
104.0838	10.91355	-86.63175	-0.4647995	0	0	0	0	0	0	0	-1.142942E-10	-5.124605E-10	1.767945E-09	0	0	0
104.0938	10.91355	-86.63175	-0.4647995	0	0	0	0	0	0	0	0	0	0	0	0	0
104.1038	10.91355	-86.63175	-0.4647995	0	0	0	0	0	0	0	0	0	0	0	0	0
104.1138	10.91403	-86.68565	-0.4721653	0	0	0	0	0	0	0	0.02239841	-2.539513	-0.3464669	0	0	0
104.1238	10.85799	-86.62509	-0.6849541	0	0	0	0	0	0	0	-0.2136081	4.660167	-16.08065	0	0	0
104.1338	10.87183	-86.6181	-0.9005146	0	0	0	0	0	0	0	1.126284	-2.346312	-17.83917	0	0	0
104.1438	10.94527	-86.65673	-0.9553889	0	0	0	0	0	0	0	8.652939	-1.302719	-0.1250869	0	0	0
104.1538	10.9563	-86.7186	-1.126041	0	0	0	0	0	0	0	0.5283865	-7.440586	-7.062683	0	0	0
104.1638	10.96685	-86.72636	-1.289315	0	0	0	0	0	0	0	0.5053505	1.200362	-7.804253	0	0	0
104.1738	10.96685	-86.72636	-1.289315	0	0	0	0	0	0	0	0.007943031	0.01886713	-0.1226662	0	0	0
104.1838	10.97021	-86.71094	-1.341309	0	0	0	0	0	0	0	0.2196392	1.008839	-3.397459	0	0	0
104.1938	10.97021	-86.71094	-1.341309	0	0	0	0	0	0	0	0.003452258	0.0158568	-0.05340079	0	0	0
104.2038	10.83683	-86.62609	-1.446991	0	0	0	0	0	0	0	-6.319612	2.882266	-7.522191	0	0	0
104.2139	10.65337	-86.50156	-1.875905	0	0	0	0	0	0	0	-8.746156	12.74697	-42.99939	0	0	0
104.2239	10.4014	-86.30593	-2.353112	0	0	0	0	0	0	0	-16.38016	12.71801	-38.03813	0	0	0
104.2339	9.869266	-86.09254	-2.897695	0	0	0	0	0	0	0	-30.22869	13.31644	-33.26643	0	0	0
104.2439	9.255004	-85.97964	-3.295748	0	0	0	0	0	0	0	-41.9162	6.194812	-22.02544	0	0	0
104.2539	8.698175	-85.93095	-3.480637	0	0	0	0	0	0	0	-38.8475	3.845846	-14.24041	0	0	0
104.2639	8.279197	-85.89837	-3.605134	0	0	0	0	0	0	0	-35.0779	0.4728358	-3.193592	0	0	0
104.2739	7.928027	-85.88206	-3.673568	0	0	0	0	0	0	0	-16.3166	0.06707522	-0.9651092	0	0	0
104.2839	7.930413	-85.86572	-3.725337	0	0	0	0	0	0	0	-0.006957908	0.2110569	-0.6699921	0	0	0
104.2939	7.930413	-85.86572	-3.725337	0	0	0	0	0	0	0	-0.0001093634	0.003317363	-0.01053085	0	0	0
104.3039	7.930413	-85.86572	-3.725337	0	0	0	0	0	0	0	-3.479933E-07	1.055581E-05	-3.350904E-05	0	0	0
104.3139	7.925641	-85.89837	-3.621793	0	0	0	0	0	0	0	-0.4170282	-2.849787	9.048743	0	0	0
104.3239	7.923254	-85.91467	-3.570011	0	0	0	0	0	0	0	-0.1159955	-0.7915344	2.516889	0	0	0
104.3339	7.920867	-85.93095	-3.518222	0	0	0	0	0	0	0	-0.00504968	-0.03440908	0.1095687	0	0	0
104.3439	7.920867	-85.93095	-3.518222	0	0	0	0	0	0	0	-5.766581E-05	-0.0003929412	0.001251242	0	0	0
104.3539	7.920867	-85.93095	-3.518222	0	0	0	0	0	0	0	-4.784472E-07	-3.260192E-06	1.038142E-05	0	0	0
104.3639	7.920867	-85.93095	-3.518222	0	0	0	0	0	0	0	-7.520168E-09	-5.124326E-08	1.631738E-07	0	0	0
104.3739	7.920867	-85.93095	-3.518222	0	0	0	0	0	0	0	0	0	0	0	0	0
104.3839	7.916093	-85.96343	-3.414625	0	0	0	0	0	0	0	-0.2059725	-1.399516	4.469224	0	0	0
104.3939	7.904151	-86.04428	-3.155516	0	0	0	0	0	0	0	-0.6689544	-4.512845	14.51508	0	0	0
104.4039	7.901762	-86.06039	-3.103675	0	0	0	0	0	0	0	-0.3051245	-2.055444	6.620638	0	0	0
104.4139	7.899373	-86.07647	-3.051827	0	0	0	0	0	0	0	-0.01348678	-0.09072166	0.2926382	0	0	0
104.4239	7.899373	-86.07647	-3.051827	0	0	0	0	0	0	0	-2.265317E-05	-0.0001523813	0.000491532	0	0	0
104.4339	7.899373	-86.07647	-3.051827	0	0	0	0	0	0	0	-4.900738E-07	-3.296585E-06	1.06337E-05	0	0	0
104.4439	7.828892	-86.07647	-3.055061	0	0	0	0	0	0	0	-0.499881	-5.181528E-08	-0.0228318	0	0	0
104.4539	7.828892	-86.07647	-3.055061	0	0	0	0	0	0	0	-0.00414746	0	-0.0001894344	0	0	0
104.4639	7.828892	-86.07647	-3.055061	0	0	0	0	0	0	0	-8.972526E-05	0	-4.098183E-06	0	0	0
104.4739	7.75841	-86.07647	-3.058265	0	0	0	0	0	0	0	-11.89956	0	-0.5386068	0	0	0
104.4839	7.687926	-86.07647	-3.061441	0	0	0	0	0	0	0	-3.673399	0	-0.1647546	0	0	0
104.4939	7.408219	-86.06039	-3.125709	0	0	0	0	0	0	0	-21.1302	0.5623603	-2.727874	0	0	0
104.5039	7.337708	-86.06039	-3.128741	0	0	0	0	0	0	0	-5.288542	0.01216598	-0.2655652	0	0	0
104.5139	7.126167	-86.06039	-3.137662	0	0	0	0	0	0	0	-19.35012	2.812593E-05	-0.8041845	0	0	0
104.5239	7.057784	-86.04428	-3.19243	0	0	0	0	0	0	0	-12.08788	0.3888476	-1.750406	0	0	0
104.5339	6.987246	-86.04428	-3.195318	0	0	0	0	0	0	0	-10.03761	0.006111854	-0.4285391	0	0	0
104.5439	6.989357	-86.02815	-3.247165	0	0	0	0	0	0	0	0.2051414	2.141658	-6.883169	0	0	0
104.5539	6.989357	-86.02815	-3.247165	0	0	0	0	0	0	0	0.00674731	0.05811905	-0.1867434	0	0	0
104.5639	6.848234	-86.02815	-3.252855	0	0	0	0	0	0	0	-13.35947	0.0004822077	-0.5346943	0	0	0
104.5739	6.565973	-86.02815	-3.263887	0	0	0	0	0	0	0	-19.98453	7.579275E-06	-0.7646353	0	0	0
104.5839	5.999586	-86.04428	-3.232699	0	0	0	0	0	0	0	-42.81018	-2.009356	4.976784	0	0	0
104.5939	5.57624	-86.04428	-3.246979	0	0	0	0	0	0	0	-40.02744	-0.04346998	-1.160699	0	0	0
104.6039	5.154418	-86.02815	-3.312081	0	0	0	0	0	0	0	-33.11001	0.5512828	-2.767452	0	0	0
104.6139	4.592466	-85.99583	-3.431831	0	0	0	0	0	0	0	-32.2826	0.8394569	-3.555283	0	0	0
104.6239	4.240554	-85.97964	-3.492765	0	0	0	0	0	0	0	-29.55737	0.4179174	-2.067703	0	0	0
104.6339	3.747036	-85.96343	-3.55611	0	0	0	0	0	0	0	-24.39047	0.3057932	-1.50943	0	0	0
104.6439	3.39359	-85.96343	-3.563451	0	0	0	0	0	0	0	-25.39714	0.006615465	-0.5224948	0	0	0
104.6539	3.04013	-85.96343	-3.570064	0	0	0	0	0	0	0	-17.53833	2.105034E-05	-0.3102046	0	0	0
104.6639	2.898743	-85.96343	-3.572506	0	0	0	0	0	0	0	-0.6424484	4.866524E-08	-0.01083232	0	0	0
104.674	2.902239	-85.89837	-3.779865	0	0	0	0	0	0	0	0.2984495	5.829219	-18.52639	0	0	0
104.684	2.977493	-85.81657	-4.037704	0	0	0	0	0	0	0	9.229491	7.436945	-23.31604	0	0	0
104.694	3.052956	-85.73425	-4.295342	0	0	0	0	0	0	0	1.30063	5.091962	-15.93739	0	0	0
104.704	3.056616	-85.66801	-4.502324	0	0	0	0	0	0	0	0.1696063	2.677803	-8.343379	0	0	0
104.714	3.058445	-85.63476	-4.605773	0	0	0	0	0	0	0	0.1016808	1.845979	-5.735814	0	0	0
104.724	3.058445	-85.63476	-4.605773	0	0	0	0	0	0	0	0.001161164	0.02108052	-0.06550125	0	0	0
104.734	3.058575	-85.68867	-4.613088	0	0	0	0	0	0	0	0.002349104	-0.9698237	-0.1328388	0	0	0
104.744	3.058704	-85.74259	-4.620379	0	0	0	0	0	0	0	0.03007572	-12.59534	-1.700789	0	0	0
104.754	3.058704	-85.74259	-4.620379	0	0	0	0	0	0	0	0.0002495351	-0.1045022	-0.01411127	0	0	0
104.764	3.058704	-85.74259	-4.620379	0	0	0	0	0	0	0	5.398389E-06	-0.002260778	-0.0003052801	0	0	0
104.774	3.058704	-85.74259	-4.620379	0	0	0	0	0	0	0	6.164738E-08	-2.581741E-05	-3.486173E-06	0	0	0
104.784	3.058704	-85.74259	-4.620379	0	0	0	0	0	0	0	7.039944E-10	-2.94827E-07	-3.981104E-08	0	0	0
104.794	3.057789	-85.75922	-4.568658	0	0	0	0	0	0	0	-0.06103214	-1.109219	3.451381	0	0	0
104.804	3.057789	-85.75922	-4.568658	0	0	0	0	0	0	0	-0.0001942036	-0.003529522	0.01098226	0	0	0
104.814	3.057789	-85.75922	-4.568658	0	0	0	0	0	0	0	-4.201359E-06	-7.635691E-05	0.0002375878	0	0	0
104.824	3.057789	-85.75922	-4.568658	0	0	0	0	0	0	0	-1.840041E-08	-3.344152E-07	1.040547E-06	0	0	0
104.834	3.057789	-85.75922	-4.568658	0	0	0	0	0	0	0	-3.980705E-10	-7.234667E-09	2.251098E-08	0	0	0
104.844	3.057789	-85.75922	-4.568658	0	0	0	0	0	0	0	0	0	0	0	0	0
104.854	3.057789	-85.75922	-4.568658	0	0	0	0	0	0	0	0	0	0	0	0	0
104.864	3.057789	-85.75922	-4.568658	0	0	0	0	0	0	0	0	0	0	0	0	0
104.874	3.057789	-85.75922	-4.568658	0	0	0	0	0	0	0	0	0	0	0	0	0
104.884	3.057789	-85.75922	-4.568658	0	0	0	0	0	0	0	0	0	0	0	0	0
104.894	3.05766	-85.70531	-4.561366	0	0	0	0	0	0	0	-0.006243587	2.606743	0.3530763	0	0	0
104.904	3.058575	-85.68867	-4.613088	0	0	0	0	0	0	0	0.02219736	0.4467453	-1.255266	0	0	0
104.914	3.058575	-85.68867	-4.613088	0	0	0	0	0	0	0	9.72163E-05	0.00195658	-0.005497604	0	0	0
104.924	3.058575	-85.68867	-4.613088	0	0	0	0	0	0	0	2.103156E-06	4.232824E-05	-0.000118934	0	0	0
104.934	3.058575	-85.68867	-4.613088	0	0	0	0	0	0	0	2.401741E-08	4.833756E-07	-1.35819E-06	0	0	0
104.944	3.058575	-85.68867	-4.613088	0	0	0	0	0	0	0	2.754841E-10	5.013746E-09	-1.557869E-08	0	0	0
104.954	3.058575	-85.68867	-4.613088	0	0	0	0	0	0	0	0	0	0	0	0	0
104.964	2.988345	-85.67202	-4.666046	0	0	0	0	0	0	0	-0.2515486	2.299844	-7.142616	0	0	0
104.974	2.988345	-85.67202	-4.666046	0	0	0	0	0	0	0	-0.001771836	0.1182353	-0.3670101	0	0	0
104.984	2.988345	-85.67202	-4.666046	0	0	0	0	0	0	0	-5.637962E-06	0.0003762235	-0.001167822	0	0	0
104.994	2.917201	-85.67202	-4.66726	0	0	0	0	0	0	0	-9.556438	1.120256E-05	-0.1611635	0	0	0
105.004	2.846056	-85.67202	-4.668445	0	0	0	0	0	0	0	-6.416801	1.881647E-08	-0.1055528	0	0	0
105.014	2.703765	-85.67202	-4.670727	0	0	0	0	0	0	0	-14.12456	5.602858E-10	-0.2207221	0	0	0
105.024	2.419178	-85.67202	-4.67494	0	0	0	0	0	0	0	-20.87257	0	-0.2918335	0	0	0
105.034	2.206393	-85.65534	-4.729505	0	0	0	0	0	0	0	-18.49285	2.090033	-6.713319	0	0	0
105.044	1.851091	-85.63864	-4.785382	0	0	0	0	0	0	0	-17.25028	2.1546	-6.852659	0	0	0
105.054	1.566784	-85.62193	-4.839892	0	0	0	0	0	0	0	-13.53998	0.6480755	-2.125384	0	0	0
105.064	1.282685	-85.58842	-4.945617	0	0	0	0	0	0	0	-12.00106	0.1131548	-0.4375607	0	0	0
105.074	0.9982423	-85.55484	-5.050848	0	0	0	0	0	0	0	-24.29012	4.182648	-12.99452	0	0	0
105.084	0.6417293	-85.55484	-5.052534	0	0	0	0	0	0	0	-22.14656	0.01831846	-0.1382584	0	0	0
105.094	0.2853835	-85.52117	-5.156816	0	0	0	0	0	0	0	-21.03786	4.106688	-12.62078	0	0	0
105.104	-0.07138839	-85.48742	-5.260339	0	0	0	0	0	0	0	-26.50303	3.469558	-10.59327	0	0	0
105.114	-0.2857112	-85.39967	-5.356078	0	0	0	0	0	0	0	-15.83322	3.999061	-3.845396	0	0	0
105.124	-0.4288214	-85.36575	-5.459031	0	0	0	0	0	0	0	-0.2901573	0.03902197	-0.1150738	0	0	0
105.134	-0.4288214	-85.36575	-5.459031	0	0	0	0	0	0	0	-0.002407405	0.0003237612	-0.0009547556	0	0	0
105.1441	-0.428694	-85.38272	-5.407411	0	0	0	0	0	0	0	0.006341717	-0.8471472	2.578498	0	0	0
105.1541	-0.4285666	-85.39967	-5.355784	0	0	0	0	0	0	0	0.004316534	-0.5740408	1.749636	0	0	0
105.1641	-0.4284392	-85.4166	-5.304151	0	0	0	0	0	0	0	0.008613185	-1.143818	3.491079	0	0	0
105.1741	-0.4283118	-85.4335	-5.25251	0	0	0	0	0	0	0	0.0003581765	-0.04749981	0.1451754	0	0	0
105.1841	-0.4283118	-85.4335	-5.25251	0	0	0	0	0	0	0	8.280506E-07	-0.0001098125	0.0003356239	0	0	0
105.1941	-0.4283118	-85.4335	-5.25251	0	0	0	0	0	0	0	1.791387E-08	-2.375659E-06	7.260815E-06	0	0	0
105.2041	-0.4282937	-85.37959	-5.245173	0	0	0	0	0	0	0	0.0008443731	2.510944	0.3422396	0	0	0
105.2141	-0.4282937	-85.37959	-5.245173	0	0	0	0	0	0	0	1.952064E-06	0.005804928	0.0007912069	0	0	0
105.2241	-0.4282937	-85.37959	-5.245173	0	0	0	0	0	0	0	1.176714E-08	3.499238E-05	4.769433E-06	0	0	0
105.2341	-0.4282937	-85.37959	-5.245173	0	0	0	0	0	0	0	1.343771E-10	3.996024E-07	5.446547E-08	0	0	0
105.2441	-0.4282937	-85.37959	-5.245173	0	0	0	0	0	0	0	0	0	0	0	0	0
105.2541	-0.4282937	-85.37959	-5.245173	0	0	0	0	0	0	0	0	0	0	0	0	0
105.2641	-0.4282937	-85.37959	-5.245173	0	0	0	0	0	0	0	0	0	0	0	0	0
105.2741	-0.4281663	-85.39648	-5.193525	0	0	0	0	0	0	0	0.00439921	-0.5825997	1.783079	0	0	0
105.2841	-0.4280389	-85.41335	-5.14187	0	0	0	0	0	0	0	0.002299009	-0.304044	0.9318297	0	0	0
105.2941	-0.4279114	-85.43019	-5.090209	0	0	0	0	0	0	0	0.008170162	-1.079011	3.311514	0	0	0
105.3041	-0.4276564	-85.46381	-4.986866	0	0	0	0	0	0	0	0.02319644	-3.055018	9.401937	0	0	0
105.3141	-0.4275289	-85.4806	-4.935184	0	0	0	0	0	0	0	0.01144366	-1.505064	4.638322	0	0	0
105.3241	-0.4275289	-85.4806	-4.935184	0	0	0	0	0	0	0	6.898292E-05	-0.009072595	0.02796002	0	0	0
105.3341	-0.4986348	-85.49736	-4.883305	0	0	0	0	0	0	0	-2.374237	-0.2176847	0.6786342	0	0	0
105.3441	-0.4983371	-85.53082	-4.779907	0	0	0	0	0	0	0	0.0201671	-2.880319	8.913706	0	0	0
105.3541	-0.5695279	-85.53082	-4.779688	0	0	0	0	0	0	0	-0.4887835	-0.0173627	0.05534056	0	0	0
105.3641	-0.5695279	-85.53082	-4.779688	0	0	0	0	0	0	0	-0.005581759	-0.0001982767	0.0006319724	0	0	0
105.3741	-0.6407186	-85.53082	-4.779439	0	0	0	0	0	0	0	-17.19443	-3.330371E-07	0.06363431	0	0	0
105.3841	-0.6407186	-85.53082	-4.779439	0	0	0	0	0	0	0	-0.2702597	-5.234631E-09	0.001000195	0	0	0
105.3941	-0.6405272	-85.54752	-4.72773	0	0	0	0	0	0	0	0.00164689	-0.2185582	0.6773141	0	0	0
105.4041	-0.7112712	-85.58084	-4.624014	0	0	0	0	0	0	0	-8.893895	-2.490664	7.776826	0	0	0
105.4141	-0.7821639	-85.59748	-4.571978	0	0	0	0	0	0	0	-4.651507	-3.012247	9.395338	0	0	0
105.4241	-0.8527586	-85.63068	-4.468163	0	0	0	0	0	0	0	-12.43614	-2.460698	7.740705	0	0	0
105.4341	-0.9235445	-85.64725	-4.416049	0	0	0	0	0	0	0	-1.814372	-0.6070694	1.906904	0	0	0
105.4441	-0.9235445	-85.64725	-4.416049	0	0	0	0	0	0	0	-0.03925174	-0.01313321	0.04125354	0	0	0
105.4541	-0.9224376	-85.71333	-4.208984	0	0	0	0	0	0	0	0.02806828	-1.681017	5.282991	0	0	0
105.4641	-0.9221608	-85.72979	-4.157201	0	0	0	0	0	0	0	0.01380128	-0.8206558	2.582746	0	0	0
105.4741	-0.9213302	-85.77906	-4.001812	0	0	0	0	0	0	0	0.05174359	-3.062626	9.679596	0	0	0
105.4841	-0.9210532	-85.79544	-3.950002	0	0	0	0	0	0	0	0.01178508	-0.6965529	2.204617	0	0	0
105.4941	-0.9916044	-85.81181	-3.897793	0	0	0	0	0	0	0	-3.420662	-0.08527825	0.2899929	0	0	0
105.5041	-1.062432	-85.81181	-3.897371	0	0	0	0	0	0	0	-1.909032	-0.001844891	0.01762266	0	0	0
105.5141	-1.204088	-85.81181	-3.896439	0	0	0	0	0	0	0	-0.7497847	-3.098786E-06	0.005251188	0	0	0
105.5241	-1.204088	-85.81181	-3.896439	0	0	0	0	0	0	0	-0.00173339	-7.16393E-09	1.213996E-05	0	0	0
105.5341	-1.204088	-85.81181	-3.896439	0	0	0	0	0	0	0	-5.51563E-06	0	3.855698E-08	0	0	0
105.5441	-1.204088	-85.81181	-3.896439	0	0	0	0	0	0	0	-1.642353E-07	0	1.148086E-09	0	0	0
105.5541	-1.204088	-85.81181	-3.896439	0	0	0	0	0	0	0	0	0	0	0	0	0
105.5641	-1.204088	-85.81181	-3.896439	0	0	0	0	0	0	0	0	0	0	0	0	0
105.5741	-1.204088	-85.81181	-3.896439	0	0	0	0	0	0	0	0	0	0	0	0	0
105.5841	-1.345743	-85.81181	-3.89539	0	0	0	0	0	0	0	-12.77981	0	0.09984783	0	0	0
105.5941	-1.416569	-85.81181	-3.894822	0	0	0	0	0	0	0	-3.343426	0	0.02749688	0	0	0
105.6041	-1.558692	-85.79544	-3.945414	0	0	0	0	0	0	0	-7.054225	0.5700651	-1.740561	0	0	0
105.6142	-1.700898	-85.77906	-3.995882	0	0	0	0	0	0	0	-10.07153	3.632282	-11.38135	0	0	0
105.6242	-1.700898	-85.77906	-3.995882	0	0	0	0	0	0	0	-0.267179	0.04147955	-0.1284698	0	0	0
105.6342	-1.771766	-85.77906	-3.995168	0	0	0	0	0	0	0	-11.84327	0.0003441515	0.120665	0	0	0
105.6442	-1.842634	-85.77906	-3.994425	0	0	0	0	0	0	0	-4.578421	5.780568E-07	0.04894872	0	0	0
105.6542	-2.055854	-85.76266	-4.04382	0	0	0	0	0	0	0	-15.42273	1.465705	-4.442358	0	0	0
105.6642	-2.8356	-85.76266	-4.032758	0	0	0	0	0	0	0	-7.066656	1.315791E-08	0.1162425	0	0	0
105.6742	-3.118997	-85.70875	-4.020503	0	0	0	0	0	0	0	-13.61365	4.777956	0.8996615	0	0	0
105.6842	-3.33163	-85.70875	-4.016524	0	0	0	0	0	0	0	-23.81356	0.0545628	0.4677474	0	0	0
105.6942	-3.472339	-85.72515	-3.961933	0	0	0	0	0	0	0	-13.33054	-0.4121888	1.573151	0	0	0
105.7042	-3.543193	-85.72515	-3.96049	0	0	0	0	0	0	0	-5.152322	-0.008917203	0.1341683	0	0	0
105.7142	-3.614047	-85.72515	-3.959019	0	0	0	0	0	0	0	-1.317366	-2.837445E-05	0.02772052	0	0	0
105.7242	-3.614047	-85.72515	-3.959019	0	0	0	0	0	0	0	-0.02849961	-6.145208E-07	0.0005996997	0	0	0
105.7342	-3.543193	-85.72515	-3.96049	0	0	0	0	0	0	0	0.5172213	-2.691376E-09	-0.01063553	0	0	0
105.7442	-3.543193	-85.72515	-3.96049	0	0	0	0	0	0	0	0.004291331	0	-8.824196E-05	0	0	0
105.7542	-3.542128	-85.74153	-3.908691	0	0	0	0	0	0	0	0.01423236	-0.2179731	0.6897563	0	0	0
105.7642	-3.541063	-85.75789	-3.856885	0	0	0	0	0	0	0	0.09668566	-1.483767	4.701922	0	0	0
105.7742	-3.541063	-85.75789	-3.856885	0	0	0	0	0	0	0	0.0003076527	-0.00472133	0.01496147	0	0	0
105.7842	-3.682527	-85.70399	-3.846535	0	0	0	0	0	0	0	-16.93254	6.94582	1.314831	0	0	0
105.7942	-3.752204	-85.72032	-3.793195	0	0	0	0	0	0	0	-1.820679	-0.3789925	1.343678	0	0	0
105.8042	-3.821838	-85.73664	-3.73982	0	0	0	0	0	0	0	-1.82144	-1.073655	3.455169	0	0	0
105.8142	-3.821838	-85.73664	-3.73982	0	0	0	0	0	0	0	-0.0151123	-0.008908002	0.02866718	0	0	0
105.8242	-3.821838	-85.73664	-3.73982	0	0	0	0	0	0	0	-0.0003269362	-0.0001927138	0.0006201795	0	0	0
105.8342	-3.820687	-85.75294	-3.687995	0	0	0	0	0	0	0	0.2648293	-3.747165	11.92479	0	0	0
105.8442	-3.820687	-85.75294	-3.687995	0	0	0	0	0	0	0	0.005729261	-0.08106535	0.2579783	0	0	0
105.8542	-3.820687	-85.75294	-3.687995	0	0	0	0	0	0	0	1.823052E-05	-0.0002579491	0.0008208844	0	0	0
105.8642	-3.820687	-85.75294	-3.687995	0	0	0	0	0	0	0	3.943952E-07	-5.580415E-06	1.775884E-05	0	0	0
105.8742	-3.819536	-85.76921	-3.636164	0	0	0	0	0	0	0	0.1419428	-2.00553	6.391407	0	0	0
105.8842	-3.819536	-85.76921	-3.636164	0	0	0	0	0	0	0	0.0003281507	-0.004636486	0.01477598	0	0	0
105.8942	-3.819536	-85.76921	-3.636164	0	0	0	0	0	0	0	2.722632E-06	-3.846844E-05	0.0001225947	0	0	0
105.9042	-3.818385	-85.78547	-3.584327	0	0	0	0	0	0	0	0.01101325	-0.1553857	0.4959047	0	0	0
105.9142	-3.817233	-85.8017	-3.532483	0	0	0	0	0	0	0	0.03006736	-0.4236139	1.353874	0	0	0
105.9242	-3.886738	-85.81791	-3.479048	0	0	0	0	0	0	0	-0.1762388	-0.1626361	0.5247787	0	0	0
105.9342	-3.885565	-85.83411	-3.427191	0	0	0	0	0	0	0	0.02657717	-0.4073319	1.305624	0	0	0
105.9442	-3.885565	-85.83411	-3.427191	0	0	0	0	0	0	0	0.0001602085	-0.002455416	0.007870366	0	0	0
105.9542	-3.885565	-85.83411	-3.427191	0	0	0	0	0	0	0	1.829532E-06	-2.80401E-05	8.987719E-05	0	0	0
105.9642	-3.885565	-85.83411	-3.427191	0	0	0	0	0	0	0	2.875634E-08	-4.407305E-07	1.412677E-06	0	0	0
105.9742	-3.884392	-85.85027	-3.375328	0	0	0	0	0	0	0	0.003114816	-0.04290156	0.1377031	0	0	0
105.9842	-3.883219	-85.86642	-3.323458	0	0	0	0	0	0	0	0.02984096	-0.4104213	1.319241	0	0	0
105.9942	-3.883219	-85.86642	-3.323458	0	0	0	0	0	0	0	0.0006455729	-0.008878966	0.02854018	0	0	0
106.0042	-3.882045	-85.88255	-3.271581	0	0	0	0	0	0	0	0.002204436	-0.03027542	0.09745607	0	0	0
106.0142	-3.95125	-85.84475	-3.210686	0	0	0	0	0	0	0	-0.7833413	11.85314	6.558761	0	0	0
106.0242	-4.016929	-85.90897	-3.001453	0	0	0	0	0	0	0	-4.294553	-3.671077	12.11376	0	0	0
106.0342	-4.155327	-85.94094	-2.894257	0	0	0	0	0	0	0	-12.93752	-3.721094	12.42166	0	0	0
106.0442	-4.294854	-85.9569	-2.838856	0	0	0	0	0	0	0	-12.20614	-2.824644	9.509722	0	0	0
106.0542	-4.365246	-85.9569	-2.837075	0	0	0	0	0	0	0	-17.14233	-0.04439737	0.5817876	0	0	0
106.0642	-4.435445	-85.903	-2.827843	0	0	0	0	0	0	0	-0.9974139	7.42964	1.05186	0	0	0
106.0742	-4.505833	-85.903	-2.826005	0	0	0	0	0	0	0	-1.825805	0.5257292	0.120636	0	0	0
106.0843	-4.57622	-85.903	-2.824138	0	0	0	0	0	0	0	-11.86103	0.006003668	0.3179251	0	0	0
106.0943	-4.57622	-85.903	-2.824138	0	0	0	0	0	0	0	-0.09840973	4.98118E-05	0.002637791	0	0	0
106.1043	-4.57622	-85.903	-2.824138	0	0	0	0	0	0	0	-0.002930283	1.48323E-06	7.854374E-05	0	0	0
106.1143	-4.57622	-85.903	-2.824138	0	0	0	0	0	0	0	-3.346294E-05	1.693804E-08	8.969457E-07	0	0	0
106.1243	-4.57622	-85.903	-2.824138	0	0	0	0	0	0	0	-3.821373E-07	0	1.021617E-08	0	0	0
106.1343	-4.646606	-85.903	-2.822242	0	0	0	0	0	0	0	-1.792649	0	0.04866286	0	0	0
106.1443	-4.716991	-85.903	-2.820316	0	0	0	0	0	0	0	-3.363067	0	0.09267704	0	0	0
106.1543	-4.716991	-85.903	-2.820316	0	0	0	0	0	0	0	-0.07275587	0	0.002004955	0	0	0
106.1643	-4.787168	-85.84911	-2.810918	0	0	0	0	0	0	0	-1.821022	1.85397	0.3075812	0	0	0
106.1743	-4.856075	-85.86504	-2.757007	0	0	0	0	0	0	0	-3.39735	-0.1072024	0.5826905	0	0	0
106.1843	-4.926434	-85.86504	-2.754996	0	0	0	0	0	0	0	-1.793396	-0.000341117	0.05318255	0	0	0
106.1943	-4.996791	-85.86504	-2.752956	0	0	0	0	0	0	0	-8.991473	-7.379651E-06	0.2626152	0	0	0
106.2043	-4.996791	-85.86504	-2.752956	0	0	0	0	0	0	0	-0.02078694	-1.706065E-08	0.0006071272	0	0	0
106.2143	-4.996573	-85.81114	-2.74549	0	0	0	0	0	0	0	0.003381871	0.9457039	0.1312153	0	0	0
106.2243	-5.066927	-85.81114	-2.743421	0	0	0	0	0	0	0	-0.9329202	0.004141835	0.02820352	0	0	0
106.2343	-5.13728	-85.81114	-2.741323	0	0	0	0	0	0	0	-4.599754	8.960358E-05	0.1381271	0	0	0
106.2443	-5.207404	-85.75726	-2.731708	0	0	0	0	0	0	0	-1.767979	0.5194663	0.1261623	0	0	0
106.2543	-5.3481	-85.75726	-2.727368	0	0	0	0	0	0	0	-12.26047	0.0008725256	0.3833997	0	0	0
106.2643	-5.488791	-85.75726	-2.722912	0	0	0	0	0	0	0	-6.561037	1.465545E-06	0.2105079	0	0	0
106.2743	-5.557449	-85.77317	-2.668713	0	0	0	0	0	0	0	-0.3733105	-0.1540826	0.5157449	0	0	0
106.2843	-5.696112	-85.73518	-2.604642	0	0	0	0	0	0	0	-4.637998	7.25551	1.364833	0	0	0
106.2943	-5.764656	-85.75105	-2.550347	0	0	0	0	0	0	0	-1.726353	-0.8510836	3.526514	0	0	0
106.3043	-5.903407	-85.7669	-2.493605	0	0	0	0	0	0	0	-8.953145	-1.019371	3.660087	0	0	0
106.3143	-6.04023	-85.79854	-2.384789	0	0	0	0	0	0	0	-9.581975	-2.39672	8.230813	0	0	0
106.3243	-6.247038	-85.83009	-2.273283	0	0	0	0	0	0	0	-15.12877	-2.901625	10.1367	0	0	0
106.3343	-6.457514	-85.83009	-2.265447	0	0	0	0	0	0	0	-20.55186	-0.06646223	0.9973597	0	0	0
106.3443	-6.595816	-85.84584	-2.208111	0	0	0	0	0	0	0	-14.19671	-1.025664	3.941572	0	0	0
106.3543	-6.731975	-85.87727	-2.098677	0	0	0	0	0	0	0	-2.522738	-2.345952	7.882401	0	0	0
106.3643	-6.937999	-85.90862	-1.98627	0	0	0	0	0	0	0	-16.25837	-4.492963	15.61255	0	0	0
106.3743	-7.07376	-85.93988	-1.876513	0	0	0	0	0	0	0	-12.60706	-2.09308	7.509474	0	0	0
106.3843	-7.209343	-85.97105	-1.766622	0	0	0	0	0	0	0	-20.25128	-2.034019	7.667099	0	0	0
106.3943	-7.344749	-86.00214	-1.656597	0	0	0	0	0	0	0	-9.555173	-0.5738052	2.339408	0	0	0
106.4043	-7.479979	-86.03315	-1.54644	0	0	0	0	0	0	0	-7.74275	-0.7482301	2.860721	0	0	0
106.4143	-7.617365	-86.04861	-1.488194	0	0	0	0	0	0	0	-9.604436	-0.08814327	0.7280626	0	0	0
106.4243	-7.752283	-86.0795	-1.377783	0	0	0	0	0	0	0	-13.56328	-1.305929	5.037605	0	0	0
106.4343	-7.819674	-86.0949	-1.322528	0	0	0	0	0	0	0	-6.071949	-1.019401	3.733821	0	0	0
106.4443	-7.95153	-86.08711	-1.152322	0	0	0	0	0	0	0	-9.336379	-2.884767	11.20986	0	0	0
106.4543	-8.08844	-86.10243	-1.093651	0	0	0	0	0	0	0	-12.48723	-0.5529367	2.486768	0	0	0
106.4643	-8.225259	-86.11773	-1.034864	0	0	0	0	0	0	0	-11.25618	-0.3901686	1.878811	0	0	0
106.4743	-8.289807	-86.14827	-0.9272941	0	0	0	0	0	0	0	-2.407274	-2.187163	7.608118	0	0	0
106.4843	-8.426047	-86.10963	-0.8607779	0	0	0	0	0	0	0	-1.622019	-0.9369308	6.803744	0	0	0
106.4943	-8.559929	-86.14004	-0.7495893	0	0	0	0	0	0	0	-12.40758	-3.005696	11.04539	0	0	0
106.5043	-8.621483	-86.18549	-0.5897095	0	0	0	0	0	0	0	-0.191475	-0.9528088	3.303068	0	0	0
106.5143	-8.755009	-86.21569	-0.4783052	0	0	0	0	0	0	0	-15.59348	-3.906	14.35095	0	0	0
106.5243	-8.749601	-86.2458	-0.3740238	0	0	0	0	0	0	0	0.2505797	-1.938947	6.730047	0	0	0
106.5343	-8.816254	-86.26083	-0.3182629	0	0	0	0	0	0	0	-0.7423629	-0.9933578	3.498762	0	0	0
106.5443	-8.946655	-86.30577	-0.1544793	0	0	0	0	0	0	0	-6.14124	-3.165938	11.40479	0	0	0
106.5544	-9.076382	-86.29665	0.01702747	0	0	0	0	0	0	0	-4.90135	2.573963	9.795806	0	0	0
106.5644	-9.206244	-86.34121	0.1811203	0	0	0	0	0	0	0	-8.921124	-5.643763	20.50551	0	0	0
106.5744	-9.269217	-86.31693	0.2969185	0	0	0	0	0	0	0	-0.9612747	3.040477	7.78689	0	0	0
106.5844	-9.401148	-86.29257	0.4166375	0	0	0	0	0	0	0	-5.578413	1.205692	13.99225	0	0	0
106.5944	-9.532886	-86.26814	0.5365057	0	0	0	0	0	0	0	-6.518941	3.382304	1.59339	0	0	0
106.6044	-9.598463	-86.22895	0.6003256	0	0	0	0	0	0	0	-1.182088	7.305692	1.868586	0	0	0
106.6144	-9.66142	-86.25826	0.7087649	0	0	0	0	0	0	0	-2.926964	-2.366237	9.196521	0	0	0
106.6244	-9.658408	-86.27287	0.7610129	0	0	0	0	0	0	0	0.01933222	-0.2311588	0.8329718	0	0	0
106.6344	-9.721254	-86.30205	0.8695099	0	0	0	0	0	0	0	0.2935524	-3.612359	12.98726	0	0	0
106.6444	-9.718221	-86.3166	0.9217745	0	0	0	0	0	0	0	0.2708346	-1.308086	4.700734	0	0	0
106.6544	-9.783562	-86.27728	0.9857299	0	0	0	0	0	0	0	-0.2212449	4.884175	7.627894	0	0	0
106.6644	-9.846226	-86.30628	1.094321	0	0	0	0	0	0	0	-4.815848	-0.1597666	0.9429372	0	0	0
106.6744	-9.84007	-86.3352	1.198898	0	0	0	0	0	0	0	0.5117562	-2.588723	9.379218	0	0	0
106.6844	-9.908801	-86.3352	1.202958	0	0	0	0	0	0	0	-3.276464	-0.02147837	0.2723054	0	0	0
106.6944	-10.04626	-86.3352	1.211164	0	0	0	0	0	0	0	-8.716457	-4.965478E-05	0.5241029	0	0	0
106.7044	-10.10549	-86.37842	1.372203	0	0	0	0	0	0	0	-1.69407	-3.219776	11.862	0	0	0
106.7144	-10.17096	-86.39278	1.428681	0	0	0	0	0	0	0	-5.940286	-0.7330925	3.043756	0	0	0
106.7244	-10.1614	-86.43575	1.585642	0	0	0	0	0	0	0	0.3451654	-1.592684	5.833404	0	0	0
106.7344	-10.28561	-86.49273	1.803407	0	0	0	0	0	0	0	-9.722553	-0.4958097	2.434832	0	0	0
106.7444	-10.27915	-86.5211	1.908117	0	0	0	0	0	0	0	-0.1650647	-0.4417386	1.649823	0	0	0
106.7544	-10.27268	-86.54937	2.012851	0	0	0	0	0	0	0	0.08774881	-0.3880916	1.439765	0	0	0
106.7644	-10.39964	-86.59163	2.178491	0	0	0	0	0	0	0	-8.396284	-1.407215	5.791609	0	0	0
106.7744	-10.46466	-86.60567	2.23517	0	0	0	0	0	0	0	-1.581402	-1.330451	5.086751	0	0	0
106.7844	-10.59793	-86.61969	2.296223	0	0	0	0	0	0	0	-10.51251	-0.2543399	1.625922	0	0	0
106.7944	-10.59459	-86.63369	2.348621	0	0	0	0	0	0	0	0.06049949	-2.374322	8.925796	0	0	0
106.8044	-10.59124	-86.64767	2.401024	0	0	0	0	0	0	0	0.3104742	-1.320794	4.955745	0	0	0
106.8144	-10.57786	-86.70337	2.610692	0	0	0	0	0	0	0	0.9648125	-4.003143	15.11821	0	0	0
106.8244	-10.57117	-86.73109	2.71556	0	0	0	0	0	0	0	0.3309601	-1.368583	5.185675	0	0	0
106.8344	-10.56447	-86.75873	2.820451	0	0	0	0	0	0	0	0.823845	-3.39547	12.90842	0	0	0
106.8444	-10.55778	-86.78629	2.925364	0	0	0	0	0	0	0	1.03346	-4.245265	16.19278	0	0	0
106.8544	-10.54438	-86.84113	3.135257	0	0	0	0	0	0	0	0.5175037	-2.111667	8.108514	0	0	0
106.8644	-10.53433	-86.88203	3.292735	0	0	0	0	0	0	0	0.6753702	-2.742005	10.58204	0	0	0
106.8744	-10.52428	-86.92275	3.450263	0	0	0	0	0	0	0	1.177799	-4.757757	18.45435	0	0	0
106.8844	-10.51087	-86.97674	3.660377	0	0	0	0	0	0	0	1.108261	-4.446629	17.36479	0	0	0
106.8944	-10.50416	-87.0036	3.765467	0	0	0	0	0	0	0	0.1188405	-0.4751993	1.862054	0	0	0
106.9044	-10.48738	-87.07039	4.028287	0	0	0	0	0	0	0	1.121637	-4.446827	17.57439	0	0	0
106.9144	-10.4706	-87.13664	4.291243	0	0	0	0	0	0	0	0.9011742	-3.542133	14.12006	0	0	0
106.9244	-10.45717	-87.18925	4.501704	0	0	0	0	0	0	0	1.840519	-7.184267	28.8382	0	0	0
106.9344	-10.44373	-87.24152	4.712251	0	0	0	0	0	0	0	0.8665138	-3.358806	13.57698	0	0	0
106.9444	-10.43701	-87.26752	4.817556	0	0	0	0	0	0	0	0.6239526	-2.410115	9.776408	0	0	0
106.9544	-10.48734	-87.33217	5.085209	0	0	0	0	0	0	0	-7.849553	-1.858968	8.14292	0	0	0
106.9644	-10.47719	-87.37069	5.243281	0	0	0	0	0	0	0	0.5398844	-2.402912	9.89185	0	0	0
106.9744	-10.47042	-87.39626	5.348688	0	0	0	0	0	0	0	0.4368406	-1.650117	6.812976	0	0	0
106.9844	-10.45009	-87.47247	5.665034	0	0	0	0	0	0	0	2.742145	-10.22892	42.68943	0	0	0
106.9944	-10.363	-87.54791	5.97729	0	0	0	0	0	0	0	17.07857	-6.100158	24.752	0	0	0
107.0044	-10.34278	-87.62257	6.294012	0	0	0	0	0	0	0	2.203236	-6.8687	29.27804	0	0	0
107.0145	-10.3293	-87.67191	6.505261	0	0	0	0	0	0	0	1.036887	-3.776857	16.22981	0	0	0
107.0245	-10.31244	-87.7331	6.769434	0	0	0	0	0	0	0	2.131187	-7.698904	33.39227	0	0	0
107.0345	-10.29557	-87.79375	7.033732	0	0	0	0	0	0	0	1.287011	-4.606028	20.16555	0	0	0
107.0445	-10.28882	-87.81786	7.139485	0	0	0	0	0	0	0	0.921776	-3.286499	14.44286	0	0	0
107.0545	-10.27194	-87.87776	7.403954	0	0	0	0	0	0	0	0.5307722	-1.874569	8.31641	0	0	0
107.0645	-10.26132	-87.85958	7.570389	0	0	0	0	0	0	0	0.4616224	-1.095078	7.232935	0	0	0
107.0745	-10.25794	-87.87143	7.623312	0	0	0	0	0	0	0	0.4354984	-1.515	6.823611	0	0	0
107.0845	-10.25119	-87.89507	7.729172	0	0	0	0	0	0	0	0.4473169	-1.561757	7.00879	0	0	0
107.0945	-10.23429	-87.95377	7.993906	0	0	0	0	0	0	0	0.5180877	-1.791502	8.117663	0	0	0
107.1045	-10.22366	-87.93488	8.160522	0	0	0	0	0	0	0	0.1838831	-0.09117423	2.881175	0	0	0
107.1145	-10.21351	-87.96965	8.319462	0	0	0	0	0	0	0	1.081203	-3.683513	16.94084	0	0	0
107.1245	-10.19272	-87.98476	8.645208	0	0	0	0	0	0	0	2.601716	-7.772449	40.76502	0	0	0
107.1345	-10.18158	-87.91124	8.819818	0	0	0	0	0	0	0	1.30642	9.856229	20.46965	0	0	0
107.1445	-10.1777	-87.86874	8.880655	0	0	0	0	0	0	0	0.06150196	1.96013	0.9636441	0	0	0
107.1545	-10.22914	-87.8601	9.104846	0	0	0	0	0	0	0	-14.65791	-1.021034	6.548366	0	0	0
107.1645	-10.22523	-87.8175	9.165748	0	0	0	0	0	0	0	0.006580474	-0.5664804	5.17881	0	0	0
107.1745	-10.22523	-87.8175	9.165748	0	0	0	0	0	0	0	1.105294E-05	-0.0009514933	0.008698628	0	0	0
107.1845	-10.22182	-87.82872	9.218805	0	0	0	0	0	0	0	0.04443108	-0.1461551	0.6917138	0	0	0
107.1945	-10.153	-87.83992	9.267679	0	0	0	0	0	0	0	4.206097	-0.2847401	1.0874	0	0	0
107.2045	-10.14961	-87.8511	9.320747	0	0	0	0	0	0	0	0.06668901	-0.1072201	0.5073265	0	0	0
107.2145	-10.14233	-87.81956	9.434768	0	0	0	0	0	0	0	0.3407494	0.3018952	5.337794	0	0	0
107.2245	-10.14233	-87.81956	9.434768	0	0	0	0	0	0	0	0.002827162	0.002504793	0.04428712	0	0	0
107.2345	-10.14183	-87.76572	9.44266	0	0	0	0	0	0	0	0.01758196	1.873815	0.2754831	0	0	0
107.2445	-10.14183	-87.76572	9.44266	0	0	0	0	0	0	0	2.953167E-05	0.003147369	0.0004627173	0	0	0
107.2545	-10.13505	-87.78793	9.548828	0	0	0	0	0	0	0	0.9588877	-3.136041	15.02434	0	0	0
107.2645	-10.12489	-87.82108	9.708114	0	0	0	0	0	0	0	0.8267453	-2.687361	12.95387	0	0	0
107.2745	-10.1215	-87.83208	9.761217	0	0	0	0	0	0	0	0.07958939	-0.2581768	1.247047	0	0	0
107.2845	-10.04955	-87.85403	9.863294	0	0	0	0	0	0	0	1.68968	-1.513074	7.261193	0	0	0
107.2945	-10.04231	-87.82206	9.97745	0	0	0	0	0	0	0	0.6406559	1.67291	9.882261	0	0	0
107.3045	-10.02496	-87.8225	10.25107	0	0	0	0	0	0	0	2.074342	3.198634	32.71164	0	0	0
107.3145	-10.01434	-87.80098	10.41849	0	0	0	0	0	0	0	1.086579	10.13392	17.13589	0	0	0
107.3245	-10.00322	-87.72545	10.59398	0	0	0	0	0	0	0	0.1306941	4.951869	2.061115	0	0	0
107.3345	-10.00271	-87.67164	10.602	0	0	0	0	0	0	0	0.03723627	3.740841	0.5872357	0	0	0
107.3445	-10.05976	-87.58532	10.72859	0	0	0	0	0	0	0	0.5882548	-2.159496	16.34114	0	0	0
107.3545	-9.994942	-87.58532	10.72447	0	0	0	0	0	0	0	15.37048	-0.02466079	-0.7875986	0	0	0
107.3645	-9.99157	-87.59593	10.77766	0	0	0	0	0	0	0	0.1401283	-0.03995956	0.1928709	0	0	0
107.3745	-9.99157	-87.59593	10.77766	0	0	0	0	0	0	0	0.002202518	-0.0006280789	0.003031518	0	0	0
107.3845	-9.99157	-87.59593	10.77766	0	0	0	0	0	0	0	7.008388E-06	-1.99854E-06	9.646259E-06	0	0	0
107.3945	-9.988196	-87.60652	10.83084	0	0	0	0	0	0	0	0.1196716	-0.375473	1.887284	0	0	0
107.4045	-9.988196	-87.60652	10.83084	0	0	0	0	0	0	0	0.001366613	-0.004287788	0.02155221	0	0	0
107.4145	-9.988196	-87.60652	10.83084	0	0	0	0	0	0	0	1.133864E-05	-3.557533E-05	0.0001788164	0	0	0
107.4245	-9.988196	-87.60652	10.83084	0	0	0	0	0	0	0	2.452977E-07	-7.69629E-07	3.868476E-06	0	0	0
107.4345	-9.988196	-87.60652	10.83084	0	0	0	0	0	0	0	7.805349E-10	-2.448951E-09	1.230945E-08	0	0	0
107.4445	-9.920073	-87.6171	10.87995	0	0	0	0	0	0	0	6.500509	-1.008025	4.688357	0	0	0
107.4545	-9.919563	-87.56329	10.88804	0	0	0	0	0	0	0	0.0527274	2.552978	0.4056171	0	0	0
107.4645	-9.919563	-87.56329	10.88804	0	0	0	0	0	0	0	0.001140693	0.05523056	0.008775031	0	0	0
107.4745	-9.919563	-87.56329	10.88804	0	0	0	0	0	0	0	3.629674E-06	0.0001757431	2.792206E-05	0	0	0
107.4846	-9.919563	-87.56329	10.88804	0	0	0	0	0	0	0	7.852358E-08	3.801988E-06	6.040598E-07	0	0	0
107.4946	-9.919563	-87.56329	10.88804	0	0	0	0	0	0	0	1.149567E-10	1.21188E-08	1.82481E-09	0	0	0
107.5046	-9.919563	-87.56329	10.88804	0	0	0	0	0	0	0	0	0	0	0	0	0
107.5146	-9.854815	-87.56329	10.88397	0	0	0	0	0	0	0	0.627831	0	-0.03929202	0	0	0
107.5246	-9.854815	-87.56329	10.88397	0	0	0	0	0	0	0	0.009868164	0	-0.0006175867	0	0	0
107.5346	-9.854815	-87.56329	10.88397	0	0	0	0	0	0	0	4.321893E-05	0	-2.704803E-06	0	0	0
107.5446	-9.854815	-87.56329	10.88397	0	0	0	0	0	0	0	9.34989E-07	0	-5.851512E-08	0	0	0
107.5546	-9.854815	-87.56329	10.88397	0	0	0	0	0	0	0	2.975125E-09	0	-1.861945E-10	0	0	0
107.5646	-9.851484	-87.57384	10.93717	0	0	0	0	0	0	0	0.4460206	-1.411744	7.126781	0	0	0
107.5746	-9.786756	-87.57384	10.93313	0	0	0	0	0	0	0	0.4518476	-0.01067507	0.02600791	0	0	0
107.5846	-9.786756	-87.57384	10.93313	0	0	0	0	0	0	0	0.009775174	-0.0002309422	0.0005626496	0	0	0
107.5946	-9.718239	-87.53057	10.99044	0	0	0	0	0	0	0	0.8817658	0.6578425	0.3347241	0	0	0
107.6046	-9.718239	-87.53057	10.99044	0	0	0	0	0	0	0	0.01907593	0.01423162	0.007241348	0	0	0
107.6146	-9.718239	-87.53057	10.99044	0	0	0	0	0	0	0	4.41007E-05	3.290139E-05	1.674092E-05	0	0	0
107.6246	-9.718239	-87.53057	10.99044	0	0	0	0	0	0	0	5.036166E-07	3.757238E-07	1.911762E-07	0	0	0
107.6346	-9.718239	-87.53057	10.99044	0	0	0	0	0	0	0	4.096509E-09	3.379606E-09	2.592905E-10	0	0	0
107.6446	-9.718239	-87.53057	10.99044	0	0	0	0	0	0	0	0	0	0	0	0	0
107.6546	-9.572608	-87.58289	11.24862	0	0	0	0	0	0	0	11.22676	-5.262194	26.32888	0	0	0
107.6646	-9.440205	-87.59328	11.29404	0	0	0	0	0	0	0	17.86396	-1.042369	4.288499	0	0	0
107.6746	-9.095638	-87.66546	11.64779	0	0	0	0	0	0	0	15.98734	-6.94841	35.36378	0	0	0
107.6846	-8.831873	-87.68588	11.73961	0	0	0	0	0	0	0	27.69893	-1.731058	7.518469	0	0	0
107.6946	-8.363501	-87.69284	12.04284	0	0	0	0	0	0	0	24.1193	-1.066059	5.88883	0	0	0
107.7046	-8.092143	-87.68908	12.30414	0	0	0	0	0	0	0	20.32961	0.1398288	19.65776	0	0	0
107.7146	-7.765575	-87.65515	12.40273	0	0	0	0	0	0	0	15.45508	4.06756	3.532876	0	0	0
107.7246	-7.568011	-87.67492	12.50001	0	0	0	0	0	0	0	14.36903	-0.1846856	0.8744908	0	0	0
107.7346	-7.43435	-87.64082	12.6088	0	0	0	0	0	0	0	16.9611	-0.6469257	6.774992	0	0	0
107.7446	-7.370308	-87.64082	12.60576	0	0	0	0	0	0	0	7.98536	-0.005367475	-0.3149647	0	0	0
107.7546	-7.369919	-87.58704	12.61399	0	0	0	0	0	0	0	0.2843537	6.425958	0.9751584	0	0	0
107.7646	-7.369919	-87.58704	12.61399	0	0	0	0	0	0	0	0.0006573832	0.01485586	0.00225442	0	0	0
107.7746	-7.369919	-87.58704	12.61399	0	0	0	0	0	0	0	1.422169E-05	0.0003213884	4.877165E-05	0	0	0
107.7846	-7.369919	-87.58704	12.61399	0	0	0	0	0	0	0	4.523938E-08	1.022708E-06	1.548977E-07	0	0	0
107.7946	-7.369919	-87.58704	12.61399	0	0	0	0	0	0	0	8.467652E-11	1.167902E-08	1.789326E-09	0	0	0
107.8046	-7.369919	-87.58704	12.61399	0	0	0	0	0	0	0	0	0	0	0	0	0
107.8146	-7.369919	-87.58704	12.61399	0	0	0	0	0	0	0	0	0	0	0	0	0
107.8246	-7.369919	-87.58704	12.61399	0	0	0	0	0	0	0	0	0	0	0	0	0
107.8346	-7.369919	-87.58704	12.61399	0	0	0	0	0	0	0	0	0	0	0	0	0
107.8446	-7.367393	-87.59685	12.66737	0	0	0	0	0	0	0	0.002600656	-0.01008707	0.05495525	0	0	0
107.8546	-7.367393	-87.59685	12.66737	0	0	0	0	0	0	0	2.96987E-05	-0.0001151913	0.0006275723	0	0	0
107.8646	-7.367393	-87.59685	12.66737	0	0	0	0	0	0	0	2.46407E-07	-9.557305E-07	5.206902E-06	0	0	0
107.8746	-7.367393	-87.59685	12.66737	0	0	0	0	0	0	0	5.330716E-09	-2.067607E-08	1.12645E-07	0	0	0
107.8846	-7.367002	-87.54307	12.67562	0	0	0	0	0	0	0	0.06864211	9.441761	1.450497	0	0	0
107.8946	-7.364476	-87.55286	12.72901	0	0	0	0	0	0	0	0.1271753	-0.2821298	2.68738	0	0	0
107.9046	-7.300484	-87.55286	12.726	0	0	0	0	0	0	0	3.097132	-0.003221836	-0.1145325	0	0	0
107.9146	-7.167574	-87.57237	12.82684	0	0	0	0	0	0	0	11.95222	-1.270567	6.4347	0	0	0
107.9246	-7.103623	-87.57237	12.82391	0	0	0	0	0	0	0	4.318596	-0.02748717	-0.04613017	0	0	0
107.9346	-6.973321	-87.58209	12.87153	0	0	0	0	0	0	0	15.04228	-0.06690682	-0.3059812	0	0	0
107.9446	-6.970925	-87.5918	12.92494	0	0	0	0	0	0	0	0.3859748	-0.2468365	1.345987	0	0	0
107.9547	-6.906646	-87.53802	12.93036	0	0	0	0	0	0	0	0.3455062	2.564378	0.3828568	0	0	0
107.9647	-6.906646	-87.53802	12.93036	0	0	0	0	0	0	0	0.00543062	0.04030655	0.006017691	0	0	0
107.9747	-6.906646	-87.53802	12.93036	0	0	0	0	0	0	0	4.505728E-05	0.0003344192	4.992815E-05	0	0	0
107.9847	-6.906646	-87.53802	12.93036	0	0	0	0	0	0	0	9.747596E-07	7.234753E-06	1.080135E-06	0	0	0
107.9947	-6.906646	-87.53802	12.93036	0	0	0	0	0	0	0	1.531664E-08	1.137332E-07	1.687607E-08	0	0	0
108.0047	-6.906646	-87.53802	12.93036	0	0	0	0	0	0	0	0	0	0	0	0	0
108.0147	-6.906646	-87.53802	12.93036	0	0	0	0	0	0	0	0	0	0	0	0	0
108.0247	-6.840021	-87.49393	12.98925	0	0	0	0	0	0	0	11.50679	-1.589633	12.37884	0	0	0
108.0347	-6.776135	-87.49393	12.98645	0	0	0	0	0	0	0	8.265001	-0.03438977	-0.0817197	0	0	0
108.0447	-6.582211	-87.50358	13.03163	0	0	0	0	0	0	0	17.62255	-0.04938583	-0.4725359	0	0	0
108.0547	-6.516101	-87.51321	13.08237	0	0	0	0	0	0	0	11.36829	-0.3320885	1.3697	0	0	0
108.0647	-6.516101	-87.51321	13.08237	0	0	0	0	0	0	0	0.03617379	-0.001056702	0.00435837	0	0	0
108.0747	-6.516101	-87.51321	13.08237	0	0	0	0	0	0	0	0.0005685746	-1.660916E-05	6.850426E-05	0	0	0
108.0847	-6.516101	-87.51321	13.08237	0	0	0	0	0	0	0	1.809199E-06	-5.285016E-08	2.179798E-07	0	0	0
108.0947	-6.515752	-87.45945	13.09069	0	0	0	0	0	0	0	0.04246794	6.532233	1.011938	0	0	0
108.1047	-6.515752	-87.45945	13.09069	0	0	0	0	0	0	0	0.0001859938	0.02860878	0.004431917	0	0	0
108.1147	-6.515752	-87.45945	13.09069	0	0	0	0	0	0	0	2.123993E-06	0.0003267036	5.061115E-05	0	0	0
108.1247	-6.515752	-87.45945	13.09069	0	0	0	0	0	0	0	1.762255E-08	2.710626E-06	4.199154E-07	0	0	0
108.1347	-6.515752	-87.45945	13.09069	0	0	0	0	0	0	0	3.812424E-10	5.864109E-08	9.08436E-09	0	0	0
108.1447	-6.515752	-87.45945	13.09069	0	0	0	0	0	0	0	0	0	0	0	0	0
108.1547	-6.515752	-87.45945	13.09069	0	0	0	0	0	0	0	0	0	0	0	0	0
108.1647	-6.515752	-87.45945	13.09069	0	0	0	0	0	0	0	0	0	0	0	0	0
108.1747	-6.515752	-87.45945	13.09069	0	0	0	0	0	0	0	0	0	0	0	0	0
108.1847	-6.515752	-87.45945	13.09069	0	0	0	0	0	0	0	0	0	0	0	0	0
108.1947	-6.515752	-87.45945	13.09069	0	0	0	0	0	0	0	0	0	0	0	0	0
108.2047	-6.515752	-87.45945	13.09069	0	0	0	0	0	0	0	0	0	0	0	0	0
108.2147	-6.515752	-87.45945	13.09069	0	0	0	0	0	0	0	0	0	0	0	0	0
108.2247	-6.515752	-87.45945	13.09069	0	0	0	0	0	0	0	0	0	0	0	0	0
108.2347	-6.515752	-87.45945	13.09069	0	0	0	0	0	0	0	0	0	0	0	0	0
108.2447	-6.513509	-87.46906	13.14412	0	0	0	0	0	0	0	0.2073642	-0.8879987	4.941137	0	0	0
108.2547	-6.513509	-87.46906	13.14412	0	0	0	0	0	0	0	0.001720479	-0.007367632	0.0409961	0	0	0
108.2647	-6.513509	-87.46906	13.14412	0	0	0	0	0	0	0	1.037113E-05	-4.441243E-05	0.0002471264	0	0	0
108.2747	-6.513509	-87.46906	13.14412	0	0	0	0	0	0	0	1.184352E-07	-5.071765E-07	2.822109E-06	0	0	0
108.2847	-6.513509	-87.46906	13.14412	0	0	0	0	0	0	0	1.861548E-09	-7.971732E-09	4.435752E-08	0	0	0
108.2947	-6.513509	-87.46906	13.14412	0	0	0	0	0	0	0	0	0	0	0	0	0
108.3047	-6.513509	-87.46906	13.14412	0	0	0	0	0	0	0	0	0	0	0	0	0
108.3147	-6.513509	-87.46906	13.14412	0	0	0	0	0	0	0	0	0	0	0	0	0
108.3247	-6.513509	-87.46906	13.14412	0	0	0	0	0	0	0	0	0	0	0	0	0
108.3347	-6.513509	-87.46906	13.14412	0	0	0	0	0	0	0	0	0	0	0	0	0
108.3447	-6.513509	-87.46906	13.14412	0	0	0	0	0	0	0	0	0	0	0	0	0
108.3547	-6.513509	-87.46906	13.14412	0	0	0	0	0	0	0	0	0	0	0	0	0
108.3647	-6.513509	-87.46906	13.14412	0	0	0	0	0	0	0	0	0	0	0	0	0
108.3747	-6.513509	-87.46906	13.14412	0	0	0	0	0	0	0	0	0	0	0	0	0
108.3847	-6.513509	-87.46906	13.14412	0	0	0	0	0	0	0	0	0	0	0	0	0
108.3947	-6.513509	-87.46906	13.14412	0	0	0	0	0	0	0	0	0	0	0	0	0
108.4047	-6.449688	-87.46906	13.14146	0	0	0	0	0	0	0	0.8224046	0	-0.03417501	0	0	0
108.4147	-6.449688	-87.46906	13.14146	0	0	0	0	0	0	0	0.01779172	0	-0.0007393348	0	0	0
108.4248	-6.449688	-87.46906	13.14146	0	0	0	0	0	0	0	5.661308E-05	0	-2.352555E-06	0	0	0
108.4348	-6.451909	-87.45945	13.08802	0	0	0	0	0	0	0	-0.531609	2.304431	-12.79292	0	0	0
108.4448	-6.451909	-87.45945	13.08802	0	0	0	0	0	0	0	-0.004410704	0.01911963	-0.1061415	0	0	0
108.4548	-6.451909	-87.45945	13.08802	0	0	0	0	0	0	0	-6.932691E-05	0.0003005197	-0.001668318	0	0	0
108.4648	-6.32422	-87.45945	13.08277	0	0	0	0	0	0	0	8.556081	9.562505E-07	-0.3485047	0	0	0
108.4748	-6.196526	-87.45945	13.07762	0	0	0	0	0	0	0	5.184753	7.93391E-09	-0.2069104	0	0	0
108.4848	-5.941126	-87.45945	13.06764	0	0	0	0	0	0	0	16.16958	0	-0.6186505	0	0	0
108.4948	-5.81342	-87.45945	13.0628	0	0	0	0	0	0	0	13.43357	0	-0.502907	0	0	0
108.5048	-5.61992	-87.46906	13.1092	0	0	0	0	0	0	0	7.514402	-0.03407879	-0.08211353	0	0	0
108.5148	-5.428411	-87.46906	13.10238	0	0	0	0	0	0	0	5.181145	-4.158781E-05	-0.1809329	0	0	0
108.5248	-5.428411	-87.46906	13.10238	0	0	0	0	0	0	0	0.01197803	-9.614481E-08	-0.0004182899	0	0	0
108.5348	-5.428411	-87.46906	13.10238	0	0	0	0	0	0	0	0.0001367855	-1.097945E-09	-4.776743E-06	0	0	0
108.5448	-5.428411	-87.46906	13.10238	0	0	0	0	0	0	0	4.352494E-07	0	-1.521899E-08	0	0	0
108.5548	-5.428411	-87.46906	13.10238	0	0	0	0	0	0	0	0	0	0	0	0	0
108.5648	-5.428411	-87.46906	13.10238	0	0	0	0	0	0	0	0	0	0	0	0	0
108.5748	-5.364573	-87.46906	13.10016	0	0	0	0	0	0	0	0.2428211	0	-0.00839055	0	0	0
108.5848	-5.300734	-87.46906	13.09797	0	0	0	0	0	0	0	1.168121	0	-0.03988288	0	0	0
108.5948	-5.236894	-87.46906	13.0958	0	0	0	0	0	0	0	4.360737	0	-0.1470924	0	0	0
108.6048	-5.109211	-87.46906	13.09155	0	0	0	0	0	0	0	12.10882	0	-0.3984745	0	0	0
108.6148	-4.853836	-87.46906	13.08336	0	0	0	0	0	0	0	16.29361	0	-0.5093593	0	0	0
108.6248	-4.662296	-87.46906	13.07749	0	0	0	0	0	0	0	20.91595	0	-0.6280337	0	0	0
108.6348	-4.278965	-87.4153	13.0748	0	0	0	0	0	0	0	24.26171	0.7174552	-0.5570031	0	0	0
108.6448	-3.959498	-87.36153	13.0747	0	0	0	0	0	0	0	22.91535	6.670558	0.4558512	0	0	0
108.6548	-3.767948	-87.36153	13.06993	0	0	0	0	0	0	0	14.25286	0.07617575	-0.3339745	0	0	0
108.6648	-3.641498	-87.35192	13.01342	0	0	0	0	0	0	0	6.971948	1.625548	-9.191005	0	0	0
108.6748	-3.513558	-87.29816	13.01887	0	0	0	0	0	0	0	2.521292	0.2053559	-0.1019328	0	0	0
108.6848	-3.449686	-87.29816	13.01743	0	0	0	0	0	0	0	2.310963	0.006114747	-0.05265977	0	0	0
108.6948	-3.385813	-87.29816	13.01603	0	0	0	0	0	0	0	0.3525785	5.073342E-05	-0.007696244	0	0	0
108.7048	-3.385813	-87.29816	13.01603	0	0	0	0	0	0	0	0.00402634	5.793602E-07	-8.788877E-05	0	0	0
108.7148	-3.385813	-87.29816	13.01603	0	0	0	0	0	0	0	6.328546E-05	9.106306E-09	-1.381424E-06	0	0	0
108.7248	-3.385813	-87.29816	13.01603	0	0	0	0	0	0	0	2.771673E-07	0	-6.041413E-09	0	0	0
108.7348	-3.38563	-87.24441	13.02444	0	0	0	0	0	0	0	0.04389163	12.85157	2.013655	0	0	0
108.7448	-3.38563	-87.24441	13.02444	0	0	0	0	0	0	0	0.0001014709	0.02971092	0.00465527	0	0	0
108.7548	-3.38563	-87.24441	13.02444	0	0	0	0	0	0	0	1.158767E-06	0.0003392897	5.316177E-05	0	0	0
108.7648	-3.38563	-87.24441	13.02444	0	0	0	0	0	0	0	9.614166E-09	2.815051E-06	4.410776E-07	0	0	0
108.7748	-3.38563	-87.24441	13.02444	0	0	0	0	0	0	0	1.511142E-10	4.424659E-08	6.932799E-09	0	0	0
108.7848	-3.384465	-87.25402	13.07791	0	0	0	0	0	0	0	0.1986856	-1.637103	9.115273	0	0	0
108.7948	-3.384465	-87.25402	13.07791	0	0	0	0	0	0	0	0.002268929	-0.01869523	0.1040937	0	0	0
108.8048	-3.384465	-87.25402	13.07791	0	0	0	0	0	0	0	1.882506E-05	-0.0001551123	0.0008636542	0	0	0
108.8148	-3.384465	-87.25402	13.07791	0	0	0	0	0	0	0	2.958898E-07	-2.438034E-06	1.35748E-05	0	0	0
108.8248	-3.448312	-87.25402	13.07931	0	0	0	0	0	0	0	-1.640357	-1.06777E-08	0.03642976	0	0	0
108.8348	-3.448312	-87.25402	13.07931	0	0	0	0	0	0	0	-0.02578292	0	0.0005725971	0	0	0
108.8448	-3.448312	-87.25402	13.07931	0	0	0	0	0	0	0	-0.0001129197	0	2.507765E-06	0	0	0
108.8548	-3.447124	-87.26361	13.13279	0	0	0	0	0	0	0	0.2822064	-2.276907	12.70731	0	0	0
108.8648	-3.447124	-87.26361	13.13279	0	0	0	0	0	0	0	0.0006524189	-0.00526387	0.02937739	0	0	0
108.8748	-3.447124	-87.26361	13.13279	0	0	0	0	0	0	0	1.411441E-05	-0.0001138774	0.0006355442	0	0	0
108.8848	-3.447124	-87.26361	13.13279	0	0	0	0	0	0	0	4.491191E-08	-3.623567E-07	2.022295E-06	0	0	0
108.8949	-3.447124	-87.26361	13.13279	0	0	0	0	0	0	0	9.716146E-10	-7.839147E-09	4.374989E-08	0	0	0
108.9049	-3.447124	-87.26361	13.13279	0	0	0	0	0	0	0	0	0	0	0	0	0
108.9149	-3.447124	-87.26361	13.13279	0	0	0	0	0	0	0	0	0	0	0	0	0
108.9249	-3.447124	-87.26361	13.13279	0	0	0	0	0	0	0	0	0	0	0	0	0
108.9349	-3.447124	-87.26361	13.13279	0	0	0	0	0	0	0	0	0	0	0	0	0
108.9449	-3.445937	-87.27318	13.18626	0	0	0	0	0	0	0	0.03068498	-0.2469903	1.381684	0	0	0
108.9549	-3.445937	-87.27318	13.18626	0	0	0	0	0	0	0	0.0002545901	-0.002049253	0.01146369	0	0	0
108.9649	-3.445937	-87.27318	13.18626	0	0	0	0	0	0	0	2.907342E-06	-2.340185E-05	0.0001309119	0	0	0
108.9749	-3.445937	-87.27318	13.18626	0	0	0	0	0	0	0	2.577739E-09	-2.07488E-08	1.160705E-07	0	0	0
108.9849	-3.445937	-87.27318	13.18626	0	0	0	0	0	0	0	0	0	0	0	0	0
108.9949	-3.445937	-87.27318	13.18626	0	0	0	0	0	0	0	0	0	0	0	0	0
109.0049	-3.445937	-87.27318	13.18626	0	0	0	0	0	0	0	0	0	0	0	0	0
109.0149	-3.445937	-87.27318	13.18626	0	0	0	0	0	0	0	0	0	0	0	0	0
109.0249	-3.445937	-87.27318	13.18626	0	0	0	0	0	0	0	0	0	0	0	0	0
109.0349	-3.444749	-87.28273	13.23974	0	0	0	0	0	0	0	0.1069127	-0.85854	4.81407	0	0	0
109.0449	-3.444749	-87.28273	13.23974	0	0	0	0	0	0	0	0.00168044	-0.01349442	0.0756669	0	0	0
109.0549	-3.444749	-87.28273	13.23974	0	0	0	0	0	0	0	1.012977E-05	-8.134497E-05	0.0004561236	0	0	0
109.0649	-3.444749	-87.28273	13.23974	0	0	0	0	0	0	0	2.191453E-07	-1.7598E-06	9.86768E-06	0	0	0
109.0749	-3.444749	-87.28273	13.23974	0	0	0	0	0	0	0	6.97318E-10	-5.599664E-09	3.139885E-08	0	0	0
109.0849	-3.444749	-87.28273	13.23974	0	0	0	0	0	0	0	0	0	0	0	0	0
109.0949	-3.444749	-87.28273	13.23974	0	0	0	0	0	0	0	0	0	0	0	0	0
109.1049	-3.444749	-87.28273	13.23974	0	0	0	0	0	0	0	0	0	0	0	0	0
109.1149	-3.444749	-87.28273	13.23974	0	0	0	0	0	0	0	0	0	0	0	0	0
109.1249	-3.444749	-87.28273	13.23974	0	0	0	0	0	0	0	0	0	0	0	0	0
109.1349	-3.444749	-87.28273	13.23974	0	0	0	0	0	0	0	0	0	0	0	0	0
109.1449	-3.444749	-87.28273	13.23974	0	0	0	0	0	0	0	0	0	0	0	0	0
109.1549	-3.444749	-87.28273	13.23974	0	0	0	0	0	0	0	0	0	0	0	0	0
109.1649	-3.444749	-87.28273	13.23974	0	0	0	0	0	0	0	0	0	0	0	0	0
109.1749	-3.444749	-87.28273	13.23974	0	0	0	0	0	0	0	0	0	0	0	0	0
109.1849	-3.444749	-87.28273	13.23974	0	0	0	0	0	0	0	0	0	0	0	0	0
109.1949	-3.444749	-87.28273	13.23974	0	0	0	0	0	0	0	0	0	0	0	0	0
109.2049	-3.444749	-87.28273	13.23974	0	0	0	0	0	0	0	0	0	0	0	0	0
109.2149	-3.444749	-87.28273	13.23974	0	0	0	0	0	0	0	0	0	0	0	0	0
109.2249	-3.380968	-87.28273	13.23834	0	0	0	0	0	0	0	2.222624	0	-0.04844652	0	0	0
109.2349	-3.379802	-87.29226	13.29182	0	0	0	0	0	0	0	0.1332195	-0.8802962	4.947221	0	0	0
109.2449	-3.379802	-87.29226	13.29182	0	0	0	0	0	0	0	0.001105309	-0.007303726	0.04104657	0	0	0
109.2549	-3.379802	-87.29226	13.29182	0	0	0	0	0	0	0	1.737309E-05	-0.000114799	0.0006451645	0	0	0
109.2649	-3.379802	-87.29226	13.29182	0	0	0	0	0	0	0	5.528099E-08	-3.652891E-07	2.052907E-06	0	0	0
109.2749	-3.379802	-87.29226	13.29182	0	0	0	0	0	0	0	5.110565E-10	-4.171491E-09	2.344619E-08	0	0	0
109.2849	-3.379802	-87.29226	13.29182	0	0	0	0	0	0	0	0	0	0	0	0	0
109.2949	-3.379802	-87.29226	13.29182	0	0	0	0	0	0	0	0	0	0	0	0	0
109.3049	-3.379802	-87.29226	13.29182	0	0	0	0	0	0	0	0	0	0	0	0	0
109.3149	-3.379802	-87.29226	13.29182	0	0	0	0	0	0	0	0	0	0	0	0	0
109.3249	-3.379802	-87.29226	13.29182	0	0	0	0	0	0	0	0	0	0	0	0	0
109.3349	-3.379802	-87.29226	13.29182	0	0	0	0	0	0	0	0	0	0	0	0	0
109.3449	-3.379802	-87.29226	13.29182	0	0	0	0	0	0	0	0	0	0	0	0	0
109.3549	-3.382133	-87.27318	13.18486	0	0	0	0	0	0	0	-0.07997029	0.6558421	-3.668868	0	0	0
109.365	-3.383299	-87.26361	13.13138	0	0	0	0	0	0	0	-0.05973036	0.4910057	-2.740303	0	0	0
109.375	-3.322903	-87.23476	12.9696	0	0	0	0	0	0	0	0.4729829	2.971408	-16.48521	0	0	0
109.385	-3.260132	-87.22511	12.91478	0	0	0	0	0	0	0	1.57036	0.7251229	-4.044021	0	0	0
109.395	-3.071551	-87.19601	12.75051	0	0	0	0	0	0	0	12.3135	1.795941	-10.10834	0	0	0
109.405	-2.88158	-87.1765	12.63995	0	0	0	0	0	0	0	19.44306	2.362486	-13.27712	0	0	0
109.415	-2.629069	-87.13721	12.42168	0	0	0	0	0	0	0	22.57217	2.435956	-13.57765	0	0	0
109.425	-2.374221	-87.11744	12.31071	0	0	0	0	0	0	0	24.19693	0.603551	-3.623028	0	0	0
109.435	-1.990704	-87.15134	12.19008	0	0	0	0	0	0	0	18.97471	-1.174451	-1.278727	0	0	0
109.445	-1.605422	-87.15134	12.18565	0	0	0	0	0	0	0	26.54309	-0.009744293	-0.2814742	0	0	0
109.455	-1.348561	-87.15134	12.18322	0	0	0	0	0	0	0	16.99207	-0.0001112769	-0.1468314	0	0	0
109.465	-1.22013	-87.15134	12.18216	0	0	0	0	0	0	0	13.86659	-2.40734E-06	-0.1083409	0	0	0
109.475	-1.091324	-87.16128	12.23463	0	0	0	0	0	0	0	0.6874427	-1.705686	9.172	0	0	0
109.485	-1.091324	-87.16128	12.23463	0	0	0	0	0	0	0	0.01487199	-0.03690043	0.1984251	0	0	0
109.495	-1.091697	-87.15134	12.18121	0	0	0	0	0	0	0	-0.0004768145	0.0138512	-0.07434924	0	0	0
109.505	-1.091697	-87.15134	12.18121	0	0	0	0	0	0	0	-1.03153E-05	0.0002996539	-0.001608455	0	0	0
109.515	-1.091697	-87.15134	12.18121	0	0	0	0	0	0	0	-3.282318E-08	9.534955E-07	-5.118088E-06	0	0	0
109.525	-1.091697	-87.15134	12.18121	0	0	0	0	0	0	0	-5.623509E-10	1.498691E-08	-8.044508E-08	0	0	0
109.535	-1.091697	-87.15134	12.18121	0	0	0	0	0	0	0	0	0	0	0	0	0
109.545	-1.091697	-87.15134	12.18121	0	0	0	0	0	0	0	0	0	0	0	0	0
109.555	-1.027481	-87.15134	12.18077	0	0	0	0	0	0	0	0.1668273	0	-0.001097603	0	0	0
109.565	-0.9632639	-87.15134	12.18036	0	0	0	0	0	0	0	14.71017	0	-0.09073325	0	0	0
109.575	-0.9632639	-87.15134	12.18036	0	0	0	0	0	0	0	0.04680761	0	-0.0002887122	0	0	0
109.585	-0.9632639	-87.15134	12.18036	0	0	0	0	0	0	0	0.001012626	0	-6.245938E-06	0	0	0
109.595	-0.963212	-87.09758	12.18878	0	0	0	0	0	0	0	0.001299477	1.332338	0.2088035	0	0	0
109.605	-0.963212	-87.09758	12.18878	0	0	0	0	0	0	0	1.483963E-05	0.01521489	0.002384473	0	0	0
109.615	-0.963212	-87.09758	12.18878	0	0	0	0	0	0	0	3.210373E-07	0.0003291557	5.158517E-05	0	0	0
109.625	-0.963212	-87.09758	12.18878	0	0	0	0	0	0	0	1.012447E-09	1.04737E-06	1.641435E-07	0	0	0
109.635	-0.963212	-87.09758	12.18878	0	0	0	0	0	0	0	2.190307E-11	2.265858E-08	3.551045E-09	0	0	0
109.645	-0.9628825	-87.10752	12.2422	0	0	0	0	0	0	0	0.01504497	-0.453387	2.439173	0	0	0
109.655	-0.962553	-87.11744	12.29562	0	0	0	0	0	0	0	0.008725382	-0.262347	1.414607	0	0	0
109.665	-0.9618939	-87.13721	12.40248	0	0	0	0	0	0	0	0.01848154	-0.5531609	2.996329	0	0	0
109.675	-0.960905	-87.16671	12.5628	0	0	0	0	0	0	0	0.08240832	-2.449632	13.36049	0	0	0
109.685	-0.960905	-87.16671	12.5628	0	0	0	0	0	0	0	0.001782804	-0.05299482	0.2890379	0	0	0
109.695	-1.024261	-87.18626	12.67011	0	0	0	0	0	0	0	-1.117005	-1.303355	7.149045	0	0	0
109.705	-1.023206	-87.21543	12.83049	0	0	0	0	0	0	0	0.1200904	-3.674019	20.27118	0	0	0
109.715	-0.9589266	-87.22511	12.88355	0	0	0	0	0	0	0	10.95097	-1.302806	7.137595	0	0	0
109.725	-0.9585968	-87.23476	12.93703	0	0	0	0	0	0	0	0.2766795	-1.193636	6.615071	0	0	0
109.735	-0.9585968	-87.23476	12.93703	0	0	0	0	0	0	0	0.0008803913	-0.003798136	0.02104909	0	0	0
109.745	-0.9585968	-87.23476	12.93703	0	0	0	0	0	0	0	1.90462E-05	-8.216807E-05	0.0004553714	0	0	0
109.755	-0.958267	-87.24441	12.9905	0	0	0	0	0	0	0	0.0006301069	-0.01838516	0.1021503	0	0	0
109.765	-0.9579371	-87.25402	13.04398	0	0	0	0	0	0	0	0.02109689	-0.6141598	3.420344	0	0	0
109.775	-0.9576072	-87.26361	13.09747	0	0	0	0	0	0	0	0.01134054	-0.3293654	1.83859	0	0	0
109.785	-0.9566174	-87.29226	13.25794	0	0	0	0	0	0	0	0.06428816	-1.853986	10.42275	0	0	0
109.795	-0.9552973	-87.33015	13.47196	0	0	0	0	0	0	0	0.05625936	-1.607113	9.121077	0	0	0
109.805	-0.9546371	-87.34896	13.579	0	0	0	0	0	0	0	0.04219051	-1.199473	6.840157	0	0	0
109.815	-0.954307	-87.35834	13.63252	0	0	0	0	0	0	0	0.0002543445	-0.007213677	0.04123573	0	0	0
109.8251	-0.954307	-87.35834	13.63252	0	0	0	0	0	0	0	5.502435E-06	-0.0001560591	0.0008920849	0	0	0
109.8351	-0.954307	-87.35834	13.63252	0	0	0	0	0	0	0	2.409864E-08	-6.834817E-07	3.907004E-06	0	0	0
109.8451	-0.954307	-87.35834	13.63252	0	0	0	0	0	0	0	5.213448E-10	-1.478629E-08	8.452329E-08	0	0	0
109.8551	-0.954307	-87.35834	13.63252	0	0	0	0	0	0	0	0	0	0	0	0	0
109.8651	-0.954307	-87.35834	13.63252	0	0	0	0	0	0	0	0	0	0	0	0	0
109.8751	-0.954307	-87.35834	13.63252	0	0	0	0	0	0	0	0	0	0	0	0	0
109.8851	-0.954307	-87.35834	13.63252	0	0	0	0	0	0	0	0	0	0	0	0	0
109.8951	-0.954307	-87.35834	13.63252	0	0	0	0	0	0	0	0	0	0	0	0	0
109.9051	-0.954307	-87.35834	13.63252	0	0	0	0	0	0	0	0	0	0	0	0	0
109.9151	-0.954307	-87.35834	13.63252	0	0	0	0	0	0	0	0	0	0	0	0	0
109.9251	-0.954307	-87.35834	13.63252	0	0	0	0	0	0	0	0	0	0	0	0	0
109.9351	-0.954307	-87.35834	13.63252	0	0	0	0	0	0	0	0	0	0	0	0	0
109.9451	-0.8906386	-87.30458	13.64058	0	0	0	0	0	0	0	0.8550554	0.7219021	0.1085197	0	0	0
109.9551	-0.8275945	-87.28581	13.53318	0	0	0	0	0	0	0	1.144985	1.247569	-7.090358	0	0	0
109.9651	-0.7641979	-87.2764	13.47934	0	0	0	0	0	0	0	5.559072	1.64603	-9.369519	0	0	0
109.9751	-0.7009993	-87.25749	13.37202	0	0	0	0	0	0	0	9.133297	0.6311473	-3.606451	0	0	0
109.9851	-0.6381524	-87.21943	13.15775	0	0	0	0	0	0	0	4.142057	2.731508	-15.30121	0	0	0
109.9951	-0.5106984	-87.20985	13.10379	0	0	0	0	0	0	0	11.5769	0.5130925	-2.902348	0	0	0
110.0051	-0.3192968	-87.20026	13.04979	0	0	0	0	0	0	0	12.13419	0.02005286	-0.1366275	0	0	0
110.0151	-0.1917101	-87.18102	12.94262	0	0	0	0	0	0	0	7.248755	0.4316351	-2.401616	0	0	0
110.0251	-0.06394736	-87.16167	12.83558	0	0	0	0	0	0	0	3.798763	1.453826	-8.023096	0	0	0
110.0351	0.1279387	-87.15198	12.78215	0	0	0	0	0	0	0	12.39475	0.8823535	-4.846944	0	0	0
110.0451	0.2560531	-87.13251	12.67539	0	0	0	0	0	0	0	6.666641	0.4149709	-2.26281	0	0	0
110.0551	0.3201936	-87.1765	12.61362	0	0	0	0	0	0	0	0.7105624	-1.195143	-0.9639865	0	0	0
110.0651	0.3843641	-87.16671	12.56031	0	0	0	0	0	0	0	0.1321801	0.448984	-2.472331	0	0	0
110.0751	0.3846485	-87.20082	12.44501	0	0	0	0	0	0	0	0.0391649	-6.715112	-15.29023	0	0	0
110.0851	0.385044	-87.1712	12.28471	0	0	0	0	0	0	0	0.03334257	2.396169	-13.50767	0	0	0
110.0951	0.3855712	-87.13139	12.07104	0	0	0	0	0	0	0	0.02459766	1.863373	-9.96973	0	0	0
110.1051	0.3859665	-87.1013	11.91082	0	0	0	0	0	0	0	0.03425999	2.616219	-13.88619	0	0	0
110.1151	0.3862299	-87.08114	11.80403	0	0	0	0	0	0	0	0.01204897	0.9242281	-4.883665	0	0	0
110.1251	0.3221877	-87.05073	11.64374	0	0	0	0	0	0	0	-0.4269578	3.190581	-16.74806	0	0	0
110.1351	0.3221877	-87.05073	11.64374	0	0	0	0	0	0	0	-0.004875729	0.03643546	-0.1912578	0	0	0
110.1451	0.4509088	-87.06088	11.69743	0	0	0	0	0	0	0	11.88331	-0.6887286	3.657341	0	0	0
110.1551	0.5149729	-87.08114	11.80441	0	0	0	0	0	0	0	4.418306	-1.814663	9.603378	0	0	0
110.1651	0.7714036	-87.12138	12.01906	0	0	0	0	0	0	0	12.09808	-3.10709	16.6257	0	0	0
110.1751	0.8342589	-87.1712	12.28647	0	0	0	0	0	0	0	2.580479	-3.893543	21.00895	0	0	0
110.1851	0.8965862	-87.23025	12.60746	0	0	0	0	0	0	0	0.1819849	-2.030335	11.10054	0	0	0
110.1951	0.8953552	-87.26919	12.82129	0	0	0	0	0	0	0	-0.1094675	-3.613616	19.93795	0	0	0
110.2051	0.831071	-87.22511	12.88282	0	0	0	0	0	0	0	-0.3549286	0.6071239	2.149952	0	0	0
110.2151	0.7663098	-87.20026	13.05135	0	0	0	0	0	0	0	-15.37309	1.021666	21.10311	0	0	0
110.2251	0.7657819	-87.21943	13.15833	0	0	0	0	0	0	0	-0.08385738	-1.263401	7.154871	0	0	0
110.2351	0.765254	-87.2385	13.26532	0	0	0	0	0	0	0	-0.04640866	-1.634783	9.192358	0	0	0
110.2451	0.8284526	-87.25749	13.37265	0	0	0	0	0	0	0	9.012934	-1.848134	10.48772	0	0	0
110.2551	0.8281665	-87.26695	13.42615	0	0	0	0	0	0	0	0.4575775	-0.280394	1.590073	0	0	0
110.2651	0.8270223	-87.30458	13.64022	0	0	0	0	0	0	0	-0.05947335	-1.994739	11.40264	0	0	0
110.2751	0.8270223	-87.30458	13.64022	0	0	0	0	0	0	0	-0.0009347941	-0.03135303	0.1792251	0	0	0
110.2851	0.8270223	-87.30458	13.64022	0	0	0	0	0	0	0	-2.974505E-06	-9.976501E-05	0.0005702924	0	0	0
110.2952	0.8270223	-87.30458	13.64022	0	0	0	0	0	0	0	-6.595219E-08	-2.158295E-06	1.233757E-05	0	0	0
110.3052	0.8270223	-87.30458	13.64022	0	0	0	0	0	0	0	-2.888464E-10	-9.452537E-09	5.403404E-08	0	0	0
110.3152	0.8270223	-87.30458	13.64022	0	0	0	0	0	0	0	0	0	0	0	0	0
110.3252	0.8270223	-87.30458	13.64022	0	0	0	0	0	0	0	0	0	0	0	0	0
110.3352	0.8270223	-87.30458	13.64022	0	0	0	0	0	0	0	0	0	0	0	0	0
110.3452	0.8906386	-87.30458	13.64058	0	0	0	0	0	0	0	10.55636	0	0.06077138	0	0	0
110.3552	0.8906386	-87.30458	13.64058	0	0	0	0	0	0	0	0.1205505	0	0.0006939907	0	0	0
110.3652	0.8906386	-87.30458	13.64058	0	0	0	0	0	0	0	0.001000195	0	5.757968E-06	0	0	0
110.3752	0.8906386	-87.30458	13.64058	0	0	0	0	0	0	0	2.163799E-05	0	1.245666E-07	0	0	0
110.3852	0.8906386	-87.30458	13.64058	0	0	0	0	0	0	0	5.002381E-08	0	2.879795E-10	0	0	0
110.3952	0.8906386	-87.30458	13.64058	0	0	0	0	0	0	0	0	0	0	0	0	0
110.4052	0.8906386	-87.30458	13.64058	0	0	0	0	0	0	0	0	0	0	0	0	0
110.4152	0.8270223	-87.30458	13.64022	0	0	0	0	0	0	0	-0.5956495	0	-0.003184126	0	0	0
110.4252	0.826977	-87.25083	13.64868	0	0	0	0	0	0	0	-0.007699287	6.891191	1.085743	0	0	0
110.4352	0.826977	-87.25083	13.64868	0	0	0	0	0	0	0	-0.0001665647	0.1490825	0.02348873	0	0	0
110.4452	0.8275492	-87.23206	13.54164	0	0	0	0	0	0	0	0.03940932	1.29636	-7.372266	0	0	0
110.4552	0.8289794	-87.18475	13.2741	0	0	0	0	0	0	0	0.1175525	3.911613	-21.99038	0	0	0
110.4652	0.9588746	-87.17136	12.89199	0	0	0	0	0	0	0	9.295842	-8.913957	-21.64903	0	0	0
110.4752	0.9605233	-87.12274	12.62469	0	0	0	0	0	0	0	0.5653579	2.704	-16.29778	0	0	0
110.4852	1.026426	-87.18109	12.34105	0	0	0	0	0	0	0	0.5229824	-3.042775	-28.04249	0	0	0
110.4952	1.091382	-87.21503	12.22624	0	0	0	0	0	0	0	0.4956623	-4.108615	-6.383416	0	0	0
110.5052	1.091814	-87.25886	12.16445	0	0	0	0	0	0	0	0.03268505	-2.974927	-3.27924	0	0	0
110.5152	1.091615	-87.43011	12.19289	0	0	0	0	0	0	0	0.004915708	-10.67153	-0.6987563	0	0	0
110.5252	1.091731	-87.53766	12.17635	0	0	0	0	0	0	0	0.01636489	-15.39617	-2.340925	0	0	0
110.5352	1.156253	-87.80661	12.13584	0	0	0	0	0	0	0	8.774333	-21.36859	-3.167818	0	0	0
110.5452	1.156097	-88.03175	12.15689	0	0	0	0	0	0	0	0.2327427	-12.90088	0.6353905	0	0	0
110.5552	1.220511	-88.1932	12.13332	0	0	0	0	0	0	0	2.205935	-9.786256	-1.379362	0	0	0
110.5652	1.219739	-88.26679	12.2322	0	0	0	0	0	0	0	-0.02773966	-2.857908	6.756975	0	0	0
110.5752	1.153961	-88.30608	12.44548	0	0	0	0	0	0	0	-4.46314	-4.060492	22.06471	0	0	0
110.5852	1.087611	-88.36435	12.76579	0	0	0	0	0	0	0	-11.18567	-5.681125	31.41241	0	0	0
110.5952	1.084993	-88.43134	13.14021	0	0	0	0	0	0	0	-0.3318331	-5.252613	29.59806	0	0	0
110.6052	1.018759	-88.55109	13.50643	0	0	0	0	0	0	0	-0.7777407	-17.88526	25.14038	0	0	0
110.6152	1.081737	-88.62357	13.60599	0	0	0	0	0	0	0	8.533704	-7.512567	2.253012	0	0	0
110.6252	1.206856	-89.00201	13.88109	0	0	0	0	0	0	0	8.700338	-25.73839	21.32836	0	0	0
110.6352	1.332308	-89.25392	14.06542	0	0	0	0	0	0	0	11.01642	-21.64739	1.389369	0	0	0
110.6452	1.458322	-89.37977	14.15837	0	0	0	0	0	0	0	6.440241	-1.195498	1.316987	0	0	0
110.6552	1.392564	-89.47855	14.41808	0	0	0	0	0	0	0	-11.08528	-2.762421	15.84629	0	0	0
110.6652	1.327813	-89.45136	14.58597	0	0	0	0	0	0	0	-2.449221	0.4643711	13.38427	0	0	0
110.6752	1.261057	-89.52155	15.01443	0	0	0	0	0	0	0	-0.4969217	-2.874648	17.93634	0	0	0
110.6852	1.198005	-89.52155	15.01392	0	0	0	0	0	0	0	-0.3346059	-0.0328276	0.2022593	0	0	0
110.6952	1.198005	-89.52155	15.01392	0	0	0	0	0	0	0	-0.007238792	-0.0007101853	0.004375635	0	0	0
110.7052	1.198005	-89.52155	15.01392	0	0	0	0	0	0	0	-8.26648E-05	-8.110101E-06	4.996842E-05	0	0	0
110.7152	1.197945	-89.46768	15.02159	0	0	0	0	0	0	0	-0.005401563	4.849632	0.6912411	0	0	0
110.7252	1.197945	-89.46768	15.02159	0	0	0	0	0	0	0	-0.0001608388	0.1444043	0.02058264	0	0	0
110.7352	1.197945	-89.46768	15.02159	0	0	0	0	0	0	0	-1.33423E-06	0.001198108	0.0001707718	0	0	0
110.7452	1.260994	-89.46768	15.02209	0	0	0	0	0	0	0	2.142449	1.368203E-05	0.0176218	0	0	0
110.7552	1.260994	-89.46768	15.02209	0	0	0	0	0	0	0	0.04634929	2.95994E-07	0.0003812263	0	0	0
110.7653	1.260111	-89.48502	15.12938	0	0	0	0	0	0	0	-0.1058684	-2.076867	12.89076	0	0	0
110.7753	1.260111	-89.48502	15.12938	0	0	0	0	0	0	0	-0.002290333	-0.04493048	0.278876	0	0	0
110.7853	1.260111	-89.48502	15.12938	0	0	0	0	0	0	0	-2.615491E-05	-0.0005130925	0.003184679	0	0	0
110.7953	1.260111	-89.48502	15.12938	0	0	0	0	0	0	0	-2.990969E-07	-5.85936E-06	3.636807E-05	0	0	0
110.8053	1.197107	-89.48502	15.12887	0	0	0	0	0	0	0	-4.072628	-1.267601E-07	-0.0318184	0	0	0
110.8153	1.197047	-89.43115	15.13656	0	0	0	0	0	0	0	-0.01318007	0.1984676	0.0282699	0	0	0
110.8253	1.196987	-89.37729	15.14427	0	0	0	0	0	0	0	-0.007576119	6.513403	0.933807	0	0	0
110.8353	1.195189	-89.30397	15.37437	0	0	0	0	0	0	0	-0.1085495	5.097204	13.89348	0	0	0
110.8453	1.131318	-89.15949	15.50461	0	0	0	0	0	0	0	-7.96818	16.04916	20.68577	0	0	0
110.8553	1.127848	-88.95771	15.97348	0	0	0	0	0	0	0	-0.1472067	13.85277	16.5388	0	0	0
110.8653	1.063409	-88.72179	16.22781	0	0	0	0	0	0	0	-8.600131	12.78074	23.22882	0	0	0
110.8753	1.119973	-88.45853	17.03738	0	0	0	0	0	0	0	0.5344664	11.82745	42.53296	0	0	0
110.8853	1.117922	-88.44418	17.31441	0	0	0	0	0	0	0	-0.1962305	-2.837382	28.98924	0	0	0
110.8953	1.11581	-88.37551	17.59979	0	0	0	0	0	0	0	-0.2084171	-0.9061016	28.16581	0	0	0
110.9053	1.115014	-88.39091	17.70737	0	0	0	0	0	0	0	-0.01877311	-0.2942394	2.536489	0	0	0
110.9153	1.114953	-88.33714	17.71565	0	0	0	0	0	0	0	-0.002146717	1.827459	0.2900302	0	0	0
110.9253	1.115289	-88.27567	17.67016	0	0	0	0	0	0	0	0.0185348	0.4141998	-2.504122	0	0	0
110.9353	1.115228	-88.2219	17.67849	0	0	0	0	0	0	0	-0.001429897	1.298686	0.1931846	0	0	0
110.9453	1.115166	-88.16814	17.68684	0	0	0	0	0	0	0	-0.004063414	3.532378	0.5489827	0	0	0
110.9553	1.115166	-88.16814	17.68684	0	0	0	0	0	0	0	-1.292974E-05	0.01123999	0.001746857	0	0	0
110.9653	1.115166	-88.16814	17.68684	0	0	0	0	0	0	0	-1.072767E-07	9.325703E-05	1.449349E-05	0	0	0
110.9753	1.177053	-88.11437	17.69568	0	0	0	0	0	0	0	11.32669	6.509194	1.103222	0	0	0
110.9853	1.177408	-88.0529	17.65028	0	0	0	0	0	0	0	0.1254346	6.70673	0.5183957	0	0	0
110.9953	1.240121	-87.9299	17.56006	0	0	0	0	0	0	0	0.5273402	7.920106	-11.00667	0	0	0
111.0053	1.240796	-87.75309	17.47795	0	0	0	0	0	0	0	0.1282433	10.39255	-15.15255	0	0	0
111.0153	1.241328	-87.46877	17.41325	0	0	0	0	0	0	0	0.03698354	27.41327	-4.491899	0	0	0
111.0253	1.242812	-87.22231	17.23287	0	0	0	0	0	0	0	0.08458398	21.73925	-10.28473	0	0	0
111.0353	1.243778	-86.92988	17.11545	0	0	0	0	0	0	0	0.0268545	18.49344	-3.265316	0	0	0
111.0453	1.244958	-86.79838	16.97191	0	0	0	0	0	0	0	0.08141439	16.71851	-9.899413	0	0	0
111.0553	1.246211	-86.72038	16.8196	0	0	0	0	0	0	0	0.11718	3.674845	-14.24826	0	0	0
111.0653	1.247094	-86.70406	16.71216	0	0	0	0	0	0	0	0.0826441	1.548221	-10.04894	0	0	0
111.0753	1.247536	-86.69586	16.65845	0	0	0	0	0	0	0	0.05510831	1.023897	-6.70078	0	0	0
111.0853	1.247536	-86.69586	16.65845	0	0	0	0	0	0	0	0.000175354	0.003258029	-0.02132181	0	0	0
111.0953	1.309911	-86.69586	16.65897	0	0	0	0	0	0	0	5.836285	7.048349E-05	0.0499373	0	0	0
111.1053	1.372286	-86.69586	16.65952	0	0	0	0	0	0	0	10.40008	2.242196E-07	0.09408411	0	0	0
111.1153	1.434661	-86.69586	16.6601	0	0	0	0	0	0	0	4.023728	2.736248E-10	0.03805584	0	0	0
111.1253	1.434153	-86.70406	16.71381	0	0	0	0	0	0	0	-0.01533779	-0.3968477	2.604986	0	0	0
111.1353	1.434153	-86.70406	16.71381	0	0	0	0	0	0	0	-0.0001751529	-0.00453188	0.02974815	0	0	0
111.1453	1.434153	-86.70406	16.71381	0	0	0	0	0	0	0	-1.05583E-06	-2.731839E-05	0.0001793233	0	0	0
111.1553	1.434661	-86.69586	16.6601	0	0	0	0	0	0	0	0.01839694	0.2971479	-1.945148	0	0	0
111.1653	1.436185	-86.67114	16.49898	0	0	0	0	0	0	0	0.05069764	0.8255776	-5.360373	0	0	0
111.1753	1.436693	-86.66286	16.44527	0	0	0	0	0	0	0	0.007888381	0.1288051	-0.8340559	0	0	0
111.1853	1.437709	-86.64623	16.33788	0	0	0	0	0	0	0	0.0866859	1.423096	-9.165491	0	0	0
111.1953	1.500216	-86.64623	16.33849	0	0	0	0	0	0	0	4.28085	0.03078694	-0.1560547	0	0	0
111.2053	1.500216	-86.64623	16.33849	0	0	0	0	0	0	0	0.01362162	9.796373E-05	-0.0004965643	0	0	0
111.2153	1.500216	-86.64623	16.33849	0	0	0	0	0	0	0	0.0002946872	2.119326E-06	-1.074257E-05	0	0	0
111.2253	1.500216	-86.64623	16.33849	0	0	0	0	0	0	0	3.365238E-06	2.420206E-08	-1.226768E-07	0	0	0
111.2354	1.500216	-86.64623	16.33849	0	0	0	0	0	0	0	3.843E-08	2.763802E-10	-1.400932E-09	0	0	0
111.2454	1.500216	-86.64623	16.33849	0	0	0	0	0	0	0	0	0	0	0	0	0
111.2554	1.500216	-86.64623	16.33849	0	0	0	0	0	0	0	0	0	0	0	0	0
111.2654	1.375607	-86.58421	16.29251	0	0	0	0	0	0	0	-11.47133	2.437995	-9.507256	0	0	0
111.2754	1.191593	-86.34708	15.83467	0	0	0	0	0	0	0	-20.56616	19.86922	-38.73634	0	0	0
111.2854	0.943821	-86.04581	15.33257	0	0	0	0	0	0	0	-16.88995	9.759473	-25.01916	0	0	0
111.2954	0.7565562	-85.88548	15.028	0	0	0	0	0	0	0	-13.39436	9.295478	-22.21592	0	0	0
111.3054	0.5049009	-85.85866	14.86617	0	0	0	0	0	0	0	-17.92234	0.4809924	-2.82577	0	0	0
111.3154	0.4419427	-85.84968	14.81238	0	0	0	0	0	0	0	-3.498536	0.4545742	-2.716744	0	0	0
111.3254	0.3788082	-85.84968	14.81221	0	0	0	0	0	0	0	-0.467296	0.001990868	-0.01300714	0	0	0
111.3354	0.3788082	-85.84968	14.81221	0	0	0	0	0	0	0	-0.007344896	3.129219E-05	-0.0002044444	0	0	0
111.3454	0.3788082	-85.84968	14.81221	0	0	0	0	0	0	0	-8.96329E-06	3.815562E-08	-2.494976E-07	0	0	0
111.3554	0.3155634	-85.85866	14.86566	0	0	0	0	0	0	0	-1.596558	-0.1652267	0.9838279	0	0	0
111.3654	0.315343	-85.87656	14.97285	0	0	0	0	0	0	0	-0.054429	-1.616661	9.706852	0	0	0
111.3754	0.251569	-85.94727	15.40165	0	0	0	0	0	0	0	-11.12917	-3.684678	22.55964	0	0	0
111.3854	0.1884783	-85.97343	15.56246	0	0	0	0	0	0	0	-5.829122	-0.5580125	3.438534	0	0	0
111.3954	0.1884783	-85.97343	15.56246	0	0	0	0	0	0	0	-0.0185482	-0.00177559	0.01094138	0	0	0
111.4054	0.1884783	-85.97343	15.56246	0	0	0	0	0	0	0	-0.0002118149	-2.02767E-05	0.0001249472	0	0	0
111.4154	0.1884783	-85.97343	15.56246	0	0	0	0	0	0	0	-1.757406E-06	-1.682336E-07	1.036674E-06	0	0	0
111.4254	0.1884783	-85.97343	15.56246	0	0	0	0	0	0	0	-2.762267E-08	-2.644273E-09	1.62943E-08	0	0	0
111.4354	0.1884783	-85.97343	15.56246	0	0	0	0	0	0	0	0	0	0	0	0	0
111.4454	0.1884783	-85.97343	15.56246	0	0	0	0	0	0	0	0	0	0	0	0	0
111.4554	0.1884121	-85.98211	15.61611	0	0	0	0	0	0	0	-0.006162419	-0.8068988	4.995487	0	0	0
111.4654	0.1882798	-85.99939	15.7234	0	0	0	0	0	0	0	-0.002174127	-0.2832036	1.762428	0	0	0
111.4754	0.3135788	-86.01659	15.83091	0	0	0	0	0	0	0	1.668584	-2.113811	13.22689	0	0	0
111.4854	0.4388556	-86.02515	15.88488	0	0	0	0	0	0	0	9.369858	-0.2408145	1.537396	0	0	0
111.4954	0.4387012	-86.0337	15.93854	0	0	0	0	0	0	0	0.2150257	-1.425526	8.965229	0	0	0
111.5054	0.5010494	-86.10437	16.03698	0	0	0	0	0	0	0	1.655295	-2.645577	0.9842114	0	0	0
111.5154	0.6260904	-86.11285	16.09111	0	0	0	0	0	0	0	4.480499	-0.0805831	0.3982271	0	0	0
111.5254	0.7513075	-86.11285	16.09168	0	0	0	0	0	0	0	7.977271	-0.001266594	0.04533298	0	0	0
111.5354	0.8762152	-86.12131	16.14602	0	0	0	0	0	0	0	8.10133	-0.1071601	0.727686	0	0	0
111.5454	0.9388012	-86.12131	16.1464	0	0	0	0	0	0	0	2.972808	-0.000889096	0.02398706	0	0	0
111.5554	1.126558	-86.12131	16.14767	0	0	0	0	0	0	0	12.73405	-1.015311E-05	0.0943183	0	0	0
111.5654	1.439483	-86.12131	16.15031	0	0	0	0	0	0	0	16.64552	-1.705375E-08	0.157431	0	0	0
111.5754	1.689818	-86.12131	16.15288	0	0	0	0	0	0	0	23.55319	-3.689372E-10	0.261507	0	0	0
111.5854	2.12802	-86.17496	16.14931	0	0	0	0	0	0	0	25.52147	-4.891553	-0.4692805	0	0	0
111.5954	2.567162	-86.22015	16.09335	0	0	0	0	0	0	0	30.83948	-6.566337	-1.319613	0	0	0
111.6054	3.19697	-86.30196	15.92619	0	0	0	0	0	0	0	34.06668	-2.151664	-9.19669	0	0	0
111.6154	3.770964	-86.40269	15.53674	0	0	0	0	0	0	0	42.08493	-1.616734	-32.93974	0	0	0
111.6254	4.472556	-86.5649	15.1982	0	0	0	0	0	0	0	47.04836	-14.92233	-26.29463	0	0	0
111.6354	5.236428	-86.69054	14.98141	0	0	0	0	0	0	0	38.3401	-18.1644	-7.123977	0	0	0
111.6454	5.875898	-86.76215	14.77251	0	0	0	0	0	0	0	40.31404	-4.539149	-16.3827	0	0	0
111.6554	6.385884	-86.79782	14.67688	0	0	0	0	0	0	0	32.92607	-1.746683	-10.56373	0	0	0
111.6654	6.906161	-86.79692	14.36893	0	0	0	0	0	0	0	31.19994	1.858722	-24.16664	0	0	0
111.6754	7.183008	-86.87469	13.8732	0	0	0	0	0	0	0	17.22425	-0.4931691	-32.16948	0	0	0
111.6854	7.328567	-86.91606	13.48781	0	0	0	0	0	0	0	6.787515	-0.004892581	-38.69641	0	0	0
111.6954	7.405406	-86.92194	13.21514	0	0	0	0	0	0	0	2.675152	0.8399875	-20.32788	0	0	0
111.7055	7.419373	-87.03476	12.92255	0	0	0	0	0	0	0	0.8332726	-2.566648	-17.34226	0	0	0
111.7155	7.428228	-87.16671	12.73703	0	0	0	0	0	0	0	0.5970923	-8.814487	-12.50746	0	0	0
111.7255	7.49262	-87.22046	12.7317	0	0	0	0	0	0	0	0.6259681	-1.052365	-0.2618978	0	0	0
111.7355	7.621008	-87.27422	12.72953	0	0	0	0	0	0	0	6.592328	-0.02276812	0.3165293	0	0	0
111.7455	7.876962	-87.27422	12.74228	0	0	0	0	0	0	0	11.91118	-9.9716E-05	0.6029239	0	0	0
111.7555	8.188877	-87.35728	12.91058	0	0	0	0	0	0	0	14.23909	-15.66404	15.21217	0	0	0
111.7655	8.371984	-87.38639	13.08096	0	0	0	0	0	0	0	13.4054	-2.817411	15.19233	0	0	0
111.7755	8.497209	-87.44981	13.13296	0	0	0	0	0	0	0	9.536882	-1.421589	7.811212	0	0	0
111.7855	8.497663	-87.50358	13.12465	0	0	0	0	0	0	0	0.0355724	-0.06064544	0.02241941	0	0	0
111.7955	8.436735	-87.49393	13.06777	0	0	0	0	0	0	0	-2.971987	0.08973619	-0.659209	0	0	0
111.8055	8.436735	-87.49393	13.06777	0	0	0	0	0	0	0	-0.06429533	0.001941333	-0.01426119	0	0	0
111.8155	8.436735	-87.49393	13.06777	0	0	0	0	0	0	0	-0.0001486412	4.488073E-06	-3.296973E-05	0	0	0
111.8255	8.428031	-87.52283	13.22797	0	0	0	0	0	0	0	-0.813701	-2.693113	14.97653	0	0	0
111.8355	8.404813	-87.59896	13.65532	0	0	0	0	0	0	0	-1.696518	-5.509825	31.22524	0	0	0
111.8455	8.393198	-87.63651	13.86909	0	0	0	0	0	0	0	-0.2117382	-0.6811106	3.897145	0	0	0
111.8555	8.390294	-87.64584	13.92255	0	0	0	0	0	0	0	-0.008557566	-0.02746139	0.1575062	0	0	0
111.8655	8.326344	-87.59206	13.92742	0	0	0	0	0	0	0	-15.16189	7.384618	0.3304839	0	0	0
111.8755	8.326344	-87.59206	13.92742	0	0	0	0	0	0	0	-0.1741132	0.2004041	0.0217453	0	0	0
111.8855	8.326344	-87.59206	13.92742	0	0	0	0	0	0	0	-0.002736687	0.003149924	0.0003417897	0	0	0
111.8955	8.323462	-87.60137	13.98088	0	0	0	0	0	0	0	-0.1912802	-0.6169589	3.547312	0	0	0
111.9055	8.311931	-87.63839	14.19475	0	0	0	0	0	0	0	-0.6712724	-2.14439	12.44959	0	0	0
111.9155	8.294177	-87.6395	14.524	0	0	0	0	0	0	0	-0.9924189	-0.5528584	18.40566	0	0	0
111.9255	8.285523	-87.66663	14.6845	0	0	0	0	0	0	0	-0.8413799	-2.620653	15.60445	0	0	0
111.9355	8.282638	-87.67564	14.73801	0	0	0	0	0	0	0	-0.2636823	-0.8217557	4.890322	0	0	0
111.9455	8.271095	-87.71143	14.95209	0	0	0	0	0	0	0	-0.1287619	-0.3972983	2.388052	0	0	0
111.9555	8.265323	-87.7292	15.05915	0	0	0	0	0	0	0	-0.1786855	-0.5485606	3.313948	0	0	0
111.9655	8.261986	-87.68429	15.12104	0	0	0	0	0	0	0	-0.1416703	-0.04905857	2.627455	0	0	0
111.9755	8.261986	-87.68429	15.12104	0	0	0	0	0	0	0	-0.001617832	-0.000560234	0.03000474	0	0	0
111.9855	8.261986	-87.68429	15.12104	0	0	0	0	0	0	0	-3.499983E-05	-1.211998E-05	0.000649116	0	0	0
111.9955	8.261534	-87.63053	15.12942	0	0	0	0	0	0	0	-0.0004706868	0.05592062	0.008729482	0	0	0
112.0055	8.324537	-87.63053	15.13283	0	0	0	0	0	0	0	10.92821	0.0001779388	0.5937752	0	0	0
112.0155	8.324537	-87.63053	15.13283	0	0	0	0	0	0	0	0.1717681	2.79683E-06	0.009332877	0	0	0
112.0255	8.387539	-87.63053	15.13627	0	0	0	0	0	0	0	8.618433	1.224909E-08	0.4718079	0	0	0
112.0355	8.387079	-87.57677	15.14467	0	0	0	0	0	0	0	0.1709873	1.803679	0.2924613	0	0	0
112.0455	8.386618	-87.52302	15.15309	0	0	0	0	0	0	0	-0.01102105	1.378116	0.2162791	0	0	0
112.0555	8.386156	-87.46927	15.16153	0	0	0	0	0	0	0	-0.058228	6.762349	1.063876	0	0	0
112.0655	8.386156	-87.46927	15.16153	0	0	0	0	0	0	0	-0.0002550173	0.0296166	0.004659386	0	0	0
112.0755	8.386156	-87.46927	15.16153	0	0	0	0	0	0	0	-5.518204E-06	0.0006407192	0.0001008001	0	0	0
112.0855	8.385693	-87.41553	15.17	0	0	0	0	0	0	0	-0.002328553	0.2696528	0.04253528	0	0	0
112.0955	8.385693	-87.41553	15.17	0	0	0	0	0	0	0	-2.659137E-05	0.003079354	0.00048574	0	0	0
112.1055	8.385693	-87.41553	15.17	0	0	0	0	0	0	0	-5.752719E-07	6.661807E-05	1.050839E-05	0	0	0
112.1155	8.511192	-87.36179	15.18544	0	0	0	0	0	0	0	10.93029	0.2003245	0.6391641	0	0	0
112.1255	8.574173	-87.36179	15.18895	0	0	0	0	0	0	0	5.850786	0.004333778	0.3282228	0	0	0
112.1355	8.634133	-87.37061	15.24602	0	0	0	0	0	0	0	1.509933	-0.3153265	2.005926	0	0	0
112.1455	8.696605	-87.31687	15.25809	0	0	0	0	0	0	0	0.713833	12.70455	2.077811	0	0	0
112.1555	8.759556	-87.31687	15.26168	0	0	0	0	0	0	0	2.246904	0.2748474	0.1726402	0	0	0
112.1656	8.759556	-87.31687	15.26168	0	0	0	0	0	0	0	0.02565896	0.003138674	0.001971499	0	0	0
112.1756	8.759556	-87.31687	15.26168	0	0	0	0	0	0	0	0.0002930175	3.584271E-05	2.251392E-05	0	0	0
112.1856	8.759556	-87.31687	15.26168	0	0	0	0	0	0	0	6.339134E-06	7.755731E-07	4.860917E-07	0	0	0
112.1956	8.759068	-87.26314	15.27021	0	0	0	0	0	0	0	-0.002603142	0.2861809	0.04549474	0	0	0
112.2056	8.759068	-87.26314	15.27021	0	0	0	0	0	0	0	-5.631624E-05	0.006191176	0.0009842232	0	0	0
112.2156	8.759068	-87.26314	15.27021	0	0	0	0	0	0	0	-6.431144E-07	7.070135E-05	1.123953E-05	0	0	0
112.2256	8.758578	-87.2094	15.27877	0	0	0	0	0	0	0	-0.08453581	9.269164	1.477409	0	0	0
112.2356	8.758578	-87.2094	15.27877	0	0	0	0	0	0	0	-0.000268992	0.02949438	0.004701099	0	0	0
112.2456	8.758578	-87.2094	15.27877	0	0	0	0	0	0	0	-5.819315E-06	0.0006380751	0.0001017026	0	0	0
112.2556	8.758578	-87.2094	15.27877	0	0	0	0	0	0	0	-1.8517E-08	2.030348E-06	3.236165E-07	0	0	0
112.2656	8.758578	-87.2094	15.27877	0	0	0	0	0	0	0	-4.005928E-10	4.392411E-08	7.001049E-09	0	0	0
112.2756	8.758578	-87.2094	15.27877	0	0	0	0	0	0	0	0	0	0	0	0	0
112.2856	8.761641	-87.20058	15.22524	0	0	0	0	0	0	0	0.2873761	0.829407	-5.022393	0	0	0
112.2956	8.761641	-87.20058	15.22524	0	0	0	0	0	0	0	0.0009144278	0.002639164	-0.0159812	0	0	0
112.3056	8.761641	-87.20058	15.22524	0	0	0	0	0	0	0	7.586912E-06	2.189687E-05	-0.0001325943	0	0	0
112.3156	8.764704	-87.19173	15.17171	0	0	0	0	0	0	0	0.7471793	2.161937	-13.05824	0	0	0
112.3256	8.764704	-87.19173	15.17171	0	0	0	0	0	0	0	0.004504032	0.01303226	-0.07871572	0	0	0
112.3356	8.767766	-87.18285	15.11819	0	0	0	0	0	0	0	0.1078151	0.3127494	-1.884255	0	0	0
112.3456	8.77389	-87.16505	15.01116	0	0	0	0	0	0	0	0.4250364	1.239174	-7.428244	0	0	0
112.3556	8.776952	-87.15611	14.95765	0	0	0	0	0	0	0	0.0470256	0.1374457	-0.8218533	0	0	0
112.3656	8.780014	-87.14715	14.90414	0	0	0	0	0	0	0	0.07762933	0.2274631	-1.356706	0	0	0
112.3756	8.783075	-87.13817	14.85064	0	0	0	0	0	0	0	0.0305069	0.08961254	-0.5331606	0	0	0
112.3856	8.786137	-87.12917	14.79714	0	0	0	0	0	0	0	0.3815852	1.123687	-6.668858	0	0	0
112.3956	8.85236	-87.12014	14.74727	0	0	0	0	0	0	0	8.841873	0.588344	-2.984945	0	0	0
112.4056	8.855442	-87.11109	14.69378	0	0	0	0	0	0	0	0.9717212	2.165969	-12.77705	0	0	0
112.4156	8.858524	-87.10202	14.64029	0	0	0	0	0	0	0	0.2212975	0.636906	-3.751488	0	0	0
112.4256	8.931042	-87.07468	14.48351	0	0	0	0	0	0	0	8.590437	2.320079	-13.11281	0	0	0
112.4356	9.000562	-87.05635	14.38026	0	0	0	0	0	0	0	8.883565	0.8783361	-4.608646	0	0	0
112.4456	9.06702	-87.04715	14.33051	0	0	0	0	0	0	0	1.23842	0.02156429	-0.05268883	0	0	0
112.4556	9.196874	-87.03793	14.28456	0	0	0	0	0	0	0	4.938417	0.8730441	-4.777821	0	0	0
112.4656	9.260224	-87.03793	14.28836	0	0	0	0	0	0	0	10.50252	0.002778017	0.6151363	0	0	0
112.4756	9.263951	-87.08242	14.22636	0	0	0	0	0	0	0	0.2883005	-1.768513	-1.001536	0	0	0
112.4856	9.267163	-87.07315	14.17291	0	0	0	0	0	0	0	0.5512956	1.580547	-9.155237	0	0	0
112.4956	9.273588	-87.05456	14.06603	0	0	0	0	0	0	0	0.9035124	2.621406	-15.03131	0	0	0
112.5056	9.346729	-87.0265	13.90957	0	0	0	0	0	0	0	2.433542	0.7241515	-3.989932	0	0	0
112.5156	9.353195	-87.00768	13.80273	0	0	0	0	0	0	0	0.6858617	1.810619	-10.25355	0	0	0
112.5256	9.35966	-86.98878	13.6959	0	0	0	0	0	0	0	0.8383443	2.455252	-13.8434	0	0	0
112.5356	9.423253	-86.98878	13.69976	0	0	0	0	0	0	0	0.50042	0.02803824	-0.1281788	0	0	0
112.5456	9.426507	-86.9793	13.64636	0	0	0	0	0	0	0	0.3779745	1.080306	-6.076035	0	0	0
112.5556	9.493396	-86.9698	13.59685	0	0	0	0	0	0	0	0.8430074	0.02885266	-0.1107974	0	0	0
112.5656	9.496672	-86.96027	13.54345	0	0	0	0	0	0	0	0.447475	1.264855	-7.080024	0	0	0
112.5756	9.499948	-86.95072	13.49006	0	0	0	0	0	0	0	0.06223751	0.1814885	-1.013603	0	0	0
112.5856	9.503222	-86.94115	13.43667	0	0	0	0	0	0	0	0.001853071	0.005416387	-0.0301792	0	0	0
112.5956	9.570219	-86.93156	13.38721	0	0	0	0	0	0	0	2.419615	0.892642	-4.831388	0	0	0
112.6056	9.570219	-86.93156	13.38721	0	0	0	0	0	0	0	0.02007529	0.007406157	-0.04008552	0	0	0
112.6156	9.637787	-86.97568	13.32925	0	0	0	0	0	0	0	8.766327	-0.4801809	-0.8970131	0	0	0
112.6256	9.637787	-86.97568	13.32925	0	0	0	0	0	0	0	0.3254965	-0.007547419	-0.00242911	0	0	0
112.6357	9.641106	-86.96604	13.27588	0	0	0	0	0	0	0	0.06447638	0.1795329	-0.9936489	0	0	0
112.6457	9.704871	-86.96604	13.27985	0	0	0	0	0	0	0	10.58496	0.005345835	0.6327389	0	0	0
112.6557	9.71489	-86.937	13.11976	0	0	0	0	0	0	0	0.1553564	0.3806025	-2.089498	0	0	0
112.6657	9.782082	-86.92728	13.07041	0	0	0	0	0	0	0	1.684434	0.1879191	-0.9279883	0	0	0
112.6757	9.798883	-86.87833	12.80369	0	0	0	0	0	0	0	1.23595	3.609819	-19.55954	0	0	0
112.6857	9.943816	-86.82885	12.5452	0	0	0	0	0	0	0	1.552227	1.123058	-5.941573	0	0	0
112.6957	10.07884	-86.8089	12.44682	0	0	0	0	0	0	0	10.35562	0.8765344	-4.024181	0	0	0
112.7057	10.22101	-86.76875	12.24201	0	0	0	0	0	0	0	6.765429	0.313925	-1.223107	0	0	0
112.7157	10.35292	-86.75865	12.19719	0	0	0	0	0	0	0	16.25003	0.1886523	0.07833645	0	0	0
112.7257	10.49206	-86.72824	12.04596	0	0	0	0	0	0	0	8.282603	3.691298	-18.863	0	0	0
112.7357	10.5569	-86.78198	12.04179	0	0	0	0	0	0	0	2.470408	-6.623532	-1.317473	0	0	0
112.7457	10.63203	-86.75137	11.88639	0	0	0	0	0	0	0	1.2575	2.148945	-11.55776	0	0	0
112.7557	10.6465	-86.71027	11.67346	0	0	0	0	0	0	0	1.333673	3.789738	-19.54721	0	0	0
112.7657	10.723	-86.78669	11.50125	0	0	0	0	0	0	0	4.026784	-5.396466	-13.41175	0	0	0
112.7757	10.79963	-86.86293	11.32921	0	0	0	0	0	0	0	11.74785	-9.835267	-8.533958	0	0	0
112.7857	10.88801	-86.96111	10.98944	0	0	0	0	0	0	0	6.911371	-7.933883	-13.00288	0	0	0
112.7957	10.97353	-87.12301	10.69496	0	0	0	0	0	0	0	8.202642	-10.17182	-30.81761	0	0	0
112.8057	11.11989	-87.24142	10.46684	0	0	0	0	0	0	0	7.556149	-6.291559	-12.24904	0	0	0
112.8157	11.27039	-87.34864	10.18602	0	0	0	0	0	0	0	19.54063	-7.668442	-28.79427	0	0	0
112.8257	11.40546	-87.44535	10.12605	0	0	0	0	0	0	0	2.92702	-7.647018	-3.026379	0	0	0
112.8357	11.53945	-87.43443	10.0824	0	0	0	0	0	0	0	9.906214	0.3668141	-3.069316	0	0	0
112.8457	11.55106	-87.40154	9.923159	0	0	0	0	0	0	0	1.017283	2.183002	-10.54238	0	0	0
112.8557	11.55493	-87.39053	9.870088	0	0	0	0	0	0	0	0.5004277	1.416669	-6.824588	0	0	0
112.8657	11.56267	-87.36846	9.763958	0	0	0	0	0	0	0	0.5542271	1.584289	-7.600807	0	0	0
112.8757	11.57814	-87.32405	9.551754	0	0	0	0	0	0	0	0.9392468	2.707076	-12.8821	0	0	0
112.8857	11.67124	-87.2993	9.177294	0	0	0	0	0	0	0	10.73135	4.733661	-24.99698	0	0	0
112.8957	11.68738	-87.30775	8.957256	0	0	0	0	0	0	0	1.077356	2.774117	-13.42822	0	0	0
112.9057	11.77695	-87.29286	8.636209	0	0	0	0	0	0	0	4.890265	4.084561	-21.05844	0	0	0
112.9157	11.87187	-87.37318	8.246544	0	0	0	0	0	0	0	5.276369	0.2590576	-27.92303	0	0	0
112.9257	11.94224	-87.41534	8.190587	0	0	0	0	0	0	0	8.677952	1.280468	-9.168342	0	0	0
112.9357	11.9519	-87.55341	8.061096	0	0	0	0	0	0	0	0.9314896	-1.732466	-12.15094	0	0	0
112.9457	11.95643	-87.59551	8.000346	0	0	0	0	0	0	0	0.4108706	-0.2643465	-5.502865	0	0	0
112.9557	11.96885	-87.614	7.83383	0	0	0	0	0	0	0	1.488875	4.248059	-19.96751	0	0	0
112.9657	12.05922	-87.59655	7.513717	0	0	0	0	0	0	0	1.501083	1.488556	-8.214196	0	0	0
112.9757	12.22471	-87.60799	7.085457	0	0	0	0	0	0	0	18.37985	-0.08985393	-29.19526	0	0	0
112.9857	12.29907	-87.5837	6.984875	0	0	0	0	0	0	0	13.55018	4.042057	-17.28613	0	0	0
112.9957	12.30368	-87.62538	6.924338	0	0	0	0	0	0	0	0.6466286	-0.8668737	-7.972957	0	0	0
113.0057	12.30368	-87.62538	6.924338	0	0	0	0	0	0	0	0.03110641	0.03307048	-0.3970672	0	0	0
113.0157	12.29966	-87.63756	6.977142	0	0	0	0	0	0	0	-0.9536903	-2.88213	12.51255	0	0	0
113.0257	12.3666	-87.69141	6.974504	0	0	0	0	0	0	0	4.37131	-0.198785	0.3364548	0	0	0
113.0357	12.37065	-87.67924	6.921701	0	0	0	0	0	0	0	0.2904954	0.585609	-2.549031	0	0	0
113.0457	12.45736	-87.61805	6.662873	0	0	0	0	0	0	0	10.81399	6.438487	-26.97274	0	0	0
113.0557	12.46143	-87.60575	6.610102	0	0	0	0	0	0	0	0.3073537	0.2168908	-0.9112765	0	0	0
113.0657	12.46549	-87.59342	6.557336	0	0	0	0	0	0	0	0.04326133	0.1253345	-0.5359535	0	0	0
113.0757	12.46549	-87.59342	6.557336	0	0	0	0	0	0	0	0.0006799757	0.00196999	-0.008424045	0	0	0
113.0857	12.53202	-87.59342	6.562476	0	0	0	0	0	0	0	0.1836065	6.268489E-06	0.01419514	0	0	0
113.0957	12.84817	-87.44385	5.950612	0	0	0	0	0	0	0	2.569426	0.3232761	-1.157792	0	0	0
113.1058	12.91495	-87.44385	5.955909	0	0	0	0	0	0	0	0.1433798	0.001415831	0.005441581	0	0	0
113.1158	12.98593	-87.43124	5.908545	0	0	0	0	0	0	0	0.4321706	1.140223	-4.75772	0	0	0
113.1258	13.00699	-87.3679	5.645182	0	0	0	0	0	0	0	0.5071324	1.53027	-6.333529	0	0	0
113.1358	13.02321	-87.26297	5.442292	0	0	0	0	0	0	0	1.023764	3.664973	-12.80626	0	0	0
113.1458	13.05265	-87.17278	5.073947	0	0	0	0	0	0	0	2.905552	8.963264	-36.34565	0	0	0
113.1558	13.06527	-87.1338	4.916163	0	0	0	0	0	0	0	0.7570284	2.345445	-9.469693	0	0	0
113.1658	13.07788	-87.09464	4.758428	0	0	0	0	0	0	0	0.218996	0.6820539	-2.739428	0	0	0
113.1758	13.08628	-87.06841	4.653297	0	0	0	0	0	0	0	0.6278312	1.962171	-7.85356	0	0	0
113.1858	13.09468	-87.04211	4.548188	0	0	0	0	0	0	0	0.5951955	1.86664	-7.44532	0	0	0
113.1958	13.11148	-86.98923	4.338033	0	0	0	0	0	0	0	1.50625	4.756616	-18.84173	0	0	0
113.2058	13.12408	-86.94936	4.180474	0	0	0	0	0	0	0	0.6136796	1.947965	-7.676539	0	0	0
113.2158	13.13667	-86.90929	4.022963	0	0	0	0	0	0	0	1.003852	3.202853	-12.55721	0	0	0
113.2258	13.13667	-86.90929	4.022963	0	0	0	0	0	0	0	0.01577841	0.05034202	-0.1973726	0	0	0
113.2358	13.13667	-86.90929	4.022963	0	0	0	0	0	0	0	6.910363E-05	0.0002204795	-0.0008644195	0	0	0
113.2458	13.13667	-86.90929	4.022963	0	0	0	0	0	0	0	1.494973E-06	4.769807E-06	-1.870066E-05	0	0	0
113.2558	13.13729	-86.96314	4.015255	0	0	0	0	0	0	0	0.07778395	-6.808219	-0.973002	0	0	0
113.2658	13.06971	-86.96314	4.009867	0	0	0	0	0	0	0	-0.86321	-0.05648709	-0.07677394	0	0	0
113.2758	13.06971	-86.96314	4.009867	0	0	0	0	0	0	0	-0.009857596	-0.0006450654	-0.0008767351	0	0	0
113.2858	13.06971	-86.96314	4.009867	0	0	0	0	0	0	0	-0.0001125708	-7.366451E-06	-1.001205E-05	0	0	0
113.2958	13.06971	-86.96314	4.009867	0	0	0	0	0	0	0	-4.930185E-07	-3.226235E-08	-4.38491E-08	0	0	0
113.3058	13.06971	-86.96314	4.009867	0	0	0	0	0	0	0	0	0	0	0	0	0
113.3158	13.06971	-86.96314	4.009867	0	0	0	0	0	0	0	0	0	0	0	0	0
113.3258	13.06971	-86.96314	4.009867	0	0	0	0	0	0	0	0	0	0	0	0	0
113.3358	13.06971	-86.96314	4.009867	0	0	0	0	0	0	0	0	0	0	0	0	0
113.3458	13.06971	-86.96314	4.009867	0	0	0	0	0	0	0	0	0	0	0	0	0
113.3558	13.06554	-86.97652	4.062366	0	0	0	0	0	0	0	-0.07749808	-0.248117	0.9744703	0	0	0
113.3658	13.06554	-86.97652	4.062366	0	0	0	0	0	0	0	-0.0006429935	-0.002058601	0.008085078	0	0	0
113.3758	13.06554	-86.97652	4.062366	0	0	0	0	0	0	0	-7.34279E-06	-2.35086E-05	9.232914E-05	0	0	0
113.3858	13.06554	-86.97652	4.062366	0	0	0	0	0	0	0	-1.15413E-07	-3.695049E-07	1.451217E-06	0	0	0
113.3958	12.93455	-86.96314	3.999174	0	0	0	0	0	0	0	-9.428788	1.263793	-5.7281	0	0	0
113.4058	12.87108	-86.94975	3.94137	0	0	0	0	0	0	0	-6.018528	0.496927	-2.428298	0	0	0
113.4158	12.80348	-86.94975	3.936091	0	0	0	0	0	0	0	-1.272712	0.005674756	-0.1214595	0	0	0
113.4258	12.73587	-86.94975	3.93084	0	0	0	0	0	0	0	-11.39741	8.919504E-05	-0.8831916	0	0	0
113.4358	12.66826	-86.94975	3.925617	0	0	0	0	0	0	0	-16.56263	2.062056E-07	-1.276087	0	0	0
113.4458	12.60869	-86.92287	3.815426	0	0	0	0	0	0	0	-1.101654	0.5666516	-2.308291	0	0	0
113.4558	12.54504	-86.90941	3.757763	0	0	0	0	0	0	0	-6.250183	0.4767766	-2.344296	0	0	0
113.4658	12.54904	-86.89593	3.705277	0	0	0	0	0	0	0	0.08669151	0.3423713	-1.332463	0	0	0
113.4758	12.55304	-86.88242	3.652797	0	0	0	0	0	0	0	0.008085717	0.02748656	-0.1067064	0	0	0
113.4858	12.55704	-86.86889	3.600322	0	0	0	0	0	0	0	0.3571793	1.209214	-4.686241	0	0	0
113.4958	12.57303	-86.81456	3.390477	0	0	0	0	0	0	0	1.706977	5.817928	-22.39572	0	0	0
113.5058	12.61298	-86.67723	2.866253	0	0	0	0	0	0	0	3.529768	12.23276	-46.31095	0	0	0
113.5158	12.64609	-86.67355	2.431924	0	0	0	0	0	0	0	1.931066	-1.887668	-25.3358	0	0	0
113.5258	12.60225	-86.64297	2.105091	0	0	0	0	0	0	0	1.320643	7.009543	-34.17033	0	0	0
113.5358	12.47115	-86.79044	2.019661	0	0	0	0	0	0	0	-4.463357	-9.5199	-2.753482	0	0	0
113.5458	12.47172	-86.84432	2.012103	0	0	0	0	0	0	0	-0.05603186	-1.49518	-0.2316791	0	0	0
113.5558	12.47285	-86.9521	1.997053	0	0	0	0	0	0	0	0.007552953	-0.7295834	-0.1016034	0	0	0
113.5658	12.47677	-86.93792	1.944742	0	0	0	0	0	0	0	0.4769894	1.720243	-6.36171	0	0	0
113.5759	12.49694	-86.92063	1.675781	0	0	0	0	0	0	0	0.3533537	-0.1764696	-4.71275	0	0	0
113.5859	12.50478	-86.89201	1.571234	0	0	0	0	0	0	0	0.4093322	1.473904	-5.459348	0	0	0
113.5959	12.50478	-86.89201	1.571234	0	0	0	0	0	0	0	0.001792725	0.006455158	-0.02390994	0	0	0