51.63734	12.7894	-86.82832	4.116805	0	0	0	0	0	0	0	0.8506971	-0.895973	-10.9241	0	0	0
51.64734	12.79758	-86.80157	4.011786	0	0	0	0	0	0	0	0.5770672	1.832048	-7.410321	0	0	0
51.65734	12.81045	-86.81516	3.846546	0	0	0	0	0	0	0	1.544747	1.331262	-19.83664	0	0	0
51.66734	12.95399	-86.78822	3.75218	0	0	0	0	0	0	0	3.277423	0.1348315	-0.2941778	0	0	0
51.67733	13.16542	-86.76118	3.66336	0	0	0	0	0	0	0	9.861073	1.276966	-4.190712	0	0	0
51.68733	13.24999	-86.70685	3.45901	0	0	0	0	0	0	0	2.517587	3.936808	-15.04512	0	0	0
51.69733	13.26263	-86.66587	3.301735	0	0	0	0	0	0	0	0.72183	2.320575	-8.884631	0	0	0
51.70733	13.28368	-86.59716	3.039721	0	0	0	0	0	0	0	0.8621286	2.825438	-10.72863	0	0	0
51.71733	13.2921	-86.56952	2.934955	0	0	0	0	0	0	0	0.5612438	1.845498	-6.984459	0	0	0
51.72733	13.2921	-86.56952	2.934955	0	0	0	0	0	0	0	0.002458042	0.008082602	-0.03058937	0	0	0
51.73732	13.29631	-86.55567	2.88258	0	0	0	0	0	0	0	0.1520027	0.5006465	-1.891614	0	0	0
51.74732	13.30052	-86.5418	2.830211	0	0	0	0	0	0	0	0.5899721	1.946383	-7.341972	0	0	0
51.75732	13.31314	-86.50005	2.673138	0	0	0	0	0	0	0	0.6257508	2.074642	-7.787225	0	0	0
51.76732	13.32576	-86.45811	2.516115	0	0	0	0	0	0	0	0.7958732	2.651681	-9.904332	0	0	0
51.77732	13.33417	-86.43005	2.411462	0	0	0	0	0	0	0	0.6097865	2.038327	-7.588555	0	0	0
51.78732	13.34258	-86.4019	2.306832	0	0	0	0	0	0	0	0.09026095	0.3026988	-1.123262	0	0	0
51.79731	13.34678	-86.38779	2.254525	0	0	0	0	0	0	0	0.5655808	1.899815	-7.038432	0	0	0
51.80731	13.34678	-86.38779	2.254525	0	0	0	0	0	0	0	0.02110917	0.0709068	-0.2626955	0	0	0
51.81731	13.27848	-86.38779	2.249051	0	0	0	0	0	0	0	-11.42745	0.0005883063	-0.9157294	0	0	0
51.82731	13.28266	-86.37366	2.196748	0	0	0	0	0	0	0	0.07031558	0.6792597	-2.522958	0	0	0
51.83731	13.28684	-86.35952	2.144452	0	0	0	0	0	0	0	0.1498575	0.5112821	-1.888212	0	0	0
51.84731	13.22266	-86.34534	2.086709	0	0	0	0	0	0	0	-0.8517421	0.2615428	-1.038164	0	0	0
51.8573	13.22682	-86.33115	2.034422	0	0	0	0	0	0	0	0.3652442	1.26674	-4.663465	0	0	0
51.8673	13.23513	-86.3027	1.929866	0	0	0	0	0	0	0	0.1386753	0.4754429	-1.74453	0	0	0
51.8773	13.23513	-86.3027	1.929866	0	0	0	0	0	0	0	0.0008359414	0.002865992	-0.01051611	0	0	0
51.8873	13.23513	-86.3027	1.929866	0	0	0	0	0	0	0	1.404743E-06	4.813886E-06	-1.766341E-05	0	0	0
51.8973	13.23513	-86.3027	1.929866	0	0	0	0	0	0	0	1.604174E-08	5.497312E-08	-2.017108E-07	0	0	0
51.9073	13.23513	-86.3027	1.929866	0	0	0	0	0	0	0	0	0	0	0	0	0
51.91729	13.17083	-86.28844	1.872166	0	0	0	0	0	0	0	-6.02791	0.09678566	-0.8336877	0	0	0
51.92729	13.10238	-86.28844	1.866764	0	0	0	0	0	0	0	-1.244313	0.0005834285	-0.1000792	0	0	0
51.93729	13.0421	-86.25987	1.756859	0	0	0	0	0	0	0	0.2529197	2.144247	-7.858914	0	0	0
51.94729	13.0421	-86.25987	1.756859	0	0	0	0	0	0	0	0.01638377	0.07710388	-0.2820241	0	0	0
51.95729	13.0421	-86.25987	1.756859	0	0	0	0	0	0	0	0.0001359344	0.0006397229	-0.002339924	0	0	0
51.96729	13.0421	-86.25987	1.756859	0	0	0	0	0	0	0	2.940776E-06	1.383963E-05	-5.062141E-05	0	0	0
51.97728	13.0421	-86.25987	1.756859	0	0	0	0	0	0	0	1.287952E-08	6.061248E-08	-2.217032E-07	0	0	0
51.98728	13.0421	-86.25987	1.756859	0	0	0	0	0	0	0	2.723786E-10	9.526987E-10	-3.479225E-09	0	0	0
51.99728	12.9736	-86.25987	1.75151	0	0	0	0	0	0	0	-3.29002	0	-0.2562052	0	0	0
52.00728	12.9736	-86.25987	1.75151	0	0	0	0	0	0	0	-0.05171209	0	-0.004026998	0	0	0
52.01728	12.83658	-86.25987	1.740897	0	0	0	0	0	0	0	-4.663188	0	-0.3592805	0	0	0
52.02728	12.70015	-86.31373	1.722664	0	0	0	0	0	0	0	-3.738251	-0.9941632	-0.4282888	0	0	0
52.03727	12.56369	-86.36758	1.704564	0	0	0	0	0	0	0	-9.000287	-9.441373	-2.036015	0	0	0
52.04727	12.49517	-86.36758	1.699412	0	0	0	0	0	0	0	-3.407258	-0.07833408	-0.2667326	0	0	0
52.05727	12.49517	-86.36758	1.699412	0	0	0	0	0	0	0	-0.02053911	-0.0004722015	-0.001607877	0	0	0
52.06727	12.49517	-86.36758	1.699412	0	0	0	0	0	0	0	-0.0002345504	-5.392398E-06	-1.836146E-05	0	0	0
52.07727	12.49517	-86.36758	1.699412	0	0	0	0	0	0	0	-3.686632E-06	-8.475698E-08	-2.88603E-07	0	0	0
52.08727	12.42664	-86.36758	1.694288	0	0	0	0	0	0	0	-2.474206	0	-0.1844885	0	0	0
52.09726	12.28958	-86.36758	1.684125	0	0	0	0	0	0	0	-13.47436	0	-0.9935698	0	0	0
52.10726	12.15307	-86.42145	1.666384	0	0	0	0	0	0	0	-16.20137	-1.031039	-1.329042	0	0	0
52.11726	12.15363	-86.47531	1.658715	0	0	0	0	0	0	0	-0.1370921	-4.636078	-0.6725715	0	0	0
52.12726	12.15363	-86.47531	1.658715	0	0	0	0	0	0	0	-0.001137438	-0.03846506	-0.005580255	0	0	0
52.13726	12.22273	-86.52917	1.656081	0	0	0	0	0	0	0	0.5087873	-1.972015	-0.243714	0	0	0
52.14725	12.15529	-86.63692	1.635841	0	0	0	0	0	0	0	-8.531871	-14.69062	-2.703218	0	0	0
52.15725	12.15585	-86.6908	1.62826	0	0	0	0	0	0	0	-0.09571662	-7.373315	-1.048445	0	0	0
52.16725	12.09108	-86.67648	1.570996	0	0	0	0	0	0	0	-8.241756	0.340881	-2.395786	0	0	0
52.17725	11.95766	-86.66213	1.508831	0	0	0	0	0	0	0	-6.9961	0.1864881	-1.188653	0	0	0
52.18725	11.7592	-86.63338	1.389661	0	0	0	0	0	0	0	-10.12864	0.9915466	-4.33136	0	0	0
52.19725	11.55685	-86.61898	1.323013	0	0	0	0	0	0	0	-19.02241	0.2791417	-2.333011	0	0	0
52.20724	11.44092	-86.5321	1.000057	0	0	0	0	0	0	0	-11.22779	6.624241	-24.66758	0	0	0
52.21724	11.40454	-86.45421	0.5179306	0	0	0	0	0	0	0	1.537149	-3.640954	-32.58913	0	0	0
52.22724	11.43746	-86.42848	0.03348349	0	0	0	0	0	0	0	2.582055	0.4603043	-38.05842	0	0	0
52.23724	11.45517	-86.35357	-0.2270765	0	0	0	0	0	0	0	1.638556	6.719203	-24.11407	0	0	0
52.24724	11.46579	-86.30837	-0.3833392	0	0	0	0	0	0	0	0.9007139	3.841553	-13.25513	0	0	0
52.25724	11.46579	-86.30837	-0.3833392	0	0	0	0	0	0	0	0.007473128	0.03187296	-0.1099764	0	0	0
52.26723	11.4663	-86.36226	-0.390835	0	0	0	0	0	0	0	0.01199756	-1.264383	-0.176559	0	0	0
52.27723	11.4668	-86.41615	-0.3983089	0	0	0	0	0	0	0	0.005233643	-0.5560917	-0.07701957	0	0	0
52.28723	11.46731	-86.47005	-0.4057609	0	0	0	0	0	0	0	0.003603817	-0.3841409	-0.05303466	0	0	0
52.29723	11.49207	-86.36383	-0.7701586	0	0	0	0	0	0	0	2.663539	11.48252	-39.19729	0	0	0
52.30723	11.50672	-86.35657	-0.9856797	0	0	0	0	0	0	0	0.923345	-1.153632	-13.58817	0	0	0
52.31723	11.51379	-86.32586	-1.089688	0	0	0	0	0	0	0	0.01325102	0.04899364	-0.1950052	0	0	0
52.32722	11.37792	-86.31048	-1.151097	0	0	0	0	0	0	0	-9.732527	0.1988231	-1.327804	0	0	0
52.33722	11.30823	-86.31048	-1.155761	0	0	0	0	0	0	0	-2.445491	0.0003339548	-0.1642787	0	0	0
52.34722	11.03617	-86.27964	-1.278122	0	0	0	0	0	0	0	-19.77773	4.699924	-17.18035	0	0	0
52.35722	10.69395	-86.24872	-1.404433	0	0	0	0	0	0	0	-21.28195	2.421839	-9.505035	0	0	0
52.36722	10.41791	-86.23323	-1.473778	0	0	0	0	0	0	0	-21.99629	0.1538427	-1.86717	0	0	0
52.37722	10.14478	-86.20218	-1.594646	0	0	0	0	0	0	0	-13.20253	1.088344	-4.439982	0	0	0
52.38721	9.801341	-86.17105	-1.719094	0	0	0	0	0	0	0	-16.76899	3.082174	-11.27654	0	0	0
52.39721	9.524508	-86.15545	-1.786956	0	0	0	0	0	0	0	-19.97087	0.325477	-2.20503	0	0	0
52.40721	9.390317	-86.12419	-1.898657	0	0	0	0	0	0	0	-3.412109	1.433448	-4.961287	0	0	0
52.41721	9.320311	-86.12419	-1.902504	0	0	0	0	0	0	0	-0.738515	0.02253074	-0.1154503	0	0	0
52.42721	9.320311	-86.12419	-1.902504	0	0	0	0	0	0	0	-0.01160788	0.0003541351	-0.001814633	0	0	0
52.43721	9.320311	-86.12419	-1.902504	0	0	0	0	0	0	0	-9.630935E-05	2.938222E-06	-1.505582E-05	0	0	0
52.4472	9.250301	-86.12419	-1.906322	0	0	0	0	0	0	0	-8.595049	2.437812E-08	-0.466983	0	0	0
52.4572	9.180292	-86.12419	-1.910111	0	0	0	0	0	0	0	-6.403461	0	-0.3452696	0	0	0
52.4672	9.183093	-86.10853	-1.962068	0	0	0	0	0	0	0	0.5594306	3.693062	-12.248	0	0	0
52.4772	9.183093	-86.10853	-1.962068	0	0	0	0	0	0	0	0.002450101	0.01617425	-0.05364176	0	0	0
52.4872	9.11306	-86.10853	-1.96583	0	0	0	0	0	0	0	-15.82835	1.637652E-07	-0.8469253	0	0	0
52.4972	8.975727	-86.09285	-2.025221	0	0	0	0	0	0	0	-12.2555	0.03081775	-0.7479464	0	0	0
52.50719	8.770891	-86.06142	-2.140059	0	0	0	0	0	0	0	-10.62834	2.780165	-9.747931	0	0	0
52.51719	8.633307	-86.04567	-2.199155	0	0	0	0	0	0	0	-9.651843	0.03621893	-0.6082706	0	0	0
52.52719	8.565784	-86.02991	-2.254625	0	0	0	0	0	0	0	-3.31818	0.05693775	-0.3544756	0	0	0
52.53719	8.425476	-86.02991	-2.261612	0	0	0	0	0	0	0	-10.88453	0.0008949399	-0.5404738	0	0	0
52.54719	8.285163	-86.02991	-2.268483	0	0	0	0	0	0	0	-10.30913	7.425223E-06	-0.5006318	0	0	0
52.55719	8.074682	-86.02991	-2.278574	0	0	0	0	0	0	0	-16.50498	1.167086E-07	-0.781068	0	0	0
52.56718	7.871369	-85.98248	-2.444202	0	0	0	0	0	0	0	-12.332	4.604399	-15.69172	0	0	0
52.57718	7.665329	-85.95075	-2.557621	0	0	0	0	0	0	0	-14.97367	1.349928	-5.092314	0	0	0
52.58718	7.599665	-85.91894	-2.664573	0	0	0	0	0	0	0	-16.09751	0.5071834	-2.371413	0	0	0
52.59718	7.599665	-85.91894	-2.664573	0	0	0	0	0	0	0	-0.1838287	0.00579188	-0.02708082	0	0	0
52.60718	7.599665	-85.91894	-2.664573	0	0	0	0	0	0	0	-0.001525207	4.805463E-05	-0.0002246867	0	0	0
52.61718	7.599665	-85.91894	-2.664573	0	0	0	0	0	0	0	-2.3973E-05	7.553161E-07	-3.531596E-06	0	0	0
52.62717	7.599665	-85.91894	-2.664573	0	0	0	0	0	0	0	-3.768044E-07	1.187195E-08	-5.550914E-08	0	0	0
52.63717	7.601971	-85.903	-2.71647	0	0	0	0	0	0	0	0.5379971	3.720448	-12.1065	0	0	0
52.64717	7.604277	-85.88704	-2.768361	0	0	0	0	0	0	0	0.1192035	0.8255334	-2.682425	0	0	0
52.65717	7.608888	-85.85506	-2.872124	0	0	0	0	0	0	0	0.233283	1.62027	-5.249547	0	0	0
52.66717	7.611193	-85.83904	-2.923995	0	0	0	0	0	0	0	0.2147749	1.49388	-4.83306	0	0	0
52.67717	7.611193	-85.83904	-2.923995	0	0	0	0	0	0	0	0.003375802	0.02348061	-0.07596537	0	0	0
52.68716	7.611193	-85.83904	-2.923995	0	0	0	0	0	0	0	3.855064E-05	0.0002681414	-0.0008675015	0	0	0
52.69716	7.611193	-85.83904	-2.923995	0	0	0	0	0	0	0	4.402366E-07	3.062094E-06	-9.906605E-06	0	0	0
52.70716	7.611193	-85.83904	-2.923995	0	0	0	0	0	0	0	2.653767E-09	1.845845E-08	-5.971748E-08	0	0	0
52.71716	7.611193	-85.83904	-2.923995	0	0	0	0	0	0	0	0	0	0	0	0	0
52.72716	7.611193	-85.83904	-2.923995	0	0	0	0	0	0	0	0	0	0	0	0	0
52.73716	7.611193	-85.83904	-2.923995	0	0	0	0	0	0	0	0	0	0	0	0	0
52.74715	7.611193	-85.83904	-2.923995	0	0	0	0	0	0	0	0	0	0	0	0	0
52.75715	7.611193	-85.83904	-2.923995	0	0	0	0	0	0	0	0	0	0	0	0	0
52.76715	7.611193	-85.83904	-2.923995	0	0	0	0	0	0	0	0	0	0	0	0	0
52.77715	7.611193	-85.83904	-2.923995	0	0	0	0	0	0	0	0	0	0	0	0	0
52.78715	7.611193	-85.83904	-2.923995	0	0	0	0	0	0	0	0	0	0	0	0	0
52.79715	7.611193	-85.83904	-2.923995	0	0	0	0	0	0	0	0	0	0	0	0	0
52.80714	7.611193	-85.83904	-2.923995	0	0	0	0	0	0	0	0	0	0	0	0	0
52.81714	7.611193	-85.83904	-2.923995	0	0	0	0	0	0	0	0	0	0	0	0	0
52.82714	7.540765	-85.83904	-2.92711	0	0	0	0	0	0	0	-3.367861	0	-0.1482758	0	0	0
52.83714	7.540765	-85.83904	-2.92711	0	0	0	0	0	0	0	-0.03845995	0	-0.001693265	0	0	0
52.84714	7.472598	-85.823	-2.982064	0	0	0	0	0	0	0	-0.5042088	1.444453	-4.697441	0	0	0
52.85714	7.402145	-85.823	-2.985122	0	0	0	0	0	0	0	-0.5002682	0.01649521	-0.07500422	0	0	0
52.86713	7.331692	-85.823	-2.988151	0	0	0	0	0	0	0	-0.9376888	0.0002592695	-0.04096361	0	0	0
52.87713	7.331692	-85.823	-2.988151	0	0	0	0	0	0	0	-0.01070812	2.960779E-06	-0.000467792	0	0	0
52.88713	7.33613	-85.79085	-3.091869	0	0	0	0	0	0	0	0.3131613	2.272637	-7.321296	0	0	0
52.89713	7.33613	-85.79085	-3.091869	0	0	0	0	0	0	0	0.004358849	0.03162551	-0.1018815	0	0	0
52.90713	7.33613	-85.79085	-3.091869	0	0	0	0	0	0	0	6.851179E-05	0.0004970854	-0.001601359	0	0	0
52.91713	7.408866	-85.77474	-3.140686	0	0	0	0	0	0	0	1.768906	0.3043782	-0.9045314	0	0	0
52.92712	7.408866	-85.77474	-3.140686	0	0	0	0	0	0	0	0.02780343	0.004784175	-0.0142173	0	0	0
52.93712	7.408866	-85.77474	-3.140686	0	0	0	0	0	0	0	0.0001217688	2.095293E-05	-6.226656E-05	0	0	0
52.94712	7.408866	-85.77474	-3.140686	0	0	0	0	0	0	0	1.913946E-06	3.293353E-07	-9.786974E-07	0	0	0
52.95712	7.411106	-85.75861	-3.192527	0	0	0	0	0	0	0	0.2772175	1.997602	-6.416667	0	0	0
52.96712	7.481643	-85.75861	-3.189465	0	0	0	0	0	0	0	2.492759	0.003355289	0.09792283	0	0	0
52.97712	7.552179	-85.75861	-3.186374	0	0	0	0	0	0	0	6.380791	3.831638E-05	0.2808018	0	0	0
52.98711	7.622715	-85.75861	-3.183254	0	0	0	0	0	0	0	6.587408	2.309729E-07	0.2927351	0	0	0
52.99711	7.622715	-85.75861	-3.183254	0	0	0	0	0	0	0	0.0752262	2.637641E-09	0.003342946	0	0	0
53.00711	7.622715	-85.75861	-3.183254	0	0	0	0	0	0	0	0.0004534671	0	2.015148E-05	0	0	0
53.01711	7.622715	-85.75861	-3.183254	0	0	0	0	0	0	0	5.178456E-06	0	2.301239E-07	0	0	0
53.02711	7.622715	-85.75861	-3.183254	0	0	0	0	0	0	0	3.121598E-08	0	1.387197E-09	0	0	0
53.03711	7.622715	-85.75861	-3.183254	0	0	0	0	0	0	0	0	0	0	0	0	0
53.0471	7.622715	-85.75861	-3.183254	0	0	0	0	0	0	0	0	0	0	0	0	0
53.0571	7.622715	-85.75861	-3.183254	0	0	0	0	0	0	0	0	0	0	0	0	0
53.0671	7.622715	-85.75861	-3.183254	0	0	0	0	0	0	0	0	0	0	0	0	0
53.0771	7.622715	-85.75861	-3.183254	0	0	0	0	0	0	0	0	0	0	0	0	0
53.0871	7.622384	-85.70472	-3.175815	0	0	0	0	0	0	0	-0.02109583	3.433966	0.4747176	0	0	0
53.0971	7.622384	-85.70472	-3.175815	0	0	0	0	0	0	0	-0.0001271667	0.02070011	0.00286162	0	0	0
53.10709	7.622384	-85.70472	-3.175815	0	0	0	0	0	0	0	-1.998788E-06	0.0003253615	4.497855E-05	0	0	0
53.11709	7.551852	-85.70472	-3.178934	0	0	0	0	0	0	0	-2.458857	1.424964E-06	-0.1082552	0	0	0
53.12709	7.551852	-85.70472	-3.178934	0	0	0	0	0	0	0	-0.03864798	2.239739E-08	-0.00170154	0	0	0
53.13709	7.551852	-85.70472	-3.178934	0	0	0	0	0	0	0	-0.0006074638	0	-2.674462E-05	0	0	0
53.14709	7.551852	-85.70472	-3.178934	0	0	0	0	0	0	0	-6.937052E-06	0	-3.054155E-07	0	0	0
53.15709	7.551852	-85.70472	-3.178934	0	0	0	0	0	0	0	-5.755599E-08	0	-2.534E-09	0	0	0
53.16708	7.551852	-85.70472	-3.178934	0	0	0	0	0	0	0	0	0	0	0	0	0
53.17708	7.485515	-85.61851	-3.278225	0	0	0	0	0	0	0	-0.9789583	3.4676	-7.803627	0	0	0
53.18708	7.41718	-85.60231	-3.33311	0	0	0	0	0	0	0	-1.757325	0.1031293	-0.3861187	0	0	0
53.19708	7.346583	-85.60231	-3.336145	0	0	0	0	0	0	0	-0.3623273	0.0001258531	-0.0158828	0	0	0
53.20708	7.275985	-85.60231	-3.339152	0	0	0	0	0	0	0	-0.673582	1.437204E-06	-0.02854994	0	0	0
53.21708	7.275985	-85.60231	-3.339152	0	0	0	0	0	0	0	-0.004060384	8.15431E-09	-0.0001721004	0	0	0
53.22707	7.275985	-85.60231	-3.339152	0	0	0	0	0	0	0	-4.636836E-05	0	-1.965037E-06	0	0	0
53.23707	7.275985	-85.60231	-3.339152	0	0	0	0	0	0	0	-2.795107E-07	0	-1.184534E-08	0	0	0
53.24707	7.275985	-85.60231	-3.339152	0	0	0	0	0	0	0	-3.191927E-09	0	-1.352701E-10	0	0	0
53.25707	7.275985	-85.60231	-3.339152	0	0	0	0	0	0	0	0	0	0	0	0	0
53.26707	7.275985	-85.60231	-3.339152	0	0	0	0	0	0	0	0	0	0	0	0	0
53.27707	7.275985	-85.60231	-3.339152	0	0	0	0	0	0	0	0	0	0	0	0	0
53.28706	7.275985	-85.60231	-3.339152	0	0	0	0	0	0	0	0	0	0	0	0	0
53.29706	7.275985	-85.60231	-3.339152	0	0	0	0	0	0	0	0	0	0	0	0	0
53.30706	7.273789	-85.61851	-3.287328	0	0	0	0	0	0	0	-0.2633688	-1.940199	6.214633	0	0	0
53.31706	7.273789	-85.61851	-3.287328	0	0	0	0	0	0	0	-0.0015876	-0.01169561	0.0374621	0	0	0
53.32706	5.862017	-85.61851	-3.341343	0	0	0	0	0	0	0	-16.24647	0	-0.5546994	0	0	0
53.33706	5.509009	-85.61851	-3.353032	0	0	0	0	0	0	0	-24.12124	0	-0.7739184	0	0	0
53.34705	5.295593	-85.63467	-3.307845	0	0	0	0	0	0	0	-11.97824	-0.8227735	2.2733	0	0	0
53.35705	5.223428	-85.65083	-3.258149	0	0	0	0	0	0	0	-1.124967	-1.062749	3.384269	0	0	0
53.36705	5.223428	-85.65083	-3.258149	0	0	0	0	0	0	0	-0.01284678	-0.01213627	0.03864732	0	0	0
53.37705	5.223428	-85.65083	-3.258149	0	0	0	0	0	0	0	-7.744099E-05	-7.315799E-05	0.0002329679	0	0	0
53.38705	5.223428	-85.65083	-3.258149	0	0	0	0	0	0	0	-4.668179E-07	-4.409998E-07	1.404341E-06	0	0	0
53.39705	5.223428	-85.65083	-3.258149	0	0	0	0	0	0	0	-1.372648E-10	-1.403257E-09	4.509634E-09	0	0	0
53.40704	5.223428	-85.65083	-3.258149	0	0	0	0	0	0	0	0	0	0	0	0	0
53.41704	5.152863	-85.65083	-3.260283	0	0	0	0	0	0	0	-9.546249	0	-0.2866408	0	0	0
53.42704	5.011729	-85.65083	-3.264462	0	0	0	0	0	0	0	-10.997	0	-0.32115	0	0	0
53.43704	4.872064	-85.63467	-3.320388	0	0	0	0	0	0	0	-6.976113	2.74217	-9.005449	0	0	0
53.44704	4.730881	-85.63467	-3.324337	0	0	0	0	0	0	0	-3.900088	0.01652993	-0.1605665	0	0	0
53.45704	4.660288	-85.63467	-3.326268	0	0	0	0	0	0	0	-0.9923556	0.0001887668	-0.02754455	0	0	0
53.46703	4.661696	-85.61851	-3.378125	0	0	0	0	0	0	0	0.004329497	0.1185494	-0.3800876	0	0	0
53.47703	4.661696	-85.61851	-3.378125	0	0	0	0	0	0	0	4.944155E-05	0.001353798	-0.004340486	0	0	0
53.48703	4.661696	-85.61851	-3.378125	0	0	0	0	0	0	0	2.98036E-07	8.160759E-06	-2.616465E-05	0	0	0
53.49703	4.661696	-85.61851	-3.378125	0	0	0	0	0	0	0	3.40348E-09	9.319339E-08	-2.987924E-07	0	0	0
53.50703	4.661696	-85.61851	-3.378125	0	0	0	0	0	0	0	4.887233E-11	5.617742E-10	-1.800365E-09	0	0	0
53.51702	4.591081	-85.61851	-3.380028	0	0	0	0	0	0	0	-6.296239	0	-0.1683255	0	0	0
53.52702	4.449849	-85.61851	-3.383745	0	0	0	0	0	0	0	-13.10359	0	-0.3395314	0	0	0
53.53702	4.379232	-85.61851	-3.385561	0	0	0	0	0	0	0	-3.541109	0	-0.09029776	0	0	0
53.54702	4.309915	-85.60231	-3.439201	0	0	0	0	0	0	0	-0.6999784	0.06156185	-0.2147059	0	0	0
53.55702	4.309915	-85.60231	-3.439201	0	0	0	0	0	0	0	-0.007993541	0.0007030176	-0.002451876	0	0	0
53.56702	4.239275	-85.60231	-3.440958	0	0	0	0	0	0	0	-3.394316	4.237823E-06	-0.08377489	0	0	0
53.57701	4.239275	-85.60231	-3.440958	0	0	0	0	0	0	0	-0.05335139	6.660953E-08	-0.001316762	0	0	0
53.58701	4.240555	-85.5861	-3.492806	0	0	0	0	0	0	0	0.008222996	0.1149056	-0.3672388	0	0	0
53.59701	4.240555	-85.5861	-3.492806	0	0	0	0	0	0	0	4.956861E-05	0.0006926564	-0.002213733	0	0	0
53.60701	4.240555	-85.5861	-3.492806	0	0	0	0	0	0	0	7.791127E-07	1.088708E-05	-3.479515E-05	0	0	0
53.61701	4.169893	-85.5861	-3.494535	0	0	0	0	0	0	0	-0.3711564	9.032895E-08	-0.009006582	0	0	0
53.62701	4.09923	-85.5861	-3.496235	0	0	0	0	0	0	0	-1.318432	0	-0.03144994	0	0	0
53.637	3.957903	-85.5861	-3.499548	0	0	0	0	0	0	0	-18.1567	0	-0.4181707	0	0	0
53.647	3.817724	-85.56987	-3.55459	0	0	0	0	0	0	0	-5.017962	2.034736	-6.608391	0	0	0
53.657	3.60566	-85.56987	-3.559168	0	0	0	0	0	0	0	-15.44603	0.02323607	-0.3981596	0	0	0
53.667	3.465326	-85.55361	-3.613915	0	0	0	0	0	0	0	-5.411259	2.18576	-7.077958	0	0	0
53.677	3.253189	-85.55361	-3.618059	0	0	0	0	0	0	0	-7.581885	0.03130973	-0.2432527	0	0	0
53.687	3.041048	-85.55361	-3.621941	0	0	0	0	0	0	0	-11.47997	0.000492122	-0.2045738	0	0	0
53.69699	2.687468	-85.55361	-3.62783	0	0	0	0	0	0	0	-23.29578	1.137713E-06	-0.3640428	0	0	0
53.70699	2.476807	-85.52104	-3.734685	0	0	0	0	0	0	0	-16.53068	2.358348	-7.734957	0	0	0
53.71699	2.195081	-85.48839	-3.842171	0	0	0	0	0	0	0	-18.25915	1.91096	-6.290197	0	0	0
53.72699	1.983857	-85.45564	-3.948369	0	0	0	0	0	0	0	-15.7124	4.002259	-12.83129	0	0	0
53.73699	1.842158	-85.45564	-3.949942	0	0	0	0	0	0	0	-17.89757	0.03320632	-0.2963111	0	0	0
53.74699	1.771841	-85.43924	-4.002486	0	0	0	0	0	0	0	-3.532361	0.7769064	-2.488459	0	0	0
53.75698	1.771841	-85.43924	-4.002486	0	0	0	0	0	0	0	-0.02129324	0.004683229	-0.01500055	0	0	0
53.76698	1.771841	-85.43924	-4.002486	0	0	0	0	0	0	0	-0.0001766678	3.885626E-05	-0.000124458	0	0	0
53.77698	1.771841	-85.43924	-4.002486	0	0	0	0	0	0	0	-2.77684E-06	6.107374E-07	-1.956214E-06	0	0	0
53.78698	1.771841	-85.43924	-4.002486	0	0	0	0	0	0	0	-2.303915E-08	5.067224E-09	-1.62305E-08	0	0	0
53.79698	1.771841	-85.43924	-4.002486	0	0	0	0	0	0	0	0	0	0	0	0	0
53.80698	1.70097	-85.43924	-4.0032	0	0	0	0	0	0	0	-0.500123	0	-0.004935761	0	0	0
53.81697	1.630098	-85.43924	-4.003885	0	0	0	0	0	0	0	-3.448135	0	-0.03261197	0	0	0
53.82697	1.630098	-85.43924	-4.003885	0	0	0	0	0	0	0	-0.03937666	0	-0.0003724188	0	0	0
53.83697	1.558758	-85.45564	-3.952739	0	0	0	0	0	0	0	-16.42484	-0.1553859	0.3425433	0	0	0
53.84697	1.487907	-85.45564	-3.953366	0	0	0	0	0	0	0	-3.446162	-0.001774459	-0.02415039	0	0	0
53.85697	1.275353	-85.45564	-3.95507	0	0	0	0	0	0	0	-18.40784	-4.102285E-06	-0.1362366	0	0	0
53.86697	1.204501	-85.45564	-3.95558	0	0	0	0	0	0	0	-2.163874	-6.447916E-08	-0.01512635	0	0	0
53.87696	1.133649	-85.45564	-3.95606	0	0	0	0	0	0	0	-3.460472	-5.349768E-10	-0.0227674	0	0	0
53.88696	1.133649	-85.45564	-3.95606	0	0	0	0	0	0	0	-0.05439122	0	-0.0003578549	0	0	0
53.89696	1.133649	-85.45564	-3.95606	0	0	0	0	0	0	0	-0.0003278729	0	-2.157167E-06	0	0	0
53.90696	1.133649	-85.45564	-3.95606	0	0	0	0	0	0	0	-1.976433E-06	0	-1.30035E-08	0	0	0
53.91696	1.133649	-85.45564	-3.95606	0	0	0	0	0	0	0	-2.257027E-08	0	-1.48496E-10	0	0	0
53.92696	1.133649	-85.45564	-3.95606	0	0	0	0	0	0	0	0	0	0	0	0	0
53.93695	1.062797	-85.45564	-3.956512	0	0	0	0	0	0	0	-6.383384	0	-0.03937311	0	0	0
53.94695	1.062797	-85.45564	-3.956512	0	0	0	0	0	0	0	-0.07289631	0	-0.0004496289	0	0	0
53.95695	1.062797	-85.45564	-3.956512	0	0	0	0	0	0	0	-0.0004394224	0	-2.710384E-06	0	0	0
53.96695	1.062797	-85.45564	-3.956512	0	0	0	0	0	0	0	-6.906782E-06	0	-4.260146E-08	0	0	0
53.97695	1.062478	-85.47202	-3.904703	0	0	0	0	0	0	0	-0.01469579	-0.7527681	2.382529	0	0	0
53.98695	1.062478	-85.47202	-3.904703	0	0	0	0	0	0	0	-0.0001678215	-0.008596384	0.02720776	0	0	0
53.99694	0.9208154	-85.47202	-3.905518	0	0	0	0	0	0	0	-16.89006	-9.816809E-05	-0.08997738	0	0	0
54.00694	0.7791525	-85.47202	-3.906217	0	0	0	0	0	0	0	-11.72093	-5.917619E-07	-0.05301447	0	0	0
54.01694	0.7083209	-85.47202	-3.906523	0	0	0	0	0	0	0	-8.568481	-9.301234E-09	-0.03523367	0	0	0
54.02694	0.5664868	-85.48839	-3.85523	0	0	0	0	0	0	0	-17.33814	-0.3977652	1.20372	0	0	0
54.03694	0.495527	-85.50472	-3.803625	0	0	0	0	0	0	0	-0.9550099	-0.9925508	3.147706	0	0	0
54.04694	0.3538415	-85.52104	-3.752144	0	0	0	0	0	0	0	-12.61819	-0.4301951	1.34148	0	0	0
54.05693	0.353735	-85.53734	-3.700307	0	0	0	0	0	0	0	-0.2984462	-3.913225	12.45574	0	0	0
54.06693	0.282988	-85.53734	-3.700438	0	0	0	0	0	0	0	-1.830467	-0.04468784	0.1392369	0	0	0
54.07693	0.1414514	-85.55361	-3.648769	0	0	0	0	0	0	0	-16.60215	-0.2261229	0.7071534	0	0	0
54.08693	0.07072572	-85.55361	-3.648813	0	0	0	0	0	0	0	-1.833986	-0.001363079	0.003590924	0	0	0
54.09693	0	-85.56987	-3.596977	0	0	0	0	0	0	0	-1.80837	-1.042125	3.326704	0	0	0
54.10693	-0.1414088	-85.56987	-3.596919	0	0	0	0	0	0	0	-6.657597	-0.008646401	0.03307651	0	0	0
54.11692	-0.2827322	-85.5861	-3.544888	0	0	0	0	0	0	0	-12.50512	-0.08262608	0.2847076	0	0	0
54.12692	-0.4240981	-85.5861	-3.544597	0	0	0	0	0	0	0	-10.23614	-0.001787515	0.03096894	0	0	0
54.13692	-0.4947809	-85.5861	-3.544408	0	0	0	0	0	0	0	-0.7722366	-2.041288E-05	0.002288062	0	0	0
54.14692	-0.5654637	-85.5861	-3.54419	0	0	0	0	0	0	0	-0.9260502	-3.208468E-07	0.003047363	0	0	0
54.15692	-0.565439	-85.53221	-3.536699	0	0	0	0	0	0	0	-0.01372513	1.811936	0.252286	0	0	0
54.16692	-0.565439	-85.53221	-3.536699	0	0	0	0	0	0	0	-0.000113876	0.01503344	0.002093191	0	0	0
54.17691	-0.565439	-85.53221	-3.536699	0	0	0	0	0	0	0	-1.300429E-06	0.0001716773	2.39036E-05	0	0	0
54.18691	-0.565439	-85.53221	-3.536699	0	0	0	0	0	0	0	-7.839049E-09	1.034879E-06	1.44092E-07	0	0	0
54.19691	-0.565439	-85.53221	-3.536699	0	0	0	0	0	0	0	7.448943E-12	1.626609E-08	2.264389E-09	0	0	0
54.20691	-0.565439	-85.53221	-3.536699	0	0	0	0	0	0	0	0	0	0	0	0	0
54.21691	-0.5652684	-85.54842	-3.484836	0	0	0	0	0	0	0	0.001174664	-0.1115414	0.3570839	0	0	0
54.22691	-0.5652684	-85.54842	-3.484836	0	0	0	0	0	0	0	1.846321E-05	-0.001753193	0.005612596	0	0	0
54.2369	-0.5652684	-85.54842	-3.484836	0	0	0	0	0	0	0	1.112971E-07	-1.056833E-05	3.3833E-05	0	0	0
54.2469	-0.5652684	-85.54842	-3.484836	0	0	0	0	0	0	0	1.270979E-09	-1.206871E-07	3.863625E-07	0	0	0
54.2569	-0.5652684	-85.54842	-3.484836	0	0	0	0	0	0	0	7.661523E-12	-7.275075E-10	2.329012E-09	0	0	0
54.2669	-0.5652684	-85.54842	-3.484836	0	0	0	0	0	0	0	0	0	0	0	0	0
54.2769	-0.5652684	-85.54842	-3.484836	0	0	0	0	0	0	0	0	0	0	0	0	0
54.2869	-0.5652437	-85.49453	-3.477323	0	0	0	0	0	0	0	0.002985471	6.499885	0.9075477	0	0	0
54.29689	-0.5652437	-85.49453	-3.477323	0	0	0	0	0	0	0	1.799656E-05	0.03918162	0.00547074	0	0	0
54.30689	-0.5652437	-85.49453	-3.477323	0	0	0	0	0	0	0	2.055153E-07	0.0004474421	6.24742E-05	0	0	0
54.31689	-0.5652437	-85.49453	-3.477323	0	0	0	0	0	0	0	1.705139E-09	3.712381E-06	5.183418E-07	0	0	0
54.32689	-0.5652437	-85.49453	-3.477323	0	0	0	0	0	0	0	2.86405E-12	6.235529E-09	8.706369E-10	0	0	0
54.33689	-0.565073	-85.51072	-3.425453	0	0	0	0	0	0	0	0.02121099	-2.011227	6.447888	0	0	0
54.34689	-0.6357068	-85.51072	-3.425206	0	0	0	0	0	0	0	-6.675742	-0.01668694	0.07820375	0	0	0
54.35688	-0.7063406	-85.51072	-3.42493	0	0	0	0	0	0	0	-3.359915	-0.0001905598	0.01442694	0	0	0
54.36688	-0.8476077	-85.51072	-3.424291	0	0	0	0	0	0	0	-11.74936	-1.148704E-06	0.05798004	0	0	0
54.37688	-0.9888741	-85.51072	-3.423536	0	0	0	0	0	0	0	-18.16389	-1.311785E-08	0.1045668	0	0	0
54.38688	-1.059507	-85.51072	-3.423115	0	0	0	0	0	0	0	-2.523257	0	0.0155636	0	0	0
54.39688	-1.13014	-85.51072	-3.422664	0	0	0	0	0	0	0	-9.650533	0	0.06349353	0	0	0
54.40688	-1.200773	-85.51072	-3.422185	0	0	0	0	0	0	0	-6.678237	0	0.04668418	0	0	0
54.41687	-1.271405	-85.51072	-3.421677	0	0	0	0	0	0	0	-3.398991	0	0.02515837	0	0	0
54.42687	-1.342037	-85.51072	-3.42114	0	0	0	0	0	0	0	-0.3729626	0	0.002913933	0	0	0
54.43687	-1.412669	-85.51072	-3.420573	0	0	0	0	0	0	0	-0.9208052	0	0.007572852	0	0	0
54.44687	-1.412669	-85.51072	-3.420573	0	0	0	0	0	0	0	-0.01447309	0	0.0001190291	0	0	0
54.45687	-1.412669	-85.51072	-3.420573	0	0	0	0	0	0	0	-0.0001652783	0	1.359276E-06	0	0	0
54.46687	-1.483301	-85.51072	-3.419978	0	0	0	0	0	0	0	-3.423456	0	0.02956288	0	0	0
54.47686	-1.483301	-85.51072	-3.419978	0	0	0	0	0	0	0	-0.02063676	0	0.0001782065	0	0	0
54.48686	-1.553864	-85.45683	-3.411819	0	0	0	0	0	0	0	-9.260058	1.985749	0.3618717	0	0	0
54.49686	-1.553864	-85.45683	-3.411819	0	0	0	0	0	0	0	-0.1326687	0.01197019	0.002876601	0	0	0
54.50686	-1.553864	-85.45683	-3.411819	0	0	0	0	0	0	0	-0.002870126	0.0002589605	6.223176E-05	0	0	0
54.51686	-1.553864	-85.45683	-3.411819	0	0	0	0	0	0	0	-1.25701E-05	1.134152E-06	2.725523E-07	0	0	0
54.52686	-1.553864	-85.45683	-3.411819	0	0	0	0	0	0	0	-1.435467E-07	1.295167E-08	3.112464E-09	0	0	0
54.53685	-1.553864	-85.45683	-3.411819	0	0	0	0	0	0	0	0	0	0	0	0	0
54.54685	-1.553864	-85.45683	-3.411819	0	0	0	0	0	0	0	0	0	0	0	0	0
54.55685	-1.624492	-85.45683	-3.411165	0	0	0	0	0	0	0	-0.1914537	0	0.001810742	0	0	0
54.56685	-1.624492	-85.45683	-3.411165	0	0	0	0	0	0	0	-0.003009243	0	2.846099E-05	0	0	0
54.57685	-1.624421	-85.40295	-3.403608	0	0	0	0	0	0	0	0.00469062	3.549898	0.4985895	0	0	0
54.58685	-1.624421	-85.40295	-3.403608	0	0	0	0	0	0	0	3.891758E-05	0.02945313	0.004136745	0	0	0
54.59684	-1.624421	-85.40295	-3.403608	0	0	0	0	0	0	0	3.246138E-07	0.0002443696	3.432213E-05	0	0	0
54.60684	-1.624421	-85.40295	-3.403608	0	0	0	0	0	0	0	2.693286E-09	2.027509E-06	2.847671E-07	0	0	0
54.61684	-1.624421	-85.40295	-3.403608	0	0	0	0	0	0	0	2.234591E-11	1.682203E-08	2.362683E-09	0	0	0
54.62684	-1.695046	-85.40295	-3.402926	0	0	0	0	0	0	0	-0.2605404	0	0.002571298	0	0	0
54.63684	-1.76567	-85.40295	-3.402214	0	0	0	0	0	0	0	-0.4989449	0	0.00512932	0	0	0
54.64684	-1.906918	-85.40295	-3.400704	0	0	0	0	0	0	0	-16.32747	0	0.1812811	0	0	0
54.65683	-1.906918	-85.40295	-3.400704	0	0	0	0	0	0	0	-0.1864548	0	0.002070175	0	0	0
54.66683	-1.906918	-85.40295	-3.400704	0	0	0	0	0	0	0	-0.001123959	0	1.247911E-05	0	0	0
54.67683	-1.906918	-85.40295	-3.400704	0	0	0	0	0	0	0	-1.283526E-05	0	1.425077E-07	0	0	0
54.68683	-1.906918	-85.40295	-3.400704	0	0	0	0	0	0	0	-7.737158E-08	0	8.590432E-10	0	0	0
54.69683	-1.906918	-85.40295	-3.400704	0	0	0	0	0	0	0	0	0	0	0	0	0
54.70683	-1.906918	-85.40295	-3.400704	0	0	0	0	0	0	0	0	0	0	0	0	0
54.71682	-1.977542	-85.40295	-3.399905	0	0	0	0	0	0	0	-2.481458	0	0.0285717	0	0	0
54.72682	-2.048165	-85.40295	-3.399078	0	0	0	0	0	0	0	-0.5143484	0	0.006133776	0	0	0
54.73682	-2.18941	-85.40295	-3.397335	0	0	0	0	0	0	0	-12.9911	0	0.1656086	0	0	0
54.74682	-2.18941	-85.40295	-3.397335	0	0	0	0	0	0	0	-0.1077858	0	0.001374037	0	0	0
54.75682	-2.260032	-85.40295	-3.39642	0	0	0	0	0	0	0	-10.1516	0	0.1335862	0	0	0
54.76682	-2.330654	-85.40295	-3.395477	0	0	0	0	0	0	0	-4.750238	0	0.06446261	0	0	0
54.77681	-2.471896	-85.40295	-3.393502	0	0	0	0	0	0	0	-6.873567	0	0.09893093	0	0	0
54.78681	-2.613137	-85.40295	-3.391411	0	0	0	0	0	0	0	-18.08944	0	0.2752404	0	0	0
54.79681	-2.754376	-85.40295	-3.389204	0	0	0	0	0	0	0	-7.066909	0	0.11334	0	0	0
54.80681	-2.895613	-85.40295	-3.386881	0	0	0	0	0	0	0	-13.94326	0	0.2350939	0	0	0
54.81681	-3.034096	-85.4514	-3.228816	0	0	0	0	0	0	0	-7.596704	-1.833665	6.039303	0	0	0
54.82681	-3.312291	-85.51569	-3.016006	0	0	0	0	0	0	0	-18.4899	-2.871482	9.658222	0	0	0
54.8368	-3.731679	-85.5637	-2.851563	0	0	0	0	0	0	0	-31.32877	-2.246694	7.992048	0	0	0
54.8468	-4.154055	-85.5637	-2.841835	0	0	0	0	0	0	0	-31.01763	-0.02565656	0.8361315	0	0	0
54.8568	-4.576405	-85.5637	-2.831065	0	0	0	0	0	0	0	-30.2427	-0.0001546589	0.8090205	0	0	0
54.8668	-4.85943	-85.54772	-2.875221	0	0	0	0	0	0	0	-23.82596	0.294512	-0.2807177	0	0	0
54.8768	-5.00176	-85.53172	-2.923074	0	0	0	0	0	0	0	-4.036049	0.1650947	-0.4177836	0	0	0
54.8868	-5.00176	-85.53172	-2.923074	0	0	0	0	0	0	0	-0.04609045	0.001885331	-0.004770962	0	0	0
54.89679	-5.00176	-85.53172	-2.923074	0	0	0	0	0	0	0	-0.0002018592	8.257059E-06	-2.089506E-05	0	0	0
54.90679	-5.00176	-85.53172	-2.923074	0	0	0	0	0	0	0	-3.172796E-06	1.297833E-07	-3.284257E-07	0	0	0
54.91679	-5.00176	-85.53172	-2.923074	0	0	0	0	0	0	0	-1.389568E-08	5.684033E-10	-1.438384E-09	0	0	0
54.92679	-5.00176	-85.53172	-2.923074	0	0	0	0	0	0	0	0	0	0	0	0	0
54.93679	-5.072186	-85.53172	-2.921002	0	0	0	0	0	0	0	-0.4950446	0	0.01466073	0	0	0
54.94678	-5.072186	-85.53172	-2.921002	0	0	0	0	0	0	0	-0.004107333	0	0.0001216386	0	0	0
54.95678	-5.070649	-85.54772	-2.869096	0	0	0	0	0	0	0	0.1998632	-2.079023	6.749331	0	0	0
54.96678	-5.070649	-85.54772	-2.869096	0	0	0	0	0	0	0	0.004323798	-0.04497713	0.1460136	0	0	0
54.97678	-5.137709	-85.52578	-2.75559	0	0	0	0	0	0	0	-3.031378	2.557682	7.589038	0	0	0
54.98678	-5.273617	-85.57352	-2.595515	0	0	0	0	0	0	0	-8.923363	-3.736531	12.57481	0	0	0
54.99678	-5.549716	-85.62108	-2.430768	0	0	0	0	0	0	0	-17.25192	-1.690223	6.11752	0	0	0
55.00677	-5.825285	-85.66845	-2.265518	0	0	0	0	0	0	0	-24.44686	-0.9326349	3.914497	0	0	0
55.01677	-6.024716	-85.76261	-1.946261	0	0	0	0	0	0	0	-9.397749	-4.845657	16.47695	0	0	0
55.02677	-6.229075	-85.8094	-1.782649	0	0	0	0	0	0	0	-14.86636	-0.282666	1.490311	0	0	0
55.03677	-6.438945	-85.8094	-1.774835	0	0	0	0	0	0	0	-19.65762	-0.001703924	0.7497114	0	0	0
55.04677	-6.5089	-85.8094	-1.772173	0	0	0	0	0	0	0	-2.664887	-1.94583E-05	0.1020241	0	0	0
55.05677	-6.5089	-85.8094	-1.772173	0	0	0	0	0	0	0	-0.01167123	-8.522019E-08	0.0004468281	0	0	0
55.06676	-6.5089	-85.8094	-1.772173	0	0	0	0	0	0	0	-5.111573E-05	0	1.955696E-06	0	0	0
55.07676	-6.5089	-85.8094	-1.772173	0	0	0	0	0	0	0	-4.241019E-07	0	1.62262E-08	0	0	0
55.08676	-6.578853	-85.8094	-1.769483	0	0	0	0	0	0	0	-16.2424	0	0.6281254	0	0	0
55.09676	-6.646772	-85.82496	-1.714738	0	0	0	0	0	0	0	-4.586721	-0.1096531	0.5468264	0	0	0
55.10676	-6.716702	-85.82496	-1.711991	0	0	0	0	0	0	0	-3.133609	-0.0009097804	0.1268135	0	0	0
55.11676	-6.786631	-85.82496	-1.709215	0	0	0	0	0	0	0	-2.401832	-1.038942E-05	0.09588582	0	0	0
55.12675	-6.786631	-85.82496	-1.709215	0	0	0	0	0	0	0	-0.0519607	-2.247624E-07	0.002074373	0	0	0
55.13675	-6.784554	-85.84049	-1.657186	0	0	0	0	0	0	0	0.09903213	-0.7427059	2.489403	0	0	0
55.14675	-6.782478	-85.856	-1.60515	0	0	0	0	0	0	0	0.1033955	-0.7718859	2.591052	0	0	0
55.15675	-6.780401	-85.8715	-1.553108	0	0	0	0	0	0	0	0.07344638	-0.5474519	1.840418	0	0	0
55.16675	-6.774169	-85.91785	-1.396945	0	0	0	0	0	0	0	0.3684138	-2.73378	9.231703	0	0	0
55.17675	-6.839769	-85.94864	-1.290007	0	0	0	0	0	0	0	-0.1286751	-0.9540209	3.241698	0	0	0
55.18674	-6.905282	-85.97935	-1.183019	0	0	0	0	0	0	0	-0.7574338	-1.299497	4.452734	0	0	0
55.19674	-6.970707	-86.00997	-1.07598	0	0	0	0	0	0	0	-16.79578	-0.1252441	1.118501	0	0	0
55.20674	-6.966419	-86.0405	-0.9717702	0	0	0	0	0	0	0	0.05707864	-1.397398	4.781542	0	0	0
55.21674	-6.962131	-86.07096	-0.8675357	0	0	0	0	0	0	0	0.2114254	-1.507253	5.166929	0	0	0
55.22674	-6.95355	-86.13161	-0.6589922	0	0	0	0	0	0	0	0.5961258	-4.201109	14.48932	0	0	0
55.23674	-6.949259	-86.16181	-0.5546835	0	0	0	0	0	0	0	0.4039369	-2.837963	9.817859	0	0	0
55.24673	-6.947113	-86.17687	-0.5025199	0	0	0	0	0	0	0	0.2713599	-1.903595	6.595517	0	0	0
55.25673	-6.940673	-86.22195	-0.3459925	0	0	0	0	0	0	0	0.276649	-1.93179	6.724071	0	0	0
55.26673	-6.938526	-86.23693	-0.2938045	0	0	0	0	0	0	0	0.5138084	-3.582319	12.48833	0	0	0
55.27673	-6.938526	-86.23693	-0.2938045	0	0	0	0	0	0	0	0.004263015	-0.02972213	0.1036144	0	0	0
55.28673	-6.938526	-86.23693	-0.2938045	0	0	0	0	0	0	0	3.536978E-05	-0.0002466014	0.0008596776	0	0	0
55.29673	-6.936378	-86.25189	-0.2416103	0	0	0	0	0	0	0	0.0109526	-0.07624508	0.2662077	0	0	0
55.30672	-6.936378	-86.25189	-0.2416103	0	0	0	0	0	0	0	9.087261E-05	-0.0006325975	0.002208697	0	0	0
55.31672	-6.93423	-86.26683	-0.1894101	0	0	0	0	0	0	0	0.01086	-0.07548396	0.2639568	0	0	0
55.32672	-6.932083	-86.28175	-0.1372039	0	0	0	0	0	0	0	0.1982111	-1.37557	4.817605	0	0	0
55.33672	-6.932083	-86.28175	-0.1372039	0	0	0	0	0	0	0	0.001644537	-0.01141296	0.03997117	0	0	0
55.34672	-6.997024	-86.31152	-0.02991014	0	0	0	0	0	0	0	-5.734293	-4.036061	14.44167	0	0	0
55.35672	-6.992684	-86.34121	0.07454307	0	0	0	0	0	0	0	0.3789302	-2.687413	9.470953	0	0	0
55.36671	-6.992684	-86.34121	0.07454307	0	0	0	0	0	0	0	0.004327267	-0.03068944	0.1081554	0	0	0
55.37671	-7.061878	-86.34121	0.07743268	0	0	0	0	0	0	0	-0.6733202	-0.0006639287	0.0306009	0	0	0
55.38671	-7.130749	-86.28733	0.08794498	0	0	0	0	0	0	0	-0.3549862	0.2733337	0.05371818	0	0	0
55.39671	-7.269125	-86.28733	0.09386619	0	0	0	0	0	0	0	-5.040831	0.003121388	0.2182193	0	0	0
55.40671	-7.474359	-86.30214	0.1551906	0	0	0	0	0	0	0	-12.66944	-0.7159123	3.094531	0	0	0
55.41671	-7.610315	-86.31693	0.2136276	0	0	0	0	0	0	0	-17.82768	-0.1485296	1.332965	0	0	0
55.4267	-7.74618	-86.3317	0.2721806	0	0	0	0	0	0	0	-10.19308	-1.344294	5.238338	0	0	0
55.4367	-7.808004	-86.37588	0.4321251	0	0	0	0	0	0	0	-4.757237	-1.110435	4.178793	0	0	0
55.4467	-7.869338	-86.36599	0.5997605	0	0	0	0	0	0	0	-11.82392	-1.376695	8.087898	0	0	0
55.4567	-7.925944	-86.43888	0.8644509	0	0	0	0	0	0	0	-1.479831	-2.085864	7.620278	0	0	0
55.4667	-7.984824	-86.4968	1.076979	0	0	0	0	0	0	0	-0.1901526	-4.169053	15.15281	0	0	0
55.4767	-8.114763	-86.54002	1.240599	0	0	0	0	0	0	0	-12.25523	-2.841208	10.96521	0	0	0
55.48669	-8.18054	-86.50051	1.303928	0	0	0	0	0	0	0	-3.094293	12.53256	2.000458	0	0	0
55.49669	-8.312702	-86.52917	1.415411	0	0	0	0	0	0	0	-12.90815	-2.518162	10.63014	0	0	0
55.50669	-8.449986	-86.52917	1.422304	0	0	0	0	0	0	0	-2.11602	-0.01102863	0.150857	0	0	0
55.51669	-8.587264	-86.52917	1.42931	0	0	0	0	0	0	0	-12.84894	-0.0001259436	0.6615156	0	0	0
55.52669	-8.584571	-86.54347	1.481664	0	0	0	0	0	0	0	-0.1069662	-0.9067076	3.336637	0	0	0
55.53669	-8.64504	-86.58624	1.642301	0	0	0	0	0	0	0	-0.8494028	-4.768632	17.64859	0	0	0
55.54668	-8.708114	-86.61465	1.750625	0	0	0	0	0	0	0	-0.2915652	-3.297843	12.22966	0	0	0
55.55668	-8.773858	-86.62882	1.806605	0	0	0	0	0	0	0	-2.16924	-0.9507473	3.641402	0	0	0
55.56668	-8.908017	-86.64297	1.866266	0	0	0	0	0	0	0	-8.96794	-0.2048376	1.241027	0	0	0
55.57668	-9.035974	-86.63143	2.038498	0	0	0	0	0	0	0	-6.645019	-2.305314	10.43103	0	0	0
55.58668	-9.101491	-86.64549	2.094635	0	0	0	0	0	0	0	-12.08855	-0.03617055	0.8200755	0	0	0
55.59668	-9.092881	-86.68755	2.251894	0	0	0	0	0	0	0	0.5381685	-3.548934	13.31104	0	0	0
55.60667	-9.08385	-86.67557	2.416882	0	0	0	0	0	0	0	0.3478222	-0.6684779	6.408259	0	0	0
55.61667	-9.21448	-86.70337	2.529305	0	0	0	0	0	0	0	-16.87632	-0.4098228	2.523552	0	0	0
55.62667	-9.282665	-86.70337	2.533108	0	0	0	0	0	0	0	-4.549613	-0.004680052	0.272803	0	0	0
55.63667	-9.350848	-86.70337	2.53694	0	0	0	0	0	0	0	-0.2843443	-2.821158E-05	0.01614445	0	0	0
55.64667	-9.339013	-86.75873	2.746792	0	0	0	0	0	0	0	1.271781	-5.940422	22.59365	0	0	0
55.65667	-9.327174	-86.81374	2.956733	0	0	0	0	0	0	0	0.7092237	-3.284855	12.5769	0	0	0
55.66666	-9.312367	-86.88203	3.219286	0	0	0	0	0	0	0	1.22143	-5.609728	21.6589	0	0	0
55.67666	-9.297554	-86.94978	3.481977	0	0	0	0	0	0	0	0.789659	-3.59624	14.00256	0	0	0
55.68666	-9.279766	-87.03038	3.797387	0	0	0	0	0	0	0	1.81076	-8.162757	32.10913	0	0	0
55.69666	-9.273835	-87.05708	3.902568	0	0	0	0	0	0	0	0.6856307	-3.080206	12.15788	0	0	0
55.70666	-9.267902	-87.08368	4.00777	0	0	0	0	0	0	0	0.3994426	-1.788352	7.08308	0	0	0
55.71666	-9.258567	-87.06957	4.173312	0	0	0	0	0	0	0	0.7209998	9.906541	12.78506	0	0	0
55.72665	-9.234816	-87.17463	4.594464	0	0	0	0	0	0	0	1.055514	-4.594669	18.7168	0	0	0
55.73665	-9.21699	-87.25252	4.910552	0	0	0	0	0	0	0	0.6917387	-3.006161	12.26619	0	0	0
55.74665	-9.13798	-87.30401	5.11761	0	0	0	0	0	0	0	1.677565	-3.381183	13.84222	0	0	0
55.75665	-9.12322	-87.3679	5.381272	0	0	0	0	0	0	0	0.8299811	-3.492591	14.47775	0	0	0
55.76665	-9.122788	-87.31403	5.388992	0	0	0	0	0	0	0	0.004769089	0.1258132	0.08366536	0	0	0
55.77665	-9.122788	-87.31403	5.388992	0	0	0	0	0	0	0	7.495988E-05	0.001977515	0.001315041	0	0	0
55.78664	-9.122788	-87.31403	5.388992	0	0	0	0	0	0	0	3.282968E-07	8.660791E-06	5.759396E-06	0	0	0
55.79664	-9.119836	-87.32675	5.441741	0	0	0	0	0	0	0	0.2652077	-1.140718	4.737423	0	0	0
55.80664	-9.113929	-87.35211	5.547251	0	0	0	0	0	0	0	0.2233828	-0.957375	3.990302	0	0	0
55.81664	-9.110975	-87.36475	5.600015	0	0	0	0	0	0	0	0.01684642	-0.07207061	0.3009287	0	0	0
55.82664	-9.099157	-87.41513	5.811119	0	0	0	0	0	0	0	1.553847	-6.599622	27.75647	0	0	0
55.83664	-9.099157	-87.41513	5.811119	0	0	0	0	0	0	0	0.02413024	-0.1024879	0.4310401	0	0	0
55.84663	-9.096202	-87.42767	5.863908	0	0	0	0	0	0	0	0.02955337	-0.1252939	0.5279139	0	0	0
55.85663	-9.096202	-87.42767	5.863908	0	0	0	0	0	0	0	0.0004645158	-0.001969352	0.008297679	0	0	0
55.86663	-9.096202	-87.42767	5.863908	0	0	0	0	0	0	0	2.800123E-06	-1.187135E-05	5.00188E-05	0	0	0
55.87663	-9.163015	-87.42767	5.867662	0	0	0	0	0	0	0	-2.341163	-9.849532E-08	0.1320277	0	0	0
55.88663	-9.162579	-87.37382	5.875405	0	0	0	0	0	0	0	-0.008497756	1.345635	0.1948343	0	0	0
55.89663	-9.162141	-87.31997	5.883169	0	0	0	0	0	0	0	0.02052814	2.53539	0.366096	0	0	0
55.90662	-9.161702	-87.26612	5.890956	0	0	0	0	0	0	0	0.07780311	9.527534	1.37966	0	0	0
55.91662	-9.158284	-87.22479	5.951557	0	0	0	0	0	0	0	0.1395223	7.270286	2.474066	0	0	0
55.92662	-9.158284	-87.22479	5.951557	0	0	0	0	0	0	0	0.001860536	0.146152	0.03299179	0	0	0
55.93662	-9.224617	-87.17095	5.963167	0	0	0	0	0	0	0	-11.1991	7.490835	1.730736	0	0	0
55.94662	-9.291389	-87.17095	5.966973	0	0	0	0	0	0	0	-2.592981	0.2797688	0.1892462	0	0	0
55.95662	-9.35816	-87.17095	5.970808	0	0	0	0	0	0	0	-11.52066	0.003194875	0.6644198	0	0	0
55.96661	-9.35816	-87.17095	5.970808	0	0	0	0	0	0	0	-0.0366586	1.016607E-05	0.002114177	0	0	0
55.97661	-9.35816	-87.17095	5.970808	0	0	0	0	0	0	0	-0.000576195	1.597889E-07	3.323034E-05	0	0	0
55.98661	-9.35816	-87.17095	5.970808	0	0	0	0	0	0	0	-6.579972E-06	1.824741E-09	3.794804E-07	0	0	0
55.99661	-9.35816	-87.17095	5.970808	0	0	0	0	0	0	0	-1.034233E-07	0	5.960445E-09	0	0	0
56.00661	-9.35816	-87.17095	5.970808	0	0	0	0	0	0	0	0	0	0	0	0	0
56.01661	-9.35816	-87.17095	5.970808	0	0	0	0	0	0	0	0	0	0	0	0	0
56.0266	-9.35816	-87.17095	5.970808	0	0	0	0	0	0	0	0	0	0	0	0	0
56.0366	-9.35816	-87.17095	5.970808	0	0	0	0	0	0	0	0	0	0	0	0	0
56.0466	-9.35816	-87.17095	5.970808	0	0	0	0	0	0	0	0	0	0	0	0	0
56.0566	-9.35816	-87.17095	5.970808	0	0	0	0	0	0	0	0	0	0	0	0	0
56.0666	-9.35816	-87.17095	5.970808	0	0	0	0	0	0	0	0	0	0	0	0	0
56.0766	-9.35816	-87.17095	5.970808	0	0	0	0	0	0	0	0	0	0	0	0	0
56.08659	-9.35816	-87.17095	5.970808	0	0	0	0	0	0	0	0	0	0	0	0	0
56.09659	-9.355118	-87.18345	6.023602	0	0	0	0	0	0	0	0.1054708	-0.4328122	1.830089	0	0	0
56.10659	-9.546031	-87.22081	6.193667	0	0	0	0	0	0	0	-19.88169	-2.544959	12.02729	0	0	0
56.11659	-9.676232	-87.23322	6.254381	0	0	0	0	0	0	0	-3.698159	-1.143169	5.106736	0	0	0
56.12659	-9.876185	-87.23322	6.266441	0	0	0	0	0	0	0	-7.666024	-0.01305464	0.5229119	0	0	0
56.13659	-10.07612	-87.23322	6.278748	0	0	0	0	0	0	0	-16.58155	-7.869401E-05	1.031227	0	0	0
56.14658	-10.06627	-87.27032	6.437178	0	0	0	0	0	0	0	0.4042248	-2.229108	9.55635	0	0	0
56.15658	-10.04657	-87.34395	6.754174	0	0	0	0	0	0	0	1.099258	-4.08798	17.6996	0	0	0
56.16658	-10.01698	-87.45293	7.230003	0	0	0	0	0	0	0	3.015192	-11.01403	48.49879	0	0	0
56.17658	-9.984084	-87.57196	7.759166	0	0	0	0	0	0	0	2.841488	-10.18343	45.70444	0	0	0
56.18658	-9.967624	-87.63067	8.023928	0	0	0	0	0	0	0	1.673856	-5.941173	26.92345	0	0	0
56.19658	-10.00702	-87.72348	8.451894	0	0	0	0	0	0	0	-0.397192	-0.8923414	4.148338	0	0	0
56.20657	-9.986625	-87.73834	8.777831	0	0	0	0	0	0	0	1.782466	-6.039995	28.49407	0	0	0
56.21657	-9.963387	-87.8175	9.149144	0	0	0	0	0	0	0	1.300206	-4.397748	20.77553	0	0	0
56.22657	-9.933488	-87.91772	9.626876	0	0	0	0	0	0	0	1.236955	-4.108426	19.76479	0	0	0
56.23657	-9.910218	-87.99445	9.998696	0	0	0	0	0	0	0	1.750517	-5.730844	27.9708	0	0	0
56.24657	-9.886934	-88.07013	10.37073	0	0	0	0	0	0	0	1.427273	-4.604741	22.8058	0	0	0
56.25657	-9.883607	-88.08085	10.4239	0	0	0	0	0	0	0	0.236811	-0.7624045	3.783906	0	0	0
56.26656	-9.948545	-88.08085	10.42798	0	0	0	0	0	0	0	-2.06638	-0.00459581	0.1530744	0	0	0
56.27656	-9.94805	-88.02702	10.43585	0	0	0	0	0	0	0	0.009837813	3.624787	0.5324764	0	0	0
56.28656	-9.94805	-88.02702	10.43585	0	0	0	0	0	0	0	8.162331E-05	0.03007448	0.004417901	0	0	0
56.29656	-9.94805	-88.02702	10.43585	0	0	0	0	0	0	0	9.321134E-07	0.0003434414	5.045109E-05	0	0	0
56.30656	-9.938001	-88.05905	10.59537	0	0	0	0	0	0	0	1.466668	-4.661397	23.28172	0	0	0
56.31656	-9.866474	-88.08031	10.69766	0	0	0	0	0	0	0	8.775225	-1.908034	9.058952	0	0	0
56.32655	-9.795033	-88.10147	10.80001	0	0	0	0	0	0	0	2.874907	-1.955722	9.711392	0	0	0
56.33655	-9.795033	-88.10147	10.80001	0	0	0	0	0	0	0	0.03283056	-0.02233375	0.1109012	0	0	0
56.34655	-9.791725	-88.11202	10.85321	0	0	0	0	0	0	0	0.03190189	-0.1011476	0.5106179	0	0	0
56.35655	-9.788417	-88.12255	10.90642	0	0	0	0	0	0	0	0.04333214	-0.1377606	0.696955	0	0	0
56.36655	-9.791234	-88.05819	10.86111	0	0	0	0	0	0	0	-0.736852	7.372633	-11.85203	0	0	0
56.37654	-9.790742	-88.00436	10.86902	0	0	0	0	0	0	0	-0.01593822	0.1594916	-0.2563613	0	0	0
56.38654	-9.790742	-88.00436	10.86902	0	0	0	0	0	0	0	-0.0002505148	0.002506867	-0.004029452	0	0	0
56.39654	-9.725985	-88.00436	10.86501	0	0	0	0	0	0	0	11.28969	7.464536E-05	-0.6973512	0	0	0
56.40654	-9.661226	-88.00436	10.86102	0	0	0	0	0	0	0	9.135197	2.222666E-06	-0.560406	0	0	0
56.41654	-9.661226	-88.00436	10.86102	0	0	0	0	0	0	0	0.1762759	1.844123E-08	-0.01081375	0	0	0
56.42654	-9.596466	-88.00436	10.85706	0	0	0	0	0	0	0	0.08886569	0	-0.005414824	0	0	0
56.43653	-9.596466	-88.00436	10.85706	0	0	0	0	0	0	0	0.001922501	0	-0.0001171431	0	0	0
56.44653	-9.596466	-88.00436	10.85706	0	0	0	0	0	0	0	1.595079E-05	0	-9.719244E-07	0	0	0
56.45653	-9.596466	-88.00436	10.85706	0	0	0	0	0	0	0	2.507124E-07	0	-1.527657E-08	0	0	0
56.46653	-9.599225	-87.93999	10.8118	0	0	0	0	0	0	0	-0.4132873	2.774222	-6.782687	0	0	0
56.47653	-9.59874	-87.88616	10.81976	0	0	0	0	0	0	0	-8.244553E-05	0.7542663	-0.001353059	0	0	0
56.48653	-9.59874	-87.88616	10.81976	0	0	0	0	0	0	0	-6.840419E-07	0.006258069	-1.122619E-05	0	0	0
56.49652	-9.59874	-87.88616	10.81976	0	0	0	0	0	0	0	-5.675424E-09	5.192254E-05	-9.314254E-08	0	0	0
56.50652	-9.59874	-87.88616	10.81976	0	0	0	0	0	0	0	-4.70884E-11	4.307959E-07	-7.727939E-10	0	0	0
56.51652	-9.59874	-87.88616	10.81976	0	0	0	0	0	0	0	4.311088E-11	4.777369E-09	7.075166E-10	0	0	0
56.52652	-9.59874	-87.88616	10.81976	0	0	0	0	0	0	0	0	0	0	0	0	0
56.53652	-9.59874	-87.88616	10.81976	0	0	0	0	0	0	0	0	0	0	0	0	0
56.54652	-9.598253	-87.83234	10.82774	0	0	0	0	0	0	0	0.02296025	2.537228	0.3768134	0	0	0
56.55651	-9.598253	-87.83234	10.82774	0	0	0	0	0	0	0	3.856537E-05	0.004261675	0.0006329176	0	0	0
56.56651	-9.598253	-87.83234	10.82774	0	0	0	0	0	0	0	4.404048E-07	4.866704E-05	7.227727E-06	0	0	0
56.57651	-9.598253	-87.83234	10.82774	0	0	0	0	0	0	0	2.654781E-09	2.933672E-07	4.356908E-08	0	0	0
56.58651	-9.598253	-87.83234	10.82774	0	0	0	0	0	0	0	3.031679E-11	3.350165E-09	4.975457E-10	0	0	0
56.59651	-9.598253	-87.83234	10.82774	0	0	0	0	0	0	0	0	0	0	0	0	0
56.60651	-9.598253	-87.83234	10.82774	0	0	0	0	0	0	0	0	0	0	0	0	0
56.6165	-9.598253	-87.83234	10.82774	0	0	0	0	0	0	0	0	0	0	0	0	0
56.6265	-9.598253	-87.83234	10.82774	0	0	0	0	0	0	0	0	0	0	0	0	0
56.6365	-9.595012	-87.84289	10.88094	0	0	0	0	0	0	0	0.4374696	-1.422054	7.179556	0	0	0
56.6465	-9.510934	-87.90573	11.19634	0	0	0	0	0	0	0	11.28961	-7.027064	35.38859	0	0	0
56.6565	-9.443111	-87.91613	11.24568	0	0	0	0	0	0	0	15.91668	-0.1121261	-0.3798989	0	0	0
56.6665	-9.243032	-87.93686	11.34065	0	0	0	0	0	0	0	14.76287	-1.527453	7.022286	0	0	0
56.67649	-9.11344	-87.88304	11.34111	0	0	0	0	0	0	0	13.58737	0.6786965	-0.4753518	0	0	0
56.68649	-9.044881	-87.78575	11.40671	0	0	0	0	0	0	0	8.481594	6.651978	2.448225	0	0	0
56.69649	-9.044881	-87.78575	11.40671	0	0	0	0	0	0	0	0.1333125	0.1045549	0.03848088	0	0	0
56.70649	-9.044881	-87.78575	11.40671	0	0	0	0	0	0	0	0.0008036143	0.0006302618	0.0002319645	0	0	0
56.71649	-9.044881	-87.78575	11.40671	0	0	0	0	0	0	0	6.667504E-06	5.229216E-06	1.924586E-06	0	0	0
56.72649	-8.980346	-87.78575	11.403	0	0	0	0	0	0	0	1.047865E-07	8.219211E-08	3.029346E-08	0	0	0
56.73648	-8.97425	-87.80635	11.50953	0	0	0	0	0	0	0	0.5543856	-1.869386	9.688843	0	0	0
56.74648	-8.965104	-87.83709	11.66936	0	0	0	0	0	0	0	0.8635936	-2.892873	15.09279	0	0	0
56.75648	-8.959006	-87.85748	11.77594	0	0	0	0	0	0	0	0.5277245	-1.759973	9.222895	0	0	0
56.76648	-8.952908	-87.87777	11.88253	0	0	0	0	0	0	0	0.1151093	-0.3821906	2.011734	0	0	0
56.77648	-8.940706	-87.9181	12.09576	0	0	0	0	0	0	0	0.4582191	-1.507857	8.008166	0	0	0
56.78648	-8.812201	-87.9181	12.08846	0	0	0	0	0	0	0	11.57492	-0.009089431	-0.6043258	0	0	0
56.79647	-8.811746	-87.86429	12.09653	0	0	0	0	0	0	0	0.1147389	4.798764	0.7168471	0	0	0
56.80647	-8.811746	-87.86429	12.09653	0	0	0	0	0	0	0	0.0009519763	0.03981484	0.005947605	0	0	0
56.81647	-8.811746	-87.86429	12.09653	0	0	0	0	0	0	0	1.087128E-05	0.0004546734	6.791984E-05	0	0	0
56.82647	-8.811746	-87.86429	12.09653	0	0	0	0	0	0	0	9.019107E-08	3.772401E-06	5.634031E-07	0	0	0
56.83647	-8.808739	-87.87432	12.14985	0	0	0	0	0	0	0	0.2010555	-0.6697528	3.565198	0	0	0
56.84647	-8.808739	-87.87432	12.14985	0	0	0	0	0	0	0	0.001668136	-0.005556869	0.02958007	0	0	0
56.85646	-8.805731	-87.88432	12.20317	0	0	0	0	0	0	0	0.05638931	-0.1874208	0.9999182	0	0	0
56.86646	-8.741523	-87.88432	12.19957	0	0	0	0	0	0	0	10.74099	-0.000166173	-0.6004065	0	0	0
56.87646	-8.741523	-87.88432	12.19957	0	0	0	0	0	0	0	0.08911686	-1.37872E-06	-0.00498151	0	0	0
56.88646	-8.677313	-87.88432	12.19599	0	0	0	0	0	0	0	1.167049	-1.574457E-08	-0.0648516	0	0	0
56.89646	-8.677313	-87.88432	12.19599	0	0	0	0	0	0	0	0.01332735	0	-0.0007405865	0	0	0
56.90646	-8.677313	-87.88432	12.19599	0	0	0	0	0	0	0	8.033787E-05	0	-4.464291E-06	0	0	0
56.91645	-8.677313	-87.88432	12.19599	0	0	0	0	0	0	0	6.665549E-07	0	-3.703975E-08	0	0	0
56.92645	-8.677313	-87.88432	12.19599	0	0	0	0	0	0	0	5.530336E-09	0	-3.07315E-10	0	0	0
56.93645	-8.676864	-87.83052	12.20408	0	0	0	0	0	0	0	0.06115117	7.305068	1.100456	0	0	0
56.94645	-8.676864	-87.83052	12.20408	0	0	0	0	0	0	0	0.0006364417	0.07602881	0.01145319	0	0	0
56.95645	-8.612656	-87.83052	12.20052	0	0	0	0	0	0	0	5.86182	0.0002419229	-0.3232808	0	0	0
56.96645	-8.548447	-87.83052	12.197	0	0	0	0	0	0	0	15.03125	2.007209E-06	-0.8228711	0	0	0
56.97644	-8.548447	-87.83052	12.197	0	0	0	0	0	0	0	0.1247127	1.66536E-08	-0.006827275	0	0	0
56.98644	-8.548447	-87.83052	12.197	0	0	0	0	0	0	0	0.0007517741	0	-4.115516E-05	0	0	0
56.99644	-8.548447	-87.83052	12.197	0	0	0	0	0	0	0	4.53173E-06	0	-2.480852E-07	0	0	0
57.00644	-8.548447	-87.83052	12.197	0	0	0	0	0	0	0	7.122912E-08	0	-3.89937E-09	0	0	0
57.01644	-8.548447	-87.83052	12.197	0	0	0	0	0	0	0	0	0	0	0	0	0
57.02644	-8.548447	-87.83052	12.197	0	0	0	0	0	0	0	0	0	0	0	0	0
57.03643	-8.548447	-87.83052	12.197	0	0	0	0	0	0	0	0	0	0	0	0	0
57.04643	-8.548447	-87.83052	12.197	0	0	0	0	0	0	0	0	0	0	0	0	0
57.05643	-8.548447	-87.83052	12.197	0	0	0	0	0	0	0	0	0	0	0	0	0
57.06643	-8.548447	-87.83052	12.197	0	0	0	0	0	0	0	0	0	0	0	0	0
57.07643	-8.548447	-87.83052	12.197	0	0	0	0	0	0	0	0	0	0	0	0	0
57.08643	-8.548447	-87.83052	12.197	0	0	0	0	0	0	0	0	0	0	0	0	0
57.09642	-8.548447	-87.83052	12.197	0	0	0	0	0	0	0	0	0	0	0	0	0
57.10642	-8.548447	-87.83052	12.197	0	0	0	0	0	0	0	0	0	0	0	0	0
57.11642	-8.548447	-87.83052	12.197	0	0	0	0	0	0	0	0	0	0	0	0	0
57.12642	-8.548447	-87.83052	12.197	0	0	0	0	0	0	0	0	0	0	0	0	0
57.13642	-8.548447	-87.83052	12.197	0	0	0	0	0	0	0	0	0	0	0	0	0
57.14642	-8.548447	-87.83052	12.197	0	0	0	0	0	0	0	0	0	0	0	0	0
57.15641	-8.548447	-87.83052	12.197	0	0	0	0	0	0	0	0	0	0	0	0	0
57.16641	-8.548447	-87.83052	12.197	0	0	0	0	0	0	0	0	0	0	0	0	0
57.17641	-8.548447	-87.83052	12.197	0	0	0	0	0	0	0	0	0	0	0	0	0
57.18641	-8.548447	-87.83052	12.197	0	0	0	0	0	0	0	0	0	0	0	0	0
57.19641	-8.548447	-87.83052	12.197	0	0	0	0	0	0	0	0	0	0	0	0	0
57.20641	-8.548447	-87.83052	12.197	0	0	0	0	0	0	0	0	0	0	0	0	0
57.2164	-8.548447	-87.83052	12.197	0	0	0	0	0	0	0	0	0	0	0	0	0
57.2264	-8.548447	-87.83052	12.197	0	0	0	0	0	0	0	0	0	0	0	0	0
57.2364	-8.484236	-87.83052	12.19349	0	0	0	0	0	0	0	1.163514	0	-0.06321559	0	0	0
57.2464	-8.47844	-87.85047	12.30017	0	0	0	0	0	0	0	0.4040636	-1.363452	7.307605	0	0	0
57.2564	-8.47844	-87.85047	12.30017	0	0	0	0	0	0	0	0.01072877	-0.03656684	0.1959908	0	0	0
57.2664	-8.47844	-87.85047	12.30017	0	0	0	0	0	0	0	6.467356E-05	-0.0002204266	0.001181442	0	0	0
57.27639	-8.47844	-87.85047	12.30017	0	0	0	0	0	0	0	7.385524E-07	-2.517205E-06	1.349171E-05	0	0	0
57.28639	-8.47844	-87.85047	12.30017	0	0	0	0	0	0	0	4.418815E-09	-1.517383E-08	8.133045E-08	0	0	0
57.29639	-8.47844	-87.85047	12.30017	0	0	0	0	0	0	0	0	0	0	0	0	0
57.30639	-8.47844	-87.85047	12.30017	0	0	0	0	0	0	0	0	0	0	0	0	0
57.31639	-8.414272	-87.85047	12.29669	0	0	0	0	0	0	0	14.78598	0	-0.7972483	0	0	0
57.32639	-8.341538	-87.88023	12.45329	0	0	0	0	0	0	0	15.67816	-0.7785249	3.374673	0	0	0
57.33638	-8.14643	-87.8901	12.49648	0	0	0	0	0	0	0	20.56659	-0.9070262	3.844915	0	0	0
57.34638	-8.012762	-87.90979	12.59657	0	0	0	0	0	0	0	10.19357	-2.156535	11.22628	0	0	0
57.35638	-7.948716	-87.90979	12.59329	0	0	0	0	0	0	0	1.201442	-0.01299969	0.009519182	0	0	0
57.36638	-7.948716	-87.90979	12.59329	0	0	0	0	0	0	0	0.0137201	-0.0001484525	0.0001087062	0	0	0
57.37638	-7.948716	-87.90979	12.59329	0	0	0	0	0	0	0	8.270542E-05	-8.94879E-07	6.55286E-07	0	0	0
57.38638	-7.948301	-87.85599	12.60141	0	0	0	0	0	0	0	0.0987882	12.81147	1.935761	0	0	0
57.39637	-7.948301	-87.85599	12.60141	0	0	0	0	0	0	0	0.0008196353	0.1062955	0.01606081	0	0	0
57.40637	-7.948301	-87.85599	12.60141	0	0	0	0	0	0	0	1.288283E-05	0.001670738	0.0002524416	0	0	0
57.41637	-7.948301	-87.85599	12.60141	0	0	0	0	0	0	0	2.787043E-07	3.614438E-05	5.461268E-06	0	0	0
57.42637	-7.948301	-87.85599	12.60141	0	0	0	0	0	0	0	1.680043E-09	2.1788E-07	3.292078E-08	0	0	0
57.43637	-7.948301	-87.85599	12.60141	0	0	0	0	0	0	0	1.918558E-11	2.488124E-09	3.759453E-10	0	0	0
57.44637	-7.881143	-87.812	12.65967	0	0	0	0	0	0	0	4.374185	-0.1900453	2.293686	0	0	0
57.45636	-7.752695	-87.75821	12.66141	0	0	0	0	0	0	0	10.17503	7.147352	0.621965	0	0	0
57.46636	-7.686039	-87.768	12.71162	0	0	0	0	0	0	0	3.246532	0.01166956	0.3521734	0	0	0
57.47636	-7.621639	-87.71421	12.71665	0	0	0	0	0	0	0	1.188253	0.9616588	0.09451367	0	0	0
57.48636	-7.621639	-87.71421	12.71665	0	0	0	0	0	0	0	0.02570641	0.02080432	0.002044688	0	0	0
57.49636	-7.621639	-87.71421	12.71665	0	0	0	0	0	0	0	0.0002935594	0.000237579	2.334972E-05	0	0	0
57.50636	-7.621639	-87.71421	12.71665	0	0	0	0	0	0	0	3.35236E-06	2.71308E-06	2.666467E-07	0	0	0
57.51635	-7.619024	-87.72398	12.77004	0	0	0	0	0	0	0	0.1276501	-0.4762843	2.606606	0	0	0
57.52635	-7.552457	-87.73372	12.82032	0	0	0	0	0	0	0	0.1133266	-0.2468778	1.351953	0	0	0
57.53635	-7.488503	-87.73372	12.81722	0	0	0	0	0	0	0	1.53833	-0.003880392	-0.05273075	0	0	0
57.54635	-7.488503	-87.73372	12.81722	0	0	0	0	0	0	0	0.009273129	-2.339119E-05	-0.0003178635	0	0	0
57.55635	-7.488503	-87.73372	12.81722	0	0	0	0	0	0	0	0.0001058963	-2.671203E-07	-3.629904E-06	0	0	0
57.56635	-7.421998	-87.74344	12.86756	0	0	0	0	0	0	0	6.139307	-0.4493683	2.183416	0	0	0
57.57634	-7.289116	-87.76283	12.96832	0	0	0	0	0	0	0	10.24373	-0.6387342	3.055781	0	0	0
57.58634	-7.092552	-87.78212	13.06629	0	0	0	0	0	0	0	10.30451	-0.9538822	4.834861	0	0	0
57.59634	-6.962449	-87.79173	13.11394	0	0	0	0	0	0	0	5.291331	-0.4983826	2.541087	0	0	0
57.60634	-6.830075	-87.81089	13.21513	0	0	0	0	0	0	0	10.42377	-2.216858	11.95744	0	0	0
57.61634	-6.763953	-87.82044	13.26578	0	0	0	0	0	0	0	15.86997	-2.274037	12.07426	0	0	0
57.62634	-6.697873	-87.82997	13.31646	0	0	0	0	0	0	0	3.425364	-0.2114474	1.041863	0	0	0
57.63633	-6.568106	-87.83948	13.36446	0	0	0	0	0	0	0	4.736912	-0.8778264	4.750449	0	0	0
57.64633	-6.502132	-87.84896	13.41523	0	0	0	0	0	0	0	3.498205	-1.609335	8.951696	0	0	0
57.65633	-6.438422	-87.84896	13.41256	0	0	0	0	0	0	0	11.77355	-0.01335248	-0.4137617	0	0	0
57.66633	-6.438422	-87.84896	13.41256	0	0	0	0	0	0	0	0.1344504	-0.0001524813	-0.004725033	0	0	0
57.67633	-6.436201	-87.85842	13.46603	0	0	0	0	0	0	0	0.01228154	-0.04879782	0.2760237	0	0	0
57.68633	-6.436201	-87.85842	13.46603	0	0	0	0	0	0	0	0.0001402514	-0.0005572563	0.003152107	0	0	0
57.69632	-6.436201	-87.85842	13.46603	0	0	0	0	0	0	0	8.454423E-07	-3.359167E-06	1.900105E-05	0	0	0
57.70632	-6.436201	-87.85842	13.46603	0	0	0	0	0	0	0	9.01796E-09	-3.836067E-08	2.170127E-07	0	0	0
57.71632	-6.436201	-87.85842	13.46603	0	0	0	0	0	0	0	0	0	0	0	0	0
57.72632	-6.436201	-87.85842	13.46603	0	0	0	0	0	0	0	0	0	0	0	0	0
57.73632	-6.433979	-87.86786	13.51949	0	0	0	0	0	0	0	0.3677298	-1.560531	8.849235	0	0	0
57.74632	-6.302289	-87.88667	13.6212	0	0	0	0	0	0	0	6.349535	-0.6152375	3.252826	0	0	0
57.75631	-6.043602	-87.9054	13.71801	0	0	0	0	0	0	0	15.47113	-1.002665	5.14518	0	0	0
57.76631	-5.914384	-87.91473	13.76659	0	0	0	0	0	0	0	12.01583	-0.6296839	3.159829	0	0	0
57.77631	-5.783248	-87.93333	13.86877	0	0	0	0	0	0	0	14.70674	-2.644511	14.72383	0	0	0
57.78631	-5.652283	-87.95184	13.97109	0	0	0	0	0	0	0	8.623108	-1.34822	7.509115	0	0	0
57.79631	-5.005255	-88.01593	14.32388	0	0	0	0	0	0	0	5.210525	-1.371919	7.929834	0	0	0
57.8063	-4.878582	-88.01593	14.31982	0	0	0	0	0	0	0	8.875275	-0.004365432	-0.2553349	0	0	0
57.8163	-4.876886	-88.02499	14.37337	0	0	0	0	0	0	0	0.3903618	-0.8268142	4.880726	0	0	0
57.8263	-4.876886	-88.02499	14.37337	0	0	0	0	0	0	0	0.003238791	-0.006859991	0.04049487	0	0	0
57.8363	-4.876886	-88.02499	14.37337	0	0	0	0	0	0	0	2.687191E-05	-5.691663E-05	0.0003359817	0	0	0
57.8463	-4.876886	-88.02499	14.37337	0	0	0	0	0	0	0	2.229534E-07	-4.722313E-07	2.787605E-06	0	0	0
57.8563	-4.876886	-88.02499	14.37337	0	0	0	0	0	0	0	5.330391E-10	-2.846633E-09	1.68295E-08	0	0	0
57.86629	-4.876886	-88.02499	14.37337	0	0	0	0	0	0	0	0	0	0	0	0	0
57.87629	-4.876886	-88.02499	14.37337	0	0	0	0	0	0	0	0	0	0	0	0	0
57.88629	-4.876886	-88.02499	14.37337	0	0	0	0	0	0	0	0	0	0	0	0	0
57.89629	-4.876886	-88.02499	14.37337	0	0	0	0	0	0	0	0	0	0	0	0	0
57.90629	-4.87519	-88.03404	14.42692	0	0	0	0	0	0	0	0.08149617	-0.4341418	2.573057	0	0	0
57.91629	-4.871798	-88.05207	14.53404	0	0	0	0	0	0	0	0.3475625	-1.842314	10.9735	0	0	0
57.92628	-4.741993	-88.07001	14.63722	0	0	0	0	0	0	0	15.92788	-0.374275	1.751325	0	0	0
57.93628	-4.675524	-88.08787	14.74243	0	0	0	0	0	0	0	7.94124	-0.1683041	0.7718512	0	0	0
57.94628	-4.610506	-88.04298	14.80232	0	0	0	0	0	0	0	1.199798	1.707016	1.202559	0	0	0
57.95628	-4.610258	-87.98919	14.81055	0	0	0	0	0	0	0	0.0653419	12.04607	1.854607	0	0	0
57.96628	-4.610258	-87.98919	14.81055	0	0	0	0	0	0	0	0.0002079172	0.03833047	0.005901339	0	0	0
57.97628	-4.61001	-87.93541	14.81881	0	0	0	0	0	0	0	0.002403398	0.5206335	0.08003629	0	0	0
57.98627	-4.609762	-87.88164	14.82708	0	0	0	0	0	0	0	0.05929755	12.81149	1.974838	0	0	0
57.99627	-4.546387	-87.82787	14.8335	0	0	0	0	0	0	0	0.4963917	6.937593	1.058551	0	0	0
58.00627	-4.483018	-87.77409	14.83997	0	0	0	0	0	0	0	2.291057	9.266222	1.370442	0	0	0
58.01627	-4.484339	-87.71143	14.79473	0	0	0	0	0	0	0	-0.04014043	1.86831	-2.255015	0	0	0
58.02627	-4.420956	-87.65767	14.80126	0	0	0	0	0	0	0	0.6407625	1.334668	0.1743415	0	0	0
58.03627	-4.294676	-87.65767	14.79768	0	0	0	0	0	0	0	8.834543	0.0152415	-0.2448901	0	0	0
58.04626	-4.231535	-87.65767	14.79593	0	0	0	0	0	0	0	1.839721	0.0001740533	-0.05067259	0	0	0
58.05626	-4.105027	-87.60391	14.80089	0	0	0	0	0	0	0	4.214844	0.3741355	-0.05418088	0	0	0
58.06626	-4.104802	-87.55016	14.8093	0	0	0	0	0	0	0	0.06627135	7.476913	1.170449	0	0	0
58.07626	-4.104577	-87.49641	14.81773	0	0	0	0	0	0	0	0.01548005	3.591077	0.5640924	0	0	0
58.08626	-4.104351	-87.44266	14.82619	0	0	0	0	0	0	0	0.05376907	12.76848	2.011069	0	0	0
58.09626	-4.105783	-87.43374	14.7726	0	0	0	0	0	0	0	-0.009211328	0.2070431	-0.344553	0	0	0
58.10625	-4.107216	-87.4248	14.71902	0	0	0	0	0	0	0	-0.04881426	0.3058743	-1.825904	0	0	0
58.11625	-4.106989	-87.37106	14.7275	0	0	0	0	0	0	0	0.0005706648	0.2706972	0.0213458	0	0	0
58.12625	-4.106989	-87.37106	14.7275	0	0	0	0	0	0	0	3.439995E-06	0.001631776	0.0001286735	0	0	0
58.13625	-4.170158	-87.37106	14.7292	0	0	0	0	0	0	0	-0.4713174	1.863438E-05	0.01279575	0	0	0
58.14625	-4.170158	-87.37106	14.7292	0	0	0	0	0	0	0	-0.002841123	1.123289E-07	7.713341E-05	0	0	0
58.15625	-4.170158	-87.37106	14.7292	0	0	0	0	0	0	0	-2.357251E-05	0	6.398943E-07	0	0	0
58.16624	-4.170158	-87.37106	14.7292	0	0	0	0	0	0	0	-1.955786E-07	0	5.309136E-09	0	0	0
58.17624	-4.170158	-87.37106	14.7292	0	0	0	0	0	0	0	-2.233448E-09	0	6.062872E-11	0	0	0
58.18624	-4.170158	-87.37106	14.7292	0	0	0	0	0	0	0	0	0	0	0	0	0
58.19624	-4.170158	-87.37106	14.7292	0	0	0	0	0	0	0	0	0	0	0	0	0
58.20624	-4.233326	-87.37106	14.73093	0	0	0	0	0	0	0	-2.967497	0	0.0817762	0	0	0
58.21624	-4.233326	-87.37106	14.73093	0	0	0	0	0	0	0	-0.02462101	0	0.0006784886	0	0	0
58.22623	-4.233326	-87.37106	14.73093	0	0	0	0	0	0	0	-0.0002811645	0	7.748134E-06	0	0	0
58.23623	-4.233326	-87.37106	14.73093	0	0	0	0	0	0	0	-1.694873E-06	0	4.670612E-08	0	0	0
58.24623	-4.170158	-87.37106	14.7292	0	0	0	0	0	0	0	14.95998	0	-0.4061005	0	0	0
58.25623	-4.170158	-87.37106	14.7292	0	0	0	0	0	0	0	0.09017947	0	-0.002447993	0	0	0
58.26623	-4.170158	-87.37106	14.7292	0	0	0	0	0	0	0	0.0007482096	0	-2.031074E-05	0	0	0
58.27623	-4.170158	-87.37106	14.7292	0	0	0	0	0	0	0	6.207817E-06	0	-1.685161E-07	0	0	0
58.28622	-4.170158	-87.37106	14.7292	0	0	0	0	0	0	0	1.435154E-08	0	-3.89584E-10	0	0	0
58.29622	-4.106989	-87.37106	14.7275	0	0	0	0	0	0	0	10.61676	0	-0.2838315	0	0	0
58.30622	-4.043819	-87.37106	14.72582	0	0	0	0	0	0	0	10.43364	0	-0.2746426	0	0	0
58.31622	-3.980649	-87.37106	14.72417	0	0	0	0	0	0	0	5.745706	0	-0.1488789	0	0	0
58.32622	-3.980649	-87.37106	14.72417	0	0	0	0	0	0	0	0.01828278	0	-0.000473731	0	0	0
58.33622	-3.917478	-87.37106	14.72255	0	0	0	0	0	0	0	2.906669	0	-0.07411964	0	0	0
58.34621	-3.917478	-87.37106	14.72255	0	0	0	0	0	0	0	0.03319328	0	-0.0008464238	0	0	0
58.35621	-3.916111	-87.37999	14.77613	0	0	0	0	0	0	0	0.1182142	-0.7698663	4.621009	0	0	0
58.36621	-3.916111	-87.37999	14.77613	0	0	0	0	0	0	0	0.000712601	-0.00464079	0.02785566	0	0	0
58.37621	-3.916111	-87.37999	14.77613	0	0	0	0	0	0	0	5.912376E-06	-3.850415E-05	0.0002311155	0	0	0
58.38621	-3.916111	-87.37999	14.77613	0	0	0	0	0	0	0	4.889712E-08	-3.194649E-07	1.917545E-06	0	0	0
58.39621	-3.916111	-87.37999	14.77613	0	0	0	0	0	0	0	7.685583E-10	-5.021306E-09	3.013971E-08	0	0	0
58.4062	-3.916111	-87.37999	14.77613	0	0	0	0	0	0	0	0	0	0	0	0	0
58.4162	-3.914745	-87.38891	14.82972	0	0	0	0	0	0	0	0.165766	-1.080294	6.500663	0	0	0
58.4262	-3.914745	-87.38891	14.82972	0	0	0	0	0	0	0	0.001375343	-0.008963085	0.05393532	0	0	0
58.4362	-3.914745	-87.38891	14.82972	0	0	0	0	0	0	0	2.161745E-05	-0.0001408805	0.0008477481	0	0	0
58.4462	-3.914745	-87.38891	14.82972	0	0	0	0	0	0	0	4.676673E-07	-3.047779E-06	1.834E-05	0	0	0
58.4562	-3.914745	-87.38891	14.82972	0	0	0	0	0	0	0	2.819121E-09	-1.837216E-08	1.105544E-07	0	0	0
58.46619	-3.914745	-87.38891	14.82972	0	0	0	0	0	0	0	0	0	0	0	0	0
58.47619	-3.914745	-87.38891	14.82972	0	0	0	0	0	0	0	0	0	0	0	0	0
58.48619	-3.914745	-87.38891	14.82972	0	0	0	0	0	0	0	0	0	0	0	0	0
58.49619	-3.914745	-87.38891	14.82972	0	0	0	0	0	0	0	0	0	0	0	0	0
58.50619	-3.914745	-87.38891	14.82972	0	0	0	0	0	0	0	0	0	0	0	0	0
58.51619	-3.914745	-87.38891	14.82972	0	0	0	0	0	0	0	0	0	0	0	0	0
58.52618	-3.914745	-87.38891	14.82972	0	0	0	0	0	0	0	0	0	0	0	0	0
58.53618	-3.977872	-87.38891	14.83134	0	0	0	0	0	0	0	-0.4298904	0	0.01113903	0	0	0
58.54618	-3.977872	-87.38891	14.83134	0	0	0	0	0	0	0	-0.004909218	0	0.0001272044	0	0	0
58.55618	-3.977872	-87.38891	14.83134	0	0	0	0	0	0	0	0	0	0	0	0	0
58.56618	-3.979261	-87.37999	14.77775	0	0	0	0	0	0	0	-0.06933292	0.4457917	-2.675776	0	0	0
58.57618	-3.979261	-87.37999	14.77775	0	0	0	0	0	0	0	-0.0007917609	0.005090806	-0.03055656	0	0	0
58.58617	-3.979261	-87.37999	14.77775	0	0	0	0	0	0	0	-6.569157E-06	4.223789E-05	-0.0002535245	0	0	0
58.59617	-3.979261	-87.37999	14.77775	0	0	0	0	0	0	0	-7.501779E-08	4.823439E-07	-2.895174E-06	0	0	0
58.60617	-3.979261	-87.37999	14.77775	0	0	0	0	0	0	0	-4.522108E-10	2.907592E-09	-1.745224E-08	0	0	0
58.61617	-3.979261	-87.37999	14.77775	0	0	0	0	0	0	0	0	0	0	0	0	0
58.62617	-3.979261	-87.37999	14.77775	0	0	0	0	0	0	0	0	0	0	0	0	0
58.63617	-3.979261	-87.37999	14.77775	0	0	0	0	0	0	0	0	0	0	0	0	0
58.64616	-3.979261	-87.37999	14.77775	0	0	0	0	0	0	0	0	0	0	0	0	0
58.65616	-3.979261	-87.37999	14.77775	0	0	0	0	0	0	0	0	0	0	0	0	0
58.66616	-3.979261	-87.37999	14.77775	0	0	0	0	0	0	0	0	0	0	0	0	0
58.67616	-3.979261	-87.37999	14.77775	0	0	0	0	0	0	0	0	0	0	0	0	0
58.68616	-3.979261	-87.37999	14.77775	0	0	0	0	0	0	0	0	0	0	0	0	0
58.69616	-3.979261	-87.37999	14.77775	0	0	0	0	0	0	0	0	0	0	0	0	0
58.70615	-3.979261	-87.37999	14.77775	0	0	0	0	0	0	0	0	0	0	0	0	0
58.71615	-3.916111	-87.37999	14.77613	0	0	0	0	0	0	0	5.662355	0	-0.1443892	0	0	0
58.72615	-3.916111	-87.37999	14.77613	0	0	0	0	0	0	0	0.06466237	0	-0.001648881	0	0	0
58.73615	-3.852962	-87.37999	14.77453	0	0	0	0	0	0	0	7.545929	0	-0.1893152	0	0	0
58.74615	-3.72666	-87.37999	14.77142	0	0	0	0	0	0	0	16.803	0	-0.4077331	0	0	0
58.75615	-3.472838	-87.38891	14.81908	0	0	0	0	0	0	0	9.994195	-0.3114122	1.648943	0	0	0
58.76614	-3.219182	-87.3978	14.86717	0	0	0	0	0	0	0	10.43908	-1.065477	6.212253	0	0	0
58.77614	-2.965694	-87.40668	14.91569	0	0	0	0	0	0	0	15.88662	-1.222002	7.087359	0	0	0
58.78614	-2.775446	-87.41553	14.96575	0	0	0	0	0	0	0	14.3354	-1.227702	7.188215	0	0	0
58.79614	-2.584422	-87.43316	15.06966	0	0	0	0	0	0	0	12.03783	-1.399649	8.330863	0	0	0
58.80614	-2.332304	-87.43316	15.06562	0	0	0	0	0	0	0	12.03218	-0.01841437	-0.07080439	0	0	0
58.81614	-2.017147	-87.43316	15.06115	0	0	0	0	0	0	0	24.63691	-0.0001527821	-0.3232687	0	0	0
58.82613	-1.765016	-87.43316	15.05804	0	0	0	0	0	0	0	15.84938	-1.267617E-06	-0.1824833	0	0	0
58.83613	-1.449337	-87.44195	15.10835	0	0	0	0	0	0	0	24.59216	-0.1655483	0.7792618	0	0	0
58.84613	-1.133874	-87.45071	15.15932	0	0	0	0	0	0	0	14.20162	-1.174738	7.093306	0	0	0
58.85613	-0.881905	-87.45071	15.15766	0	0	0	0	0	0	0	20.21804	-0.06038209	0.253606	0	0	0
58.86613	-0.6924416	-87.46817	15.26396	0	0	0	0	0	0	0	10.61972	-1.601587	9.816376	0	0	0
58.87613	-0.4404912	-87.47687	15.31666	0	0	0	0	0	0	0	17.11749	-0.5759115	3.506992	0	0	0
58.88612	-0.1887822	-87.47687	15.31614	0	0	0	0	0	0	0	20.42057	-0.003471622	-0.003753513	0	0	0
58.89612	0	-87.45945	15.20876	0	0	0	0	0	0	0	20.21972	2.845441	-17.48028	0	0	0
58.90612	0.3148573	-87.45945	15.20908	0	0	0	0	0	0	0	17.2527	0.01715245	-0.06990069	0	0	0
58.91612	0.819531	-87.48691	15.04159	0	0	0	0	0	0	0	35.82056	0.6839835	-12.57738	0	0	0
58.92612	1.324311	-87.4781	14.99149	0	0	0	0	0	0	0	33.82927	0.3063232	-1.641783	0	0	0
58.93612	2.143329	-87.48691	15.05438	0	0	0	0	0	0	0	30.93087	-1.204421	7.775521	0	0	0
58.94611	2.583661	-87.49569	15.1148	0	0	0	0	0	0	0	36.52501	-1.177533	7.813757	0	0	0
58.95611	2.958604	-87.52191	15.2825	0	0	0	0	0	0	0	23.92207	-1.266031	8.261432	0	0	0
58.96611	3.146323	-87.53061	15.33989	0	0	0	0	0	0	0	13.36852	-0.05824077	0.6346069	0	0	0
58.97611	3.269863	-87.54794	15.4498	0	0	0	0	0	0	0	9.608212	-0.8172205	5.279159	0	0	0
58.98611	3.269863	-87.54794	15.4498	0	0	0	0	0	0	0	0.2516834	-0.00933241	0.06332231	0	0	0
58.99611	3.269863	-87.54794	15.4498	0	0	0	0	0	0	0	0.001517159	-5.625621E-05	0.0003817099	0	0	0
59.0061	3.269863	-87.54794	15.4498	0	0	0	0	0	0	0	1.73255E-05	-6.424289E-07	4.359011E-06	0	0	0
59.0161	3.269863	-87.54794	15.4498	0	0	0	0	0	0	0	1.044389E-07	-3.872592E-09	2.627632E-08	0	0	0
59.0261	3.331566	-87.55657	15.50479	0	0	0	0	0	0	0	10.61771	-0.04211576	0.4935907	0	0	0
59.0361	3.331566	-87.55657	15.50479	0	0	0	0	0	0	0	0.06400403	-0.0002538758	0.002975388	0	0	0
59.0461	3.331566	-87.55657	15.50479	0	0	0	0	0	0	0	0.001006007	-3.990385E-06	4.676674E-05	0	0	0
59.0561	3.331566	-87.55657	15.50479	0	0	0	0	0	0	0	4.40594E-06	-1.747642E-08	2.048211E-07	0	0	0
59.06609	3.331566	-87.55657	15.50479	0	0	0	0	0	0	0	3.657528E-08	0	7.972312E-10	0	0	0
59.07609	3.267569	-87.56519	15.55707	0	0	0	0	0	0	0	-0.665971	-0.5901249	3.668637	0	0	0
59.08609	3.267569	-87.56519	15.55707	0	0	0	0	0	0	0	-0.004014505	-0.003557301	0.02211471	0	0	0
59.09609	3.267569	-87.56519	15.55707	0	0	0	0	0	0	0	-4.584442E-05	-4.06233E-05	0.0002525433	0	0	0
59.10609	3.267569	-87.56519	15.55707	0	0	0	0	0	0	0	-2.763524E-07	-2.448791E-07	1.522343E-06	0	0	0
59.11609	3.267569	-87.56519	15.55707	0	0	0	0	0	0	0	-2.710402E-10	-2.031737E-09	1.267396E-08	0	0	0
59.12608	3.267569	-87.56519	15.55707	0	0	0	0	0	0	0	0	0	0	0	0	0
59.13608	3.267569	-87.56519	15.55707	0	0	0	0	0	0	0	0	0	0	0	0	0
59.14608	3.20474	-87.56519	15.55574	0	0	0	0	0	0	0	-0.5892439	0	-0.01235893	0	0	0
59.15608	3.20474	-87.56519	15.55574	0	0	0	0	0	0	0	-0.00355199	0	-7.450022E-05	0	0	0
59.16608	3.20474	-87.56519	15.55574	0	0	0	0	0	0	0	-4.056265E-05	0	-8.507699E-07	0	0	0
59.17607	3.141911	-87.56519	15.55444	0	0	0	0	0	0	0	-8.750718	0	-0.1799396	0	0	0
59.18607	3.141911	-87.56519	15.55444	0	0	0	0	0	0	0	-0.1725343	0	-0.003547796	0	0	0
59.19607	3.141911	-87.56519	15.55444	0	0	0	0	0	0	0	-0.001040045	0	-2.138628E-05	0	0	0
59.20607	3.141911	-87.56519	15.55444	0	0	0	0	0	0	0	-1.1877E-05	0	-2.442249E-07	0	0	0
59.21607	3.141911	-87.56519	15.55444	0	0	0	0	0	0	0	-7.159512E-08	0	-1.472199E-09	0	0	0
59.22607	3.141911	-87.56519	15.55444	0	0	0	0	0	0	0	0	0	0	0	0	0
59.23606	3.078	-87.57377	15.6068	0	0	0	0	0	0	0	-5.705802	-0.4189196	2.5062	0	0	0
59.24606	3.076919	-87.58234	15.66045	0	0	0	0	0	0	0	-0.06174106	-0.2190166	1.372735	0	0	0
59.25606	3.076919	-87.58234	15.66045	0	0	0	0	0	0	0	-0.0005122591	-0.001817158	0.01138944	0	0	0
59.26606	3.076919	-87.58234	15.66045	0	0	0	0	0	0	0	-5.849844E-06	-2.075139E-05	0.0001300639	0	0	0
59.27606	3.075838	-87.59088	15.7141	0	0	0	0	0	0	0	-0.02647045	-0.2089238	1.313573	0	0	0
59.28606	3.075838	-87.59088	15.7141	0	0	0	0	0	0	0	-0.0004160587	-0.003283836	0.02064657	0	0	0
59.29605	3.137498	-87.5994	15.76903	0	0	0	0	0	0	0	10.66078	-0.2858377	2.021853	0	0	0
59.30605	3.137498	-87.5994	15.76903	0	0	0	0	0	0	0	0.03392248	-0.0009095324	0.006433514	0	0	0
59.31605	3.137498	-87.5994	15.76903	0	0	0	0	0	0	0	0.0002814512	-7.546295E-06	5.337819E-05	0	0	0
59.32605	3.137498	-87.5994	15.76903	0	0	0	0	0	0	0	1.696601E-06	-4.548943E-08	3.217663E-07	0	0	0
59.33605	3.137498	-87.5994	15.76903	0	0	0	0	0	0	0	1.937467E-08	-5.194755E-10	3.674473E-09	0	0	0
59.34605	3.137498	-87.5994	15.76903	0	0	0	0	0	0	0	0	0	0	0	0	0
59.35604	3.200239	-87.5994	15.77034	0	0	0	0	0	0	0	5.735906	0	0.1203061	0	0	0
59.36604	3.261832	-87.60791	15.82532	0	0	0	0	0	0	0	10.42162	-1.427984	9.252398	0	0	0
59.37604	3.261832	-87.60791	15.82532	0	0	0	0	0	0	0	0.08646711	-0.01184783	0.07676617	0	0	0
59.38604	3.32455	-87.60791	15.82668	0	0	0	0	0	0	0	0.4355711	-0.0001862226	0.01067169	0	0	0
59.39604	3.32455	-87.60791	15.82668	0	0	0	0	0	0	0	0.006846247	-2.927022E-06	0.0001677361	0	0	0
59.40604	3.387267	-87.60791	15.82806	0	0	0	0	0	0	0	0.4430119	-3.34257E-08	0.009838793	0	0	0
59.41603	3.386075	-87.61639	15.88171	0	0	0	0	0	0	0	-0.01130644	-0.1162737	0.7369385	0	0	0
59.42603	3.386075	-87.61639	15.88171	0	0	0	0	0	0	0	-6.815576E-05	-0.0007009035	0.0044423	0	0	0
59.43603	3.44877	-87.61639	15.88312	0	0	0	0	0	0	0	8.328087	-5.815323E-06	0.1884165	0	0	0
59.44603	3.44877	-87.61639	15.88312	0	0	0	0	0	0	0	0.1642015	-4.824913E-08	0.00371451	0	0	0
59.45603	3.44877	-87.61639	15.88312	0	0	0	0	0	0	0	0.002580897	-7.583733E-10	5.838416E-05	0	0	0
59.46603	3.512699	-87.60791	15.83089	0	0	0	0	0	0	0	1.352046	1.168042	-7.354972	0	0	0
59.47602	3.575415	-87.60791	15.83235	0	0	0	0	0	0	0	2.200019	0.04362829	-0.2243118	0	0	0
59.48602	3.82627	-87.60791	15.83844	0	0	0	0	0	0	0	15.51952	0.0004982218	0.3862091	0	0	0
59.49602	5.205772	-87.60791	15.87929	0	0	0	0	0	0	0	20.20402	0	0.6898211	0	0	0
59.50602	5.456548	-87.60791	15.88806	0	0	0	0	0	0	0	19.80724	0	0.7088926	0	0	0
59.51602	5.709317	-87.5994	15.84361	0	0	0	0	0	0	0	16.1974	0.2926152	-1.239906	0	0	0
59.52602	6.089841	-87.58234	15.75092	0	0	0	0	0	0	0	23.17513	0.3378527	-1.195881	0	0	0
59.53601	6.345283	-87.56519	15.65392	0	0	0	0	0	0	0	21.31836	2.072931	-12.05916	0	0	0
59.54601	6.721994	-87.56519	15.67004	0	0	0	0	0	0	0	22.18019	0.009078674	0.9198202	0	0	0
59.55601	7.038359	-87.55657	15.63059	0	0	0	0	0	0	0	17.16099	0.05852368	0.4263055	0	0	0
59.56601	7.477915	-87.55657	15.65148	0	0	0	0	0	0	0	26.25772	0.0002563123	1.28429	0	0	0
59.57601	7.791847	-87.55657	15.66717	0	0	0	0	0	0	0	15.84333	4.305169E-07	0.8085282	0	0	0
59.58601	7.91741	-87.55657	15.67363	0	0	0	0	0	0	0	3.517564	4.916372E-09	0.1824119	0	0	0
59.596	8.042968	-87.55657	15.6802	0	0	0	0	0	0	0	4.502918	0	0.2372233	0	0	0
59.606	8.042968	-87.55657	15.6802	0	0	0	0	0	0	0	0.05142196	0	0.002709018	0	0	0
59.616	8.042968	-87.55657	15.6802	0	0	0	0	0	0	0	0.000309974	0	1.633009E-05	0	0	0
59.626	8.042968	-87.55657	15.6802	0	0	0	0	0	0	0	2.571822E-06	0	1.35489E-07	0	0	0
59.636	8.042968	-87.55657	15.6802	0	0	0	0	0	0	0	2.133814E-08	0	1.124138E-09	0	0	0
59.646	7.98019	-87.55657	15.6769	0	0	0	0	0	0	0	-0.826812	0	-0.04321729	0	0	0
59.65599	7.98019	-87.55657	15.6769	0	0	0	0	0	0	0	-0.009441943	0	-0.0004935283	0	0	0
59.66599	7.98019	-87.55657	15.6769	0	0	0	0	0	0	0	-1.152241E-05	0	-6.022737E-07	0	0	0
59.67599	7.98019	-87.55657	15.6769	0	0	0	0	0	0	0	-9.560021E-08	0	-4.997002E-09	0	0	0
59.68599	7.98019	-87.55657	15.6769	0	0	0	0	0	0	0	0	0	0	0	0	0
59.69599	7.98019	-87.55657	15.6769	0	0	0	0	0	0	0	0	0	0	0	0	0
59.70599	7.98019	-87.55657	15.6769	0	0	0	0	0	0	0	0	0	0	0	0	0
59.71598	7.98019	-87.55657	15.6769	0	0	0	0	0	0	0	0	0	0	0	0	0
59.72598	7.98019	-87.55657	15.6769	0	0	0	0	0	0	0	0	0	0	0	0	0
59.73598	7.98019	-87.55657	15.6769	0	0	0	0	0	0	0	0	0	0	0	0	0
59.74598	7.98019	-87.55657	15.6769	0	0	0	0	0	0	0	0	0	0	0	0	0
59.75598	7.98019	-87.55657	15.6769	0	0	0	0	0	0	0	0	0	0	0	0	0
59.76598	7.98019	-87.55657	15.6769	0	0	0	0	0	0	0	0	0	0	0	0	0
59.77597	7.98019	-87.55657	15.6769	0	0	0	0	0	0	0	0	0	0	0	0	0
59.78597	7.98019	-87.55657	15.6769	0	0	0	0	0	0	0	0	0	0	0	0	0
59.79597	8.045791	-87.54794	15.62662	0	0	0	0	0	0	0	8.109035	0.1573871	-0.5510617	0	0	0
59.80597	8.045791	-87.54794	15.62662	0	0	0	0	0	0	0	0.09260273	0.001797313	-0.006292958	0	0	0
59.81597	8.045791	-87.54794	15.62662	0	0	0	0	0	0	0	0.0005582136	1.083429E-05	-3.793425E-05	0	0	0
59.82597	8.045791	-87.54794	15.62662	0	0	0	0	0	0	0	6.37463E-06	1.237243E-07	-4.331976E-07	0	0	0
59.83596	8.048613	-87.53929	15.57305	0	0	0	0	0	0	0	0.4733336	1.453272	-8.984711	0	0	0
59.84596	8.048613	-87.53929	15.57305	0	0	0	0	0	0	0	0.003927199	0.01205764	-0.0745452	0	0	0
59.85596	8.048613	-87.53929	15.57305	0	0	0	0	0	0	0	3.258356E-05	0.000100041	-0.0006184937	0	0	0
59.86596	8.051435	-87.53061	15.51949	0	0	0	0	0	0	0	0.01025162	0.03155694	-0.194594	0	0	0
59.87596	8.054256	-87.52191	15.46592	0	0	0	0	0	0	0	0.09925133	0.3063083	-1.883966	0	0	0
59.88596	8.057078	-87.5132	15.41236	0	0	0	0	0	0	0	0.1870082	0.5786293	-3.549747	0	0	0
59.89595	8.057078	-87.5132	15.41236	0	0	0	0	0	0	0	0.001551587	0.004800826	-0.02945188	0	0	0
59.90595	8.128495	-87.48691	15.25503	0	0	0	0	0	0	0	2.563889	1.266317	-7.594537	0	0	0
59.91595	8.191447	-87.48691	15.25839	0	0	0	0	0	0	0	2.911418	0.03353371	-0.04894175	0	0	0
59.92595	8.257284	-87.4781	15.20823	0	0	0	0	0	0	0	0.3503257	0.03343568	-0.1847198	0	0	0
59.93595	8.326073	-87.46042	15.10456	0	0	0	0	0	0	0	0.7461842	0.3287677	-1.951419	0	0	0
59.94595	8.331889	-87.44266	14.99751	0	0	0	0	0	0	0	0.3957903	1.195753	-7.186888	0	0	0
59.95594	8.34352	-87.40686	14.78344	0	0	0	0	0	0	0	1.059331	3.276437	-19.49669	0	0	0
59.96594	8.421309	-87.36163	14.51938	0	0	0	0	0	0	0	3.573451	1.732476	-10.01673	0	0	0
59.97594	8.553761	-87.34338	14.41939	0	0	0	0	0	0	0	8.844365	0.6049573	-3.057194	0	0	0
59.98594	8.692412	-87.30663	14.21259	0	0	0	0	0	0	0	4.06689	1.148899	-6.444787	0	0	0
59.99594	8.88563	-87.29738	14.16998	0	0	0	0	0	0	0	3.283924	0.02002085	0.07322752	0	0	0
60.00594	8.949027	-87.29738	14.17365	0	0	0	0	0	0	0	0.3625407	0.0002286321	0.01971829	0	0	0
60.01593	8.949027	-87.29738	14.17365	0	0	0	0	0	0	0	0.002185413	1.378205E-06	0.0001188628	0	0	0
60.02593	8.949027	-87.29738	14.17365	0	0	0	0	0	0	0	2.495675E-05	1.573868E-08	1.357377E-06	0	0	0
60.03593	8.949027	-87.29738	14.17365	0	0	0	0	0	0	0	1.504087E-07	0	8.730335E-09	0	0	0
60.04593	8.949027	-87.29738	14.17365	0	0	0	0	0	0	0	0	0	0	0	0	0
60.05593	8.949027	-87.29738	14.17365	0	0	0	0	0	0	0	0	0	0	0	0	0
60.06593	8.95213	-87.28812	14.12019	0	0	0	0	0	0	0	0.03015517	0.09016115	-0.5195217	0	0	0
60.07592	8.95213	-87.28812	14.12019	0	0	0	0	0	0	0	0.0002501943	0.0007480576	-0.004310417	0	0	0
60.08592	8.95213	-87.28812	14.12019	0	0	0	0	0	0	0	2.857142E-06	8.542591E-06	-4.922365E-05	0	0	0
60.09592	8.95213	-87.28812	14.12019	0	0	0	0	0	0	0	2.370541E-08	7.087699E-08	-4.084035E-07	0	0	0
60.10592	8.95213	-87.28812	14.12019	0	0	0	0	0	0	0	2.707086E-10	8.093937E-10	-4.663844E-09	0	0	0
60.11592	8.95213	-87.28812	14.12019	0	0	0	0	0	0	0	0	0	0	0	0	0
60.12592	8.95213	-87.28812	14.12019	0	0	0	0	0	0	0	0	0	0	0	0	0
60.13591	8.955723	-87.33257	14.0583	0	0	0	0	0	0	0	0.0138292	-0.2417972	-0.2382533	0	0	0
60.14591	8.955723	-87.33257	14.0583	0	0	0	0	0	0	0	8.336306E-05	-0.001457565	-0.001436202	0	0	0
60.15591	8.955723	-87.33257	14.0583	0	0	0	0	0	0	0	3.650996E-07	-6.3836E-06	-6.290039E-06	0	0	0
60.16591	8.965029	-87.30458	13.89798	0	0	0	0	0	0	0	0.4958837	1.497017	-8.543223	0	0	0
60.17591	8.96813	-87.29521	13.84454	0	0	0	0	0	0	0	0.2737391	0.8283716	-4.716053	0	0	0
60.18591	8.971231	-87.28581	13.79111	0	0	0	0	0	0	0	0.2003191	0.6076449	-3.451153	0	0	0
60.1959	8.974332	-87.2764	13.73769	0	0	0	0	0	0	0	0.08203009	0.2494235	-1.413237	0	0	0
60.2059	8.980534	-87.25749	13.63085	0	0	0	0	0	0	0	0.7418386	2.266419	-12.7806	0	0	0
60.2159	9.044153	-87.25749	13.63455	0	0	0	0	0	0	0	2.19964	0.01366208	0.05128016	0	0	0
60.2259	9.047276	-87.24801	13.58114	0	0	0	0	0	0	0	0.002292852	0.003847064	-0.02158207	0	0	0
60.2359	9.050398	-87.2385	13.52773	0	0	0	0	0	0	0	0.01535746	0.04678433	-0.2625687	0	0	0
60.2459	9.050398	-87.2385	13.52773	0	0	0	0	0	0	0	0.0001274192	0.0003881647	-0.002178505	0	0	0
60.25589	9.056642	-87.21943	13.42092	0	0	0	0	0	0	0	0.8648905	2.648694	-14.79541	0	0	0
60.26589	9.062884	-87.20026	13.31413	0	0	0	0	0	0	0	0.03481373	0.1071175	-0.5955474	0	0	0
60.27589	9.069126	-87.18102	13.20735	0	0	0	0	0	0	0	0.4694654	1.451255	-8.030995	0	0	0
60.28589	9.072247	-87.17136	13.15397	0	0	0	0	0	0	0	0.1118962	0.3467108	-1.914173	0	0	0
60.29589	9.078486	-87.15198	13.04722	0	0	0	0	0	0	0	0.4320912	1.345068	-7.391647	0	0	0
60.30589	9.081607	-87.14225	12.99385	0	0	0	0	0	0	0	0.5114695	1.595857	-8.749546	0	0	0
60.31588	9.087846	-87.12274	12.88712	0	0	0	0	0	0	0	0.154009	0.4827521	-2.634583	0	0	0
60.32588	9.151771	-87.12274	12.89087	0	0	0	0	0	0	0	10.88576	0.004005344	0.6189031	0	0	0
60.33588	9.151771	-87.12274	12.89087	0	0	0	0	0	0	0	0.1243121	4.573981E-05	0.007067686	0	0	0
60.34588	9.158053	-87.10314	12.78416	0	0	0	0	0	0	0	0.4502803	1.405686	-7.636032	0	0	0
60.35588	9.158053	-87.10314	12.78416	0	0	0	0	0	0	0	0.008691921	0.02716027	-0.1475417	0	0	0
60.36588	9.164334	-87.08346	12.67747	0	0	0	0	0	0	0	0.4370692	1.372986	-7.424397	0	0	0
60.37587	9.164334	-87.08346	12.67747	0	0	0	0	0	0	0	0.01160692	0.03646138	-0.1971642	0	0	0
60.38587	9.167474	-87.07359	12.62413	0	0	0	0	0	0	0	0.0157718	0.0496578	-0.2679121	0	0	0
60.39587	9.170614	-87.06368	12.57079	0	0	0	0	0	0	0	0.07938467	0.2505134	-1.34849	0	0	0
60.40587	9.170614	-87.06368	12.57079	0	0	0	0	0	0	0	0.0006586463	0.002078484	-0.01118828	0	0	0
60.41587	9.23467	-87.06368	12.57457	0	0	0	0	0	0	0	0.3276619	2.373565E-05	0.01929622	0	0	0
60.42587	9.298723	-87.06368	12.57838	0	0	0	0	0	0	0	2.333514	1.969322E-07	0.1392971	0	0	0
60.43586	9.365981	-87.05376	12.52889	0	0	0	0	0	0	0	4.432482	0.6513522	-3.244172	0	0	0
60.44586	9.437017	-87.08762	12.41769	0	0	0	0	0	0	0	1.776886	0.05828313	-1.708171	0	0	0
60.45586	9.501648	-87.14137	12.41319	0	0	0	0	0	0	0	0.8648315	-0.5051388	-0.0343973	0	0	0
60.46586	9.566281	-87.19513	12.40873	0	0	0	0	0	0	0	0.09686366	-0.3836874	-0.05399182	0	0	0
60.47586	9.566794	-87.24889	12.40038	0	0	0	0	0	0	0	0.003405993	-0.2765583	-0.04286814	0	0	0
60.48586	9.634212	-87.23891	12.35101	0	0	0	0	0	0	0	6.248959	1.726311	-8.865602	0	0	0
60.49585	9.638019	-87.28267	12.28937	0	0	0	0	0	0	0	0.5143017	1.067226	-7.273003	0	0	0
60.50585	9.644603	-87.26259	12.18277	0	0	0	0	0	0	0	0.7828264	2.388563	-12.66692	0	0	0
60.51585	9.722069	-87.22218	11.9736	0	0	0	0	0	0	0	2.959117	4.068298	-21.25912	0	0	0
60.52585	9.854026	-87.21201	11.92837	0	0	0	0	0	0	0	3.018317	1.291129	-6.600341	0	0	0
60.53585	10.05093	-87.25561	11.87907	0	0	0	0	0	0	0	18.42951	-4.84755	-9.488841	0	0	0
60.54585	10.25092	-87.23518	11.78508	0	0	0	0	0	0	0	21.56756	3.112338	-15.06793	0	0	0
60.55584	10.44461	-87.28896	11.78956	0	0	0	0	0	0	0	9.097445	-0.7022257	0.4698915	0	0	0
60.56584	10.57336	-87.28896	11.7982	0	0	0	0	0	0	0	4.718132	-0.005826293	0.3175211	0	0	0
60.57584	10.57391	-87.34273	11.78994	0	0	0	0	0	0	0	0.07552502	-3.510087	-0.535974	0	0	0
60.58584	10.57807	-87.38626	11.72845	0	0	0	0	0	0	0	0.04885087	-3.363556	-0.7197871	0	0	0
60.59584	10.59411	-87.50642	11.49093	0	0	0	0	0	0	0	1.580111	-6.006796	-23.39548	0	0	0
60.60583	10.67473	-87.62627	11.25805	0	0	0	0	0	0	0	2.324854	-16.36539	-9.177555	0	0	0
60.61583	10.69083	-87.74579	11.02107	0	0	0	0	0	0	0	0.991311	-4.628194	-14.38034	0	0	0
60.62583	10.70692	-87.865	10.78435	0	0	0	0	0	0	0	2.158701	-5.852241	-31.76625	0	0	0
60.63583	10.71523	-87.95139	10.66213	0	0	0	0	0	0	0	0.277547	-6.500226	-4.084435	0	0	0
60.64583	10.78424	-87.99457	10.60548	0	0	0	0	0	0	0	7.438062	-1.340414	-0.2318126	0	0	0
60.65583	10.78841	-88.03772	10.54443	0	0	0	0	0	0	0	0.104706	-4.965926	-0.8768671	0	0	0
60.66582	10.8533	-88.03772	10.54888	0	0	0	0	0	0	0	0.4513686	-0.05670937	0.0209488	0	0	0
60.67582	10.91819	-88.03772	10.55336	0	0	0	0	0	0	0	3.166612	-0.0003418468	0.2190419	0	0	0
60.68582	10.91819	-88.03772	10.55336	0	0	0	0	0	0	0	0.03616175	-3.903786E-06	0.002501392	0	0	0
60.69582	10.91819	-88.03772	10.55336	0	0	0	0	0	0	0	0.0002179847	-2.367395E-08	1.507921E-05	0	0	0
60.70582	10.92554	-88.01629	10.44707	0	0	0	0	0	0	0	0.9087657	2.653059	-13.13406	0	0	0
60.71582	10.94392	-87.96235	10.18142	0	0	0	0	0	0	0	1.49972	4.424382	-21.67491	0	0	0
60.72581	10.95495	-87.92973	10.02208	0	0	0	0	0	0	0	0.604508	1.794536	-8.736737	0	0	0
60.73581	11.02744	-87.90786	9.920403	0	0	0	0	0	0	0	9.111845	0.6875755	-2.715487	0	0	0
60.74581	11.03483	-87.88592	9.814222	0	0	0	0	0	0	0	1.143297	2.68439	-12.94439	0	0	0
60.75581	11.04592	-87.85284	9.654984	0	0	0	0	0	0	0	0.3588894	1.063113	-5.101337	0	0	0
60.76581	11.18016	-87.84177	9.611055	0	0	0	0	0	0	0	8.062428	0.04648496	0.3441406	0	0	0
60.77581	11.24543	-87.84177	9.615666	0	0	0	0	0	0	0	3.318879	0.0005308441	0.2325692	0	0	0
60.7858	11.31449	-87.83067	9.567244	0	0	0	0	0	0	0	9.955262	1.978517	-8.793233	0	0	0
60.7958	11.31827	-87.81956	9.514189	0	0	0	0	0	0	0	1.151421	2.647776	-12.6091	0	0	0
60.8058	11.25671	-87.80843	9.456496	0	0	0	0	0	0	0	-5.723332	0.5508771	-3.040458	0	0	0
60.8158	11.26798	-87.77489	9.297367	0	0	0	0	0	0	0	1.021263	3.24888	-15.37384	0	0	0
60.8258	11.28301	-87.72987	9.085258	0	0	0	0	0	0	0	0.2047666	0.61716	-2.896156	0	0	0
60.8358	11.29428	-87.69588	8.926226	0	0	0	0	0	0	0	0.7929712	2.399591	-11.19319	0	0	0
60.84579	11.30554	-87.66169	8.767234	0	0	0	0	0	0	0	0.3131118	0.9531618	-4.419713	0	0	0
60.85579	11.32055	-87.61581	8.55531	0	0	0	0	0	0	0	1.665671	5.110777	-23.51169	0	0	0
60.86579	11.32806	-87.59274	8.449376	0	0	0	0	0	0	0	0.7680855	2.365992	-10.84187	0	0	0
60.87579	11.33556	-87.56957	8.343461	0	0	0	0	0	0	0	0.4223135	1.305987	-5.961144	0	0	0
60.88579	11.34307	-87.54633	8.237565	0	0	0	0	0	0	0	0.7361563	2.285429	-10.39118	0	0	0
60.89579	11.34682	-87.53468	8.184625	0	0	0	0	0	0	0	0.6947095	2.160954	-9.806134	0	0	0
60.90578	11.35807	-87.49958	8.02583	0	0	0	0	0	0	0	0.07888104	0.2467972	-1.113441	0	0	0
60.91578	11.36181	-87.48784	7.972908	0	0	0	0	0	0	0	0.07141364	0.2238657	-1.008035	0	0	0
60.92578	11.36556	-87.47607	7.919991	0	0	0	0	0	0	0	0.01982353	0.06226223	-0.2798179	0	0	0
60.93578	11.36931	-87.46429	7.867078	0	0	0	0	0	0	0	0.4713196	1.483184	-6.652886	0	0	0
60.94578	11.37306	-87.45248	7.814171	0	0	0	0	0	0	0	0.07702906	0.2428671	-1.0873	0	0	0
60.95578	11.38056	-87.4288	7.70837	0	0	0	0	0	0	0	0.3543161	1.121423	-5.00133	0	0	0
60.96577	11.39554	-87.38119	7.496826	0	0	0	0	0	0	0	1.051667	3.354042	-14.84475	0	0	0
60.97577	11.40303	-87.35725	7.391084	0	0	0	0	0	0	0	0.1561395	0.4998624	-2.203979	0	0	0
60.98577	11.41052	-87.33323	7.28536	0	0	0	0	0	0	0	0.2732937	0.8782316	-3.857662	0	0	0
60.99577	11.34802	-87.32118	7.227826	0	0	0	0	0	0	0	-2.121325	0.6054488	-2.817098	0	0	0
61.00577	11.35174	-87.30912	7.174975	0	0	0	0	0	0	0	0.1616562	0.5696486	-2.493845	0	0	0
61.01577	11.28546	-87.30912	7.170321	0	0	0	0	0	0	0	-2.395561	0.006505214	-0.1963402	0	0	0
61.02576	11.28546	-87.30912	7.170321	0	0	0	0	0	0	0	-0.07133105	0.0001937015	-0.005846296	0	0	0
61.03576	11.30026	-87.26064	6.958961	0	0	0	0	0	0	0	0.8590451	2.82656	-12.27745	0	0	0
61.04576	11.30026	-87.26064	6.958961	0	0	0	0	0	0	0	0.01350235	0.04442749	-0.1929753	0	0	0
61.05576	11.30396	-87.24847	6.906133	0	0	0	0	0	0	0	0.03635205	0.1197519	-0.5191828	0	0	0
61.06576	11.30766	-87.23627	6.85331	0	0	0	0	0	0	0	0.02529011	0.08346666	-0.361195	0	0	0
61.07576	11.31505	-87.21181	6.747679	0	0	0	0	0	0	0	0.4939049	1.636138	-7.05398	0	0	0
61.08575	11.31875	-87.19955	6.694871	0	0	0	0	0	0	0	0.2591386	0.8600305	-3.701035	0	0	0
61.09575	11.33723	-87.13793	6.430906	0	0	0	0	0	0	0	1.025579	3.435235	-14.64738	0	0	0
61.10575	11.34462	-87.11314	6.325356	0	0	0	0	0	0	0	0.1662282	0.5588367	-2.374081	0	0	0
61.11575	11.34832	-87.1007	6.272588	0	0	0	0	0	0	0	0.06943713	0.2338658	-0.9917055	0	0	0
61.12575	11.34832	-87.1007	6.272588	0	0	0	0	0	0	0	0.001502188	0.005059402	-0.02145434	0	0	0
61.13575	11.34832	-87.1007	6.272588	0	0	0	0	0	0	0	1.715453E-05	5.777683E-05	-0.0002450021	0	0	0
61.14574	11.41496	-87.1007	6.277268	0	0	0	0	0	0	0	3.152803	6.597939E-07	0.2220526	0	0	0
61.15574	11.41924	-87.14208	6.21664	0	0	0	0	0	0	0	0.08039988	-0.8165891	-0.8702575	0	0	0
61.16574	11.4341	-87.09205	6.005645	0	0	0	0	0	0	0	1.615555	5.457596	-22.93775	0	0	0
61.17574	11.43465	-87.14589	5.9978	0	0	0	0	0	0	0	0.02605238	-0.679565	-0.3698949	0	0	0
61.18574	11.50196	-87.19973	5.994693	0	0	0	0	0	0	0	0.6689928	-0.9617243	-0.0951028	0	0	0
61.19574	11.63659	-87.30743	5.988627	0	0	0	0	0	0	0	16.4336	-5.861513	0.3279124	0	0	0
61.20573	11.77068	-87.36127	5.990495	0	0	0	0	0	0	0	6.61235	-2.537698	0.1124712	0	0	0
61.21573	11.98707	-87.36475	5.786543	0	0	0	0	0	0	0	15.09726	1.121162	-11.92345	0	0	0
61.22573	12.26636	-87.32675	5.648405	0	0	0	0	0	0	0	17.484	3.474529	-13.24405	0	0	0
61.23573	12.61428	-87.39626	5.500569	0	0	0	0	0	0	0	26.11663	-5.618525	-9.425554	0	0	0
61.24573	12.82405	-87.42455	5.403289	0	0	0	0	0	0	0	20.99227	-4.530919	-1.828784	0	0	0
61.25573	13.1108	-87.53476	5.191234	0	0	0	0	0	0	0	17.26904	-13.57971	-15.9141	0	0	0
61.26572	13.25902	-87.60373	5.029126	0	0	0	0	0	0	0	19.34071	-1.917322	-10.21818	0	0	0
61.27572	13.41612	-87.64643	4.762141	0	0	0	0	0	0	0	9.388534	4.304056	-20.64757	0	0	0
61.28572	13.56433	-87.66103	4.608075	0	0	0	0	0	0	0	4.624423	1.806855	-8.123631	0	0	0
61.29572	13.86533	-87.62247	4.255491	0	0	0	0	0	0	0	23.80419	-3.910359	-33.65682	0	0	0
61.30572	14.01371	-87.58252	4.109476	0	0	0	0	0	0	0	8.00516	3.13038	-12.51761	0	0	0
61.31572	14.37887	-87.50206	3.82389	0	0	0	0	0	0	0	19.24017	1.807823	-5.4124	0	0	0
61.32571	14.67346	-87.4883	3.578224	0	0	0	0	0	0	0	22.6197	1.947994	-11.10768	0	0	0
61.33571	14.88145	-87.47472	3.544054	0	0	0	0	0	0	0	13.52781	0.6565515	-1.373703	0	0	0
61.34571	14.95464	-87.515	3.49038	0	0	0	0	0	0	0	9.081224	-0.1438918	0.578687	0	0	0
61.35571	14.88685	-87.515	3.484245	0	0	0	0	0	0	0	-4.359529	-0.001193855	-0.3956847	0	0	0
61.36571	14.89158	-87.50136	3.431858	0	0	0	0	0	0	0	0.1674956	0.6269129	-2.410984	0	0	0
61.37571	14.89631	-87.4877	3.379477	0	0	0	0	0	0	0	0.01823419	0.05302896	-0.2032221	0	0	0
61.3857	14.90104	-87.47402	3.327102	0	0	0	0	0	0	0	0.4288653	1.241485	-4.749528	0	0	0
61.3957	14.91522	-87.43286	3.170009	0	0	0	0	0	0	0	0.2132133	0.6203062	-2.361251	0	0	0
61.4057	14.92467	-87.40531	3.065309	0	0	0	0	0	0	0	0.5387218	1.572532	-5.966124	0	0	0
61.4157	14.92467	-87.40531	3.065309	0	0	0	0	0	0	0	0.004469718	0.01304713	-0.04950031	0	0	0
61.4257	14.9294	-87.3915	3.012967	0	0	0	0	0	0	0	0.09028615	0.2639832	-0.9998823	0	0	0
61.4357	14.92467	-87.40531	3.065309	0	0	0	0	0	0	0	-0.6261966	-1.827872	6.934872	0	0	0
61.44569	14.92467	-87.40531	3.065309	0	0	0	0	0	0	0	-0.01235502	-0.03606437	0.1368268	0	0	0
61.45569	14.92467	-87.40531	3.065309	0	0	0	0	0	0	0	-7.447663E-05	-0.0002173977	0.0008247984	0	0	0
61.46569	14.86612	-87.37767	2.954504	0	0	0	0	0	0	0	-3.828712	2.48008	-9.798445	0	0	0
61.47569	14.87082	-87.36382	2.902171	0	0	0	0	0	0	0	0.4056197	1.278361	-4.828732	0	0	0
61.48569	14.80279	-87.36382	2.89607	0	0	0	0	0	0	0	-0.6371888	0.0145985	-0.1125648	0	0	0
61.49569	14.80279	-87.36382	2.89607	0	0	0	0	0	0	0	-0.003841004	8.800043E-05	-0.0006785459	0	0	0
61.50568	14.80279	-87.36382	2.89607	0	0	0	0	0	0	0	-3.186841E-05	7.301304E-07	-5.629824E-06	0	0	0
61.51568	14.80279	-87.36382	2.89607	0	0	0	0	0	0	0	-2.644089E-07	6.057816E-09	-4.671006E-08	0	0	0
61.52568	14.73875	-87.29605	2.845085	0	0	0	0	0	0	0	-11.77262	3.855827	-5.361595	0	0	0
61.53568	14.73875	-87.29605	2.845085	0	0	0	0	0	0	0	-0.1850405	0.06060536	-0.08427282	0	0	0
61.54568	14.67533	-87.28216	2.786711	0	0	0	0	0	0	0	-0.8512014	0.1380091	-0.5979193	0	0	0
61.55568	14.67533	-87.28216	2.786711	0	0	0	0	0	0	0	-0.001429727	0.0002318081	-0.0010043	0	0	0
61.56567	14.6707	-87.29605	2.839038	0	0	0	0	0	0	0	-0.009032349	-0.02702543	0.1018718	0	0	0
61.57567	14.6066	-87.22826	2.788131	0	0	0	0	0	0	0	-2.697829	9.422364	-6.522671	0	0	0
61.58567	14.5523	-87.18645	2.62518	0	0	0	0	0	0	0	-0.9930661	2.545113	-8.89682	0	0	0
61.59567	14.41535	-87.13256	2.620731	0	0	0	0	0	0	0	-8.402468	0.08112806	-0.7307053	0	0	0
61.60567	14.41535	-87.13256	2.620731	0	0	0	0	0	0	0	-0.09595363	0.0009264578	-0.008344432	0	0	0
61.61567	14.41535	-87.13256	2.620731	0	0	0	0	0	0	0	-0.0007961172	7.686724E-06	-6.923288E-05	0	0	0
61.62566	14.41535	-87.13256	2.620731	0	0	0	0	0	0	0	-9.091417E-06	8.778005E-08	-7.906185E-07	0	0	0
61.63566	14.41535	-87.13256	2.620731	0	0	0	0	0	0	0	-5.480341E-08	0	-4.766874E-09	0	0	0
61.64566	14.4199	-87.11858	2.568419	0	0	0	0	0	0	0	0.2218809	0.6822102	-2.550903	0	0	0
61.65566	14.36467	-87.02263	2.413081	0	0	0	0	0	0	0	0.7580822	3.561643	-11.77742	0	0	0
61.66566	14.36467	-87.02263	2.413081	0	0	0	0	0	0	0	0.008657069	0.04067288	-0.1344946	0	0	0
61.67566	14.36467	-87.02263	2.413081	0	0	0	0	0	0	0	5.218522E-05	0.000245178	-0.0008107399	0	0	0
61.68565	14.36467	-87.02263	2.413081	0	0	0	0	0	0	0	3.14575E-07	1.477945E-06	-4.887178E-06	0	0	0
61.69565	14.36467	-87.02263	2.413081	0	0	0	0	0	0	0	4.822099E-09	1.687768E-08	-5.570364E-08	0	0	0
61.70565	14.36919	-87.00857	2.36079	0	0	0	0	0	0	0	0.6186467	1.923695	-7.146446	0	0	0
61.71565	14.24613	-86.96625	2.192179	0	0	0	0	0	0	0	-9.601001	2.064598	-8.512413	0	0	0
61.72565	14.18608	-86.88403	2.089301	0	0	0	0	0	0	0	-5.839662	3.954005	-8.179141	0	0	0
61.73565	14.12215	-86.86984	2.031218	0	0	0	0	0	0	0	-2.223705	0.7070337	-2.751141	0	0	0
61.74564	13.99855	-86.82714	1.862892	0	0	0	0	0	0	0	-16.66452	2.104984	-9.163669	0	0	0
61.75564	13.93009	-86.82714	1.85715	0	0	0	0	0	0	0	-1.341474	0.01746484	-0.1766405	0	0	0
61.76564	13.86163	-86.82714	1.851436	0	0	0	0	0	0	0	-0.9252924	0.0001449039	-0.07756837	0	0	0
61.77564	13.80182	-86.79856	1.741256	0	0	0	0	0	0	0	0.4170695	3.001388	-10.99762	0	0	0
61.78564	13.74192	-86.7699	1.63112	0	0	0	0	0	0	0	-1.809659	1.865064	-6.982399	0	0	0
61.79564	13.60907	-86.75553	1.567643	0	0	0	0	0	0	0	-8.801084	0.05038941	-0.9024586	0	0	0
61.80563	13.54472	-86.74115	1.509833	0	0	0	0	0	0	0	-0.5148105	0.02943628	-0.1492884	0	0	0
61.81563	13.54472	-86.74115	1.509833	0	0	0	0	0	0	0	-0.000456447	2.609912E-05	-0.0001323637	0	0	0
61.82563	13.47612	-86.74115	1.504278	0	0	0	0	0	0	0	-2.404763	8.304712E-08	-0.1942329	0	0	0
61.83563	13.40751	-86.74115	1.498751	0	0	0	0	0	0	0	-9.365402	5.006119E-10	-0.7525669	0	0	0
61.84563	13.3389	-86.74115	1.493252	0	0	0	0	0	0	0	-16.21112	0	-1.295953	0	0	0
61.85563	13.20167	-86.74115	1.482338	0	0	0	0	0	0	0	-16.93408	0	-1.339733	0	0	0
61.86562	13.13306	-86.74115	1.476924	0	0	0	0	0	0	0	-0.9359452	0	-0.0736597	0	0	0
61.87562	13.13306	-86.74115	1.476924	0	0	0	0	0	0	0	-0.01068821	0	-0.0008411714	0	0	0
61.88562	13.12895	-86.75553	1.529162	0	0	0	0	0	0	0	-0.1463553	-0.5113736	1.858507	0	0	0
61.89562	13.12835	-86.70165	1.536696	0	0	0	0	0	0	0	-0.02357558	2.024895	0.29955	0	0	0
61.90562	13.12424	-86.71601	1.58894	0	0	0	0	0	0	0	-0.104815	-0.3483828	1.331815	0	0	0
61.91562	13.1119	-86.75898	1.745707	0	0	0	0	0	0	0	-0.8450468	-2.935417	10.73745	0	0	0
61.92561	13.09897	-86.74786	1.910082	0	0	0	0	0	0	0	-0.7180945	0.2306163	9.124352	0	0	0
61.93561	13.09074	-86.77628	2.014657	0	0	0	0	0	0	0	-0.2519393	-0.8255336	3.201226	0	0	0
61.94561	13.07839	-86.81873	2.171563	0	0	0	0	0	0	0	-1.477488	-5.065406	18.77347	0	0	0
61.95561	13.07427	-86.83283	2.223876	0	0	0	0	0	0	0	-0.05704263	-0.1952812	0.724803	0	0	0
61.96561	13.06604	-86.86098	2.32852	0	0	0	0	0	0	0	-0.9265245	-3.161807	11.77273	0	0	0
61.97561	13.06132	-86.82114	2.388428	0	0	0	0	0	0	0	-1.014483	-2.732647	12.89037	0	0	0
61.9856	13.0566	-86.7813	2.448364	0	0	0	0	0	0	0	-0.2251129	5.954483	2.860361	0	0	0
61.9956	13.04364	-86.76936	2.613029	0	0	0	0	0	0	0	-0.954787	3.809881	12.13185	0	0	0
62.0056	13.02304	-86.83883	2.87488	0	0	0	0	0	0	0	-1.582926	-5.271364	20.1132	0	0	0
62.0156	13.00594	-86.84015	3.092106	0	0	0	0	0	0	0	-1.559618	-3.248682	19.81704	0	0	0
62.0256	12.99769	-86.86761	3.19693	0	0	0	0	0	0	0	-0.09386179	-0.2812818	1.19264	0	0	0
62.03559	12.9841	-86.80093	3.369562	0	0	0	0	0	0	0	-1.053247	4.698807	13.38292	0	0	0
62.04559	12.97051	-86.73405	3.542331	0	0	0	0	0	0	0	-1.840023	8.878836	23.37995	0	0	0
62.05559	12.94803	-86.64015	3.82798	0	0	0	0	0	0	0	-1.8136	4.392458	23.04421	0	0	0
62.06559	12.85326	-86.50527	4.169057	0	0	0	0	0	0	0	-17.05015	4.106149	18.08125	0	0	0
62.07559	12.82136	-86.32906	4.576532	0	0	0	0	0	0	0	-1.536856	15.14343	17.97816	0	0	0
62.08559	12.79889	-86.23334	4.863467	0	0	0	0	0	0	0	-1.147015	0.5761329	14.63769	0	0	0
62.09558	12.79351	-86.13882	4.932232	0	0	0	0	0	0	0	-0.5516821	0.05976466	7.046792	0	0	0
62.10558	12.78812	-86.04428	5.00109	0	0	0	0	0	0	0	-0.04521939	0.828972	0.5776085	0	0	0
62.11558	12.78748	-85.99049	5.009259	0	0	0	0	0	0	0	-0.1078999	9.01604	1.378258	0	0	0
62.12558	12.78684	-85.93671	5.01745	0	0	0	0	0	0	0	-0.03109009	2.603992	0.3971289	0	0	0
62.13558	12.7862	-85.88292	5.025663	0	0	0	0	0	0	0	-0.03062211	2.55801	0.3911512	0	0	0
62.14558	12.78555	-85.82914	5.033898	0	0	0	0	0	0	0	-0.0002547443	0.02122221	0.003253973	0	0	0
62.15557	12.78079	-85.7884	5.094745	0	0	0	0	0	0	0	-0.2060734	12.42939	2.632277	0	0	0