77.67818	12.31251	-86.45144	4.135572	0	0	0	0	0	0	0	0.0001198297	0.0004060905	-0.001598194	0	0	0
77.68819	12.31251	-86.45144	4.135572	0	0	0	0	0	0	0	3.568092E-06	1.209189E-05	-4.758837E-05	0	0	0
77.69819	12.31251	-86.45144	4.135572	0	0	0	0	0	0	0	4.074653E-08	1.380858E-07	-5.434448E-07	0	0	0
77.70819	12.31251	-86.45144	4.135572	0	0	0	0	0	0	0	4.65313E-10	1.576897E-09	-6.205974E-09	0	0	0
77.71819	12.31251	-86.45144	4.135572	0	0	0	0	0	0	0	0	0	0	0	0	0
77.7282	12.31251	-86.45144	4.135572	0	0	0	0	0	0	0	0	0	0	0	0	0
77.7382	12.31251	-86.45144	4.135572	0	0	0	0	0	0	0	0	0	0	0	0	0
77.7482	12.31251	-86.45144	4.135572	0	0	0	0	0	0	0	0	0	0	0	0	0
77.7582	12.31251	-86.45144	4.135572	0	0	0	0	0	0	0	0	0	0	0	0	0
77.7682	12.31251	-86.45144	4.135572	0	0	0	0	0	0	0	0	0	0	0	0	0
77.77821	12.31251	-86.45144	4.135572	0	0	0	0	0	0	0	0	0	0	0	0	0
77.78821	12.31251	-86.45144	4.135572	0	0	0	0	0	0	0	0	0	0	0	0	0
77.79821	12.31251	-86.45144	4.135572	0	0	0	0	0	0	0	0	0	0	0	0	0
77.80821	12.31251	-86.45144	4.135572	0	0	0	0	0	0	0	0	0	0	0	0	0
77.81821	12.31251	-86.45144	4.135572	0	0	0	0	0	0	0	0	0	0	0	0	0
77.82822	12.31251	-86.45144	4.135572	0	0	0	0	0	0	0	0	0	0	0	0	0
77.83822	12.31251	-86.45144	4.135572	0	0	0	0	0	0	0	0	0	0	0	0	0
77.84822	12.31251	-86.45144	4.135572	0	0	0	0	0	0	0	0	0	0	0	0	0
77.85822	12.31251	-86.45144	4.135572	0	0	0	0	0	0	0	0	0	0	0	0	0
77.86823	12.31251	-86.45144	4.135572	0	0	0	0	0	0	0	0	0	0	0	0	0
77.87823	12.3131	-86.50527	4.127664	0	0	0	0	0	0	0	0.01160627	-1.055113	-0.1547952	0	0	0
77.88823	12.30916	-86.51861	4.180192	0	0	0	0	0	0	0	-0.1403698	-0.4774147	1.872141	0	0	0
77.89823	12.30916	-86.51861	4.180192	0	0	0	0	0	0	0	-0.001602981	-0.005451931	0.02137928	0	0	0
77.90823	12.30916	-86.51861	4.180192	0	0	0	0	0	0	0	-9.662843E-06	-3.28645E-05	0.0001288753	0	0	0
77.91824	12.30975	-86.57244	4.172306	0	0	0	0	0	0	0	0.02815261	-2.566604	-0.3754771	0	0	0
77.92824	12.30975	-86.57244	4.172306	0	0	0	0	0	0	0	0.0001697053	-0.01547161	-0.002263394	0	0	0
77.93824	12.31034	-86.62627	4.164441	0	0	0	0	0	0	0	0.005682034	-0.5194908	-0.07578245	0	0	0
77.94824	12.37845	-86.68011	4.161674	0	0	0	0	0	0	0	11.20236	-7.385352	-0.2358011	0	0	0
77.95824	12.37449	-86.69343	4.214208	0	0	0	0	0	0	0	-0.05385192	-0.2741632	0.9633969	0	0	0
77.96825	12.37449	-86.69343	4.214208	0	0	0	0	0	0	0	-0.0006149726	-0.00313086	0.0110017	0	0	0
77.97825	12.37449	-86.69343	4.214208	0	0	0	0	0	0	0	-3.707084E-06	-1.887297E-05	6.631877E-05	0	0	0
77.98825	12.37449	-86.69343	4.214208	0	0	0	0	0	0	0	-5.826745E-08	-2.966428E-07	1.042389E-06	0	0	0
77.99825	12.37449	-86.69343	4.214208	0	0	0	0	0	0	0	-1.23892E-09	-4.161381E-09	1.64331E-08	0	0	0
78.00826	12.44257	-86.74727	4.211489	0	0	0	0	0	0	0	0.3842979	-3.548836	-0.488543	0	0	0
78.01826	12.44257	-86.74727	4.211489	0	0	0	0	0	0	0	0.004388565	-0.04052663	-0.005579013	0	0	0
78.02826	12.44257	-86.74727	4.211489	0	0	0	0	0	0	0	2.645448E-05	-0.0002442965	-3.363055E-05	0	0	0
78.03826	12.44257	-86.74727	4.211489	0	0	0	0	0	0	0	3.021021E-07	-2.789792E-06	-3.840507E-07	0	0	0
78.04826	12.44257	-86.74727	4.211489	0	0	0	0	0	0	0	1.848973E-10	-1.6817E-08	-2.439108E-09	0	0	0
78.05827	12.44257	-86.74727	4.211489	0	0	0	0	0	0	0	0	0	0	0	0	0
78.06827	12.44257	-86.74727	4.211489	0	0	0	0	0	0	0	0	0	0	0	0	0
78.07827	12.44257	-86.74727	4.211489	0	0	0	0	0	0	0	0	0	0	0	0	0
78.08827	12.44257	-86.74727	4.211489	0	0	0	0	0	0	0	0	0	0	0	0	0
78.09827	12.44257	-86.74727	4.211489	0	0	0	0	0	0	0	0	0	0	0	0	0
78.10828	12.44316	-86.80112	4.203691	0	0	0	0	0	0	0	0.0286391	-2.612299	-0.3777981	0	0	0
78.11828	12.44316	-86.80112	4.203691	0	0	0	0	0	0	0	0.0001726378	-0.01574706	-0.002277385	0	0	0
78.12828	12.44375	-86.85497	4.195914	0	0	0	0	0	0	0	0.004234269	-0.387339	-0.05585716	0	0	0
78.13828	12.44375	-86.85497	4.195914	0	0	0	0	0	0	0	2.552437E-05	-0.002334898	-0.0003367096	0	0	0
78.14828	12.44375	-86.85497	4.195914	0	0	0	0	0	0	0	2.914806E-07	-2.666383E-05	-3.845122E-06	0	0	0
78.15829	12.44434	-86.90881	4.18816	0	0	0	0	0	0	0	0.03750244	-3.440527	-0.4947205	0	0	0
78.16829	12.44434	-86.90881	4.18816	0	0	0	0	0	0	0	0.0004282665	-0.03928978	-0.005649558	0	0	0
78.17829	12.44434	-86.90881	4.18816	0	0	0	0	0	0	0	2.58161E-06	-0.0002368406	-3.405581E-05	0	0	0
78.18829	12.44434	-86.90881	4.18816	0	0	0	0	0	0	0	2.141935E-08	-1.965042E-06	-2.825575E-07	0	0	0
78.1983	12.44434	-86.90881	4.18816	0	0	0	0	0	0	0	3.597718E-11	-3.300598E-09	-4.745999E-10	0	0	0
78.2083	12.44434	-86.90881	4.18816	0	0	0	0	0	0	0	0	0	0	0	0	0
78.2183	12.44434	-86.90881	4.18816	0	0	0	0	0	0	0	0	0	0	0	0	0
78.2283	12.44434	-86.90881	4.18816	0	0	0	0	0	0	0	0	0	0	0	0	0
78.2383	12.44434	-86.90881	4.18816	0	0	0	0	0	0	0	0	0	0	0	0	0
78.24831	12.44434	-86.90881	4.18816	0	0	0	0	0	0	0	0	0	0	0	0	0
78.25831	12.37683	-86.90881	4.183056	0	0	0	0	0	0	0	-1.182516	0	-0.08915191	0	0	0
78.26831	12.38079	-86.8955	4.130524	0	0	0	0	0	0	0	0.0282466	0.1280615	-0.5055822	0	0	0
78.27831	12.3172	-86.88216	4.072917	0	0	0	0	0	0	0	-15.04508	3.158165	-13.62708	0	0	0
78.28831	12.3172	-86.88216	4.072917	0	0	0	0	0	0	0	-0.09069242	0.01903757	-0.08214466	0	0	0
78.29832	12.3172	-86.88216	4.072917	0	0	0	0	0	0	0	-0.001425491	0.00029923	-0.001291139	0	0	0
78.30832	12.3172	-86.88216	4.072917	0	0	0	0	0	0	0	-2.240568E-05	4.703256E-06	-2.029394E-05	0	0	0
78.31832	12.3172	-86.88216	4.072917	0	0	0	0	0	0	0	-2.55866E-07	5.370975E-08	-2.317507E-07	0	0	0
78.32832	12.3172	-86.88216	4.072917	0	0	0	0	0	0	0	-2.921912E-09	6.133491E-10	-2.646522E-09	0	0	0
78.33833	12.3172	-86.88216	4.072917	0	0	0	0	0	0	0	0	0	0	0	0	0
78.34833	12.24965	-86.88216	4.067867	0	0	0	0	0	0	0	-3.266268	0	-0.2435484	0	0	0
78.35833	12.24965	-86.88216	4.067867	0	0	0	0	0	0	0	-0.01430505	0	-0.001066652	0	0	0
78.36833	12.24965	-86.88216	4.067867	0	0	0	0	0	0	0	-0.0001633594	0	-1.218085E-05	0	0	0
78.37833	12.25299	-86.81496	4.023097	0	0	0	0	0	0	0	0.6630237	2.471283	-8.89194	0	0	0
78.38834	12.18542	-86.81496	4.018072	0	0	0	0	0	0	0	-2.28735	0.0534632	-0.3630398	0	0	0
78.39834	12.18542	-86.81496	4.018072	0	0	0	0	0	0	0	-0.06810893	0.001591939	-0.01081	0	0	0
78.40834	12.18542	-86.81496	4.018072	0	0	0	0	0	0	0	-0.0002982921	6.972108E-06	-4.734383E-05	0	0	0
78.41834	12.18542	-86.81496	4.018072	0	0	0	0	0	0	0	-4.688514E-06	1.095866E-07	-7.441438E-07	0	0	0
78.42834	12.18542	-86.81496	4.018072	0	0	0	0	0	0	0	-2.053356E-08	4.409647E-10	-3.264699E-09	0	0	0
78.43835	12.18542	-86.81496	4.018072	0	0	0	0	0	0	0	0	0	0	0	0	0
78.44835	12.18095	-86.77447	4.078377	0	0	0	0	0	0	0	-0.4072613	12.1922	5.492305	0	0	0
78.45835	12.18095	-86.77447	4.078377	0	0	0	0	0	0	0	-0.008810603	0.2637635	0.1188193	0	0	0
78.46835	12.18037	-86.72062	4.086176	0	0	0	0	0	0	0	-0.09729519	9.040972	1.312118	0	0	0
78.47836	12.18037	-86.72062	4.086176	0	0	0	0	0	0	0	-0.001529273	0.1421048	0.02062369	0	0	0
78.48836	12.17979	-86.66678	4.093997	0	0	0	0	0	0	0	-0.01409915	1.30706	0.1901404	0	0	0
78.49836	12.17979	-86.66678	4.093997	0	0	0	0	0	0	0	-0.0001169792	0.01084454	0.001577575	0	0	0
78.50836	12.17979	-86.66678	4.093997	0	0	0	0	0	0	0	-1.838661E-06	0.000170453	2.479608E-05	0	0	0
78.51836	12.17979	-86.66678	4.093997	0	0	0	0	0	0	0	-8.052659E-09	7.465215E-07	1.085977E-07	0	0	0
78.52837	12.17979	-86.66678	4.093997	0	0	0	0	0	0	0	-1.265706E-10	1.173372E-08	1.706924E-09	0	0	0
78.53837	12.17979	-86.66678	4.093997	0	0	0	0	0	0	0	0	0	0	0	0	0
78.54837	12.17979	-86.66678	4.093997	0	0	0	0	0	0	0	0	0	0	0	0	0
78.55837	12.17979	-86.66678	4.093997	0	0	0	0	0	0	0	0	0	0	0	0	0
78.56837	12.17979	-86.66678	4.093997	0	0	0	0	0	0	0	0	0	0	0	0	0
78.57838	12.17979	-86.66678	4.093997	0	0	0	0	0	0	0	0	0	0	0	0	0
78.58838	12.17979	-86.66678	4.093997	0	0	0	0	0	0	0	0	0	0	0	0	0
78.59838	12.17979	-86.66678	4.093997	0	0	0	0	0	0	0	0	0	0	0	0	0
78.60838	12.17979	-86.66678	4.093997	0	0	0	0	0	0	0	0	0	0	0	0	0
78.61839	12.11612	-86.65342	4.036475	0	0	0	0	0	0	0	-0.5506986	1.229717	-4.898677	0	0	0
78.62839	12.11554	-86.59958	4.044318	0	0	0	0	0	0	0	-0.006697289	0.2080659	-0.01177719	0	0	0
78.63839	12.11554	-86.59958	4.044318	0	0	0	0	0	0	0	-0.0001052671	0.003270352	-0.0001851123	0	0	0
78.64839	12.11554	-86.59958	4.044318	0	0	0	0	0	0	0	-2.277325E-06	7.075009E-05	-4.00468E-06	0	0	0
78.65839	12.11554	-86.59958	4.044318	0	0	0	0	0	0	0	-1.889473E-08	5.870061E-07	-3.322641E-08	0	0	0
78.6684	12.12329	-86.5728	3.939277	0	0	0	0	0	0	0	0.7274402	2.519332	-9.865226	0	0	0
78.6784	12.12329	-86.5728	3.939277	0	0	0	0	0	0	0	0.002314707	0.008016489	-0.03139104	0	0	0
78.6884	12.12329	-86.5728	3.939277	0	0	0	0	0	0	0	3.638225E-05	0.0001260021	-0.0004934002	0	0	0
78.6984	12.12716	-86.55938	3.886765	0	0	0	0	0	0	0	0.3708326	1.286487	-5.02907	0	0	0
78.7084	12.12716	-86.55938	3.886765	0	0	0	0	0	0	0	0.005828697	0.02022083	-0.07904624	0	0	0
78.71841	12.13103	-86.54594	3.834259	0	0	0	0	0	0	0	0.509752	1.771433	-6.913034	0	0	0
78.72841	12.13103	-86.54594	3.834259	0	0	0	0	0	0	0	0.01004913	0.03492162	-0.136282	0	0	0
78.73841	12.13103	-86.54594	3.834259	0	0	0	0	0	0	0	0.000114758	0.0003987943	-0.001556299	0	0	0
78.74841	12.13103	-86.54594	3.834259	0	0	0	0	0	0	0	6.91767E-07	2.403951E-06	-9.381441E-06	0	0	0
78.75842	12.13103	-86.54594	3.834259	0	0	0	0	0	0	0	5.739518E-09	1.994533E-08	-7.783684E-08	0	0	0
78.76842	12.13103	-86.54594	3.834259	0	0	0	0	0	0	0	0	0	0	0	0	0
78.77842	12.06338	-86.54594	3.829284	0	0	0	0	0	0	0	-0.4936504	0	-0.03619661	0	0	0
78.78842	12.06723	-86.53247	3.776782	0	0	0	0	0	0	0	0.08126603	0.3359436	-1.309917	0	0	0
78.79842	11.99956	-86.53247	3.771833	0	0	0	0	0	0	0	-0.3363849	0.002787289	-0.03544351	0	0	0
78.80843	11.99956	-86.53247	3.771833	0	0	0	0	0	0	0	-0.003841414	3.182999E-05	-0.0004047542	0	0	0
78.81843	11.93188	-86.53247	3.766913	0	0	0	0	0	0	0	-0.6553767	1.918727E-07	-0.047514	0	0	0
78.82843	11.93188	-86.53247	3.766913	0	0	0	0	0	0	0	-0.01030112	3.015829E-09	-0.0007468187	0	0	0
78.83843	11.93188	-86.53247	3.766913	0	0	0	0	0	0	0	-0.0001619117	0	-1.173821E-05	0	0	0
78.84843	11.93569	-86.51899	3.714413	0	0	0	0	0	0	0	0.3497498	1.240298	-4.824319	0	0	0
78.85844	11.93569	-86.51899	3.714413	0	0	0	0	0	0	0	0.002901837	0.01029062	-0.04002687	0	0	0
78.86844	11.86799	-86.51899	3.709519	0	0	0	0	0	0	0	-4.27694	8.538023E-05	-0.308634	0	0	0
78.87844	11.86799	-86.51899	3.709519	0	0	0	0	0	0	0	-0.06722437	1.341995E-06	-0.004851067	0	0	0
78.88844	11.73633	-86.50548	3.647315	0	0	0	0	0	0	0	-16.60811	1.704129	-7.83489	0	0	0
78.89845	11.67232	-86.49195	3.590007	0	0	0	0	0	0	0	-4.348396	0.9045083	-3.832409	0	0	0
78.90845	11.46906	-86.49195	3.575733	0	0	0	0	0	0	0	-18.88383	0.01032921	-1.354647	0	0	0
78.91845	11.33716	-86.4784	3.513859	0	0	0	0	0	0	0	-18.60269	1.228253	-6.056505	0	0	0
78.92845	11.13735	-86.46483	3.447503	0	0	0	0	0	0	0	-9.676404	0.1038844	-1.056858	0	0	0
78.93845	10.80517	-86.43762	3.319962	0	0	0	0	0	0	0	-26.86352	1.347253	-6.971197	0	0	0
78.94846	10.53706	-86.42398	3.24992	0	0	0	0	0	0	0	-22.68832	0.5071957	-3.406794	0	0	0
78.95846	10.20408	-86.39664	3.123623	0	0	0	0	0	0	0	-29.49028	3.378871	-14.82507	0	0	0
78.96846	9.867486	-86.38295	3.050503	0	0	0	0	0	0	0	-26.33649	0.3823368	-3.040955	0	0	0
78.97846	9.601683	-86.35548	2.929524	0	0	0	0	0	0	0	-9.788795	0.5558046	-2.696085	0	0	0
78.98846	9.335505	-86.32793	2.808995	0	0	0	0	0	0	0	-22.82581	3.338976	-14.02693	0	0	0
78.99847	9.134182	-86.31413	2.74513	0	0	0	0	0	0	0	-16.1569	1.919881	-8.203726	0	0	0
79.00847	8.864592	-86.30029	2.677856	0	0	0	0	0	0	0	-23.12298	0.5167676	-3.202104	0	0	0
79.01847	8.597525	-86.27258	2.55856	0	0	0	0	0	0	0	-16.7608	2.898386	-11.85218	0	0	0
79.02847	8.395655	-86.25868	2.495615	0	0	0	0	0	0	0	-8.103551	1.81506	-7.276346	0	0	0
79.03848	8.193642	-86.24477	2.432921	0	0	0	0	0	0	0	-10.25834	0.1525724	-1.082775	0	0	0
79.04848	8.1258	-86.2986	2.421711	0	0	0	0	0	0	0	-0.4145127	-0.7166877	-0.1285762	0	0	0
79.05848	8.1258	-86.2986	2.421711	0	0	0	0	0	0	0	-0.002498702	-0.004320228	-0.0007750633	0	0	0
79.06848	8.1258	-86.2986	2.421711	0	0	0	0	0	0	0	-2.853442E-05	-4.933569E-05	-8.850988E-06	0	0	0
79.07848	8.194029	-86.2986	2.425066	0	0	0	0	0	0	0	0.1376249	-6.028372E-08	0.006796452	0	0	0
79.08849	8.19662	-86.28467	2.372609	0	0	0	0	0	0	0	0.06712297	0.3529264	-1.327294	0	0	0
79.09849	8.19662	-86.28467	2.372609	0	0	0	0	0	0	0	0.0005569123	0.002928193	-0.01101242	0	0	0
79.10849	8.19921	-86.27071	2.320158	0	0	0	0	0	0	0	0.01813493	0.09779824	-0.3672201	0	0	0
79.11849	8.19921	-86.27071	2.320158	0	0	0	0	0	0	0	0.0001093173	0.0005895324	-0.00221362	0	0	0
79.12849	8.2018	-86.25673	2.267712	0	0	0	0	0	0	0	0.01323027	0.07146599	-0.2679063	0	0	0
79.1385	8.209568	-86.21467	2.11041	0	0	0	0	0	0	0	0.1977057	1.073197	-4.003439	0	0	0
79.1485	8.219922	-86.15828	1.900753	0	0	0	0	0	0	0	0.5306762	2.899448	-10.74592	0	0	0
79.1585	8.238029	-86.05878	1.534076	0	0	0	0	0	0	0	1.035963	5.724488	-20.97773	0	0	0
79.1685	8.25354	-85.97266	1.220008	0	0	0	0	0	0	0	0.2065927	1.152591	-4.183397	0	0	0
79.1785	8.333073	-85.96867	1.006325	0	0	0	0	0	0	0	0.2989739	0.2344543	-2.244264	0	0	0
79.18851	8.405293	-86.06185	0.9418674	0	0	0	0	0	0	0	3.311108	-2.504364	-0.9177251	0	0	0
79.19851	8.407919	-86.04732	0.8895748	0	0	0	0	0	0	0	0.6553066	3.392353	-12.30888	0	0	0
79.20851	8.410543	-86.03276	0.8372881	0	0	0	0	0	0	0	0.4556282	2.526258	-9.068577	0	0	0
79.21851	8.415793	-86.00359	0.7327326	0	0	0	0	0	0	0	0.09952078	0.5539578	-1.982103	0	0	0
79.22852	8.426289	-85.94498	0.5236928	0	0	0	0	0	0	0	0.5972338	3.345388	-11.8951	0	0	0
79.23852	8.508911	-85.92509	0.2582454	0	0	0	0	0	0	0	9.913729	-6.431208	-9.731982	0	0	0
79.24852	8.519482	-85.86572	0.04942608	0	0	0	0	0	0	0	0.8050418	2.409194	-8.943218	0	0	0
79.25852	8.59135	-85.85082	0.0007548913	0	0	0	0	0	0	0	4.478241	0.1220408	-0.2029012	0	0	0
79.26852	8.591744	-85.90468	-0.006989937	0	0	0	0	0	0	0	0.1007691	-0.5272663	-0.08048452	0	0	0
79.27853	8.591744	-85.90468	-0.006989937	0	0	0	0	0	0	0	0.0006074409	-0.003178386	-0.0004851645	0	0	0
79.28853	8.591744	-85.90468	-0.006989937	0	0	0	0	0	0	0	6.936791E-06	-3.629621E-05	-5.540432E-06	0	0	0
79.29853	8.591744	-85.90468	-0.006989937	0	0	0	0	0	0	0	4.18153E-08	-2.187952E-07	-3.339798E-08	0	0	0
79.30853	8.591744	-85.90468	-0.006989937	0	0	0	0	0	0	0	1.840286E-11	-2.511173E-09	-3.606077E-10	0	0	0
79.31853	8.594408	-85.88976	-0.05917249	0	0	0	0	0	0	0	0.6360607	3.565887	-12.46374	0	0	0
79.32854	8.594408	-85.88976	-0.05917249	0	0	0	0	0	0	0	0.003834204	0.02149534	-0.075132	0	0	0
79.33854	8.594408	-85.88976	-0.05917249	0	0	0	0	0	0	0	3.220982E-10	1.805749E-09	-6.311579E-09	0	0	0
79.34854	8.594408	-85.88976	-0.05917249	0	0	0	0	0	0	0	0	0	0	0	0	0
79.35854	8.594408	-85.88976	-0.05917249	0	0	0	0	0	0	0	0	0	0	0	0	0
79.36855	8.594408	-85.88976	-0.05917249	0	0	0	0	0	0	0	0	0	0	0	0	0
79.37855	8.525157	-85.88976	-0.06269226	0	0	0	0	0	0	0	-6.252197	0	-0.3164902	0	0	0
79.38855	8.525157	-85.88976	-0.06269226	0	0	0	0	0	0	0	-0.001544613	0	-7.818929E-05	0	0	0
79.39855	8.525157	-85.88976	-0.06269226	0	0	0	0	0	0	0	-1.281549E-05	0	-6.487284E-07	0	0	0
79.40855	8.525157	-85.88976	-0.06269226	0	0	0	0	0	0	0	-2.96275E-08	0	-1.499763E-09	0	0	0
79.41856	8.455906	-85.88976	-0.06618356	0	0	0	0	0	0	0	-1.723588	0	-0.08653859	0	0	0
79.42856	8.386652	-85.88976	-0.06964638	0	0	0	0	0	0	0	-1.292762	0	-0.0643746	0	0	0
79.43856	8.250697	-85.87482	-0.1286684	0	0	0	0	0	0	0	-9.682126	1.922135	-7.198962	0	0	0
79.44856	8.112138	-85.87482	-0.1353968	0	0	0	0	0	0	0	-11.43299	0.00322853	-0.5617637	0	0	0
79.45856	8.042856	-85.87482	-0.1387183	0	0	0	0	0	0	0	-3.43885	5.422825E-06	-0.1641735	0	0	0
79.46857	7.904289	-85.87482	-0.1452757	0	0	0	0	0	0	0	-12.08779	9.108491E-09	-0.5670509	0	0	0
79.47857	7.835003	-85.87482	-0.1485117	0	0	0	0	0	0	0	-0.5067024	0	-0.02356112	0	0	0
79.48857	7.227	-85.76965	-0.5415588	0	0	0	0	0	0	0	-2.205029	2.005517	-7.034004	0	0	0
79.49857	7.229232	-85.75454	-0.5937065	0	0	0	0	0	0	0	0.1461619	1.001367	-3.453472	0	0	0
79.50858	7.229232	-85.75454	-0.5937065	0	0	0	0	0	0	0	0.0004650856	0.003186338	-0.01098891	0	0	0
79.51858	7.229232	-85.75454	-0.5937065	0	0	0	0	0	0	0	1.479898E-06	1.013889E-05	-3.49666E-05	0	0	0
79.52858	7.161972	-85.73941	-0.6488073	0	0	0	0	0	0	0	-0.07539044	1.895324	-6.541464	0	0	0
79.53858	7.025473	-85.77811	-0.7145045	0	0	0	0	0	0	0	-9.694713	-8.185902	-3.472001	0	0	0
79.54858	7.027639	-85.76294	-0.7666364	0	0	0	0	0	0	0	0.002073929	0.0287457	-0.1017307	0	0	0
79.55859	7.027959	-85.8168	-0.7743407	0	0	0	0	0	0	0	0.003013264	-0.5073428	-0.07255865	0	0	0
79.56859	7.026112	-85.88584	-0.7298911	0	0	0	0	0	0	0	-0.003882831	-0.7508836	0.09343825	0	0	0
79.57859	7.026112	-85.88584	-0.7298911	0	0	0	0	0	0	0	-4.434068E-05	-0.008574864	0.001067036	0	0	0
79.58859	7.026112	-85.88584	-0.7298911	0	0	0	0	0	0	0	-2.672877E-07	-5.168968E-05	6.432146E-06	0	0	0
79.59859	7.026112	-85.88584	-0.7298911	0	0	0	0	0	0	0	-5.782445E-09	-1.118243E-06	1.391517E-07	0	0	0
79.6086	7.028278	-85.87067	-0.782023	0	0	0	0	0	0	0	0.003092788	0.02167868	-0.07442641	0	0	0
79.6186	7.028278	-85.87067	-0.782023	0	0	0	0	0	0	0	6.69087E-05	0.000468992	-0.001610125	0	0	0
79.6286	7.100012	-85.85547	-0.8312435	0	0	0	0	0	0	0	1.060736	0.7340801	-2.476265	0	0	0
79.6386	7.100012	-85.85547	-0.8312435	0	0	0	0	0	0	0	0.04347281	0.03008527	-0.1014863	0	0	0
79.64861	7.100334	-85.90934	-0.8389038	0	0	0	0	0	0	0	0.02134963	-3.559323	-0.5057521	0	0	0
79.65861	7.100334	-85.90934	-0.8389038	0	0	0	0	0	0	0	0.0004618734	-0.07700162	-0.01094133	0	0	0
79.66861	7.102521	-85.89413	-0.8910224	0	0	0	0	0	0	0	0.3011223	2.09611	-7.175234	0	0	0
79.67861	7.03726	-85.86362	-0.9981491	0	0	0	0	0	0	0	-16.25846	4.341669	-15.51682	0	0	0
79.68861	6.974053	-85.81773	-1.157315	0	0	0	0	0	0	0	-9.072656	2.537875	-9.009218	0	0	0
79.69862	6.978339	-85.78702	-1.261475	0	0	0	0	0	0	0	0.128582	4.391504	-14.89336	0	0	0
79.70862	6.912836	-85.75623	-1.368467	0	0	0	0	0	0	0	-1.560463	1.208257	-4.150356	0	0	0
79.71862	6.917076	-85.72535	-1.472578	0	0	0	0	0	0	0	0.2079206	1.66011	-5.589899	0	0	0
79.72862	6.917076	-85.72535	-1.472578	0	0	0	0	0	0	0	0.00449811	0.03591446	-0.1209307	0	0	0
79.73862	6.923435	-85.67887	-1.628698	0	0	0	0	0	0	0	0.1279069	0.9369354	-3.140302	0	0	0
79.74863	6.925554	-85.66334	-1.680726	0	0	0	0	0	0	0	0.2946267	2.161371	-7.233443	0	0	0
79.75863	6.93191	-85.61661	-1.83677	0	0	0	0	0	0	0	0.427562	3.150571	-10.49716	0	0	0
79.76863	6.938263	-85.56969	-1.992757	0	0	0	0	0	0	0	0.3342294	2.473779	-8.205736	0	0	0
79.77863	6.940381	-85.554	-2.04474	0	0	0	0	0	0	0	0.1414034	1.048133	-3.471625	0	0	0
79.78864	6.87241	-85.5383	-2.099557	0	0	0	0	0	0	0	-0.6191398	0.3055817	-1.037281	0	0	0
79.79864	6.87241	-85.5383	-2.099557	0	0	0	0	0	0	0	-0.001431359	0.0007064593	-0.002398038	0	0	0
79.80864	6.87241	-85.5383	-2.099557	0	0	0	0	0	0	0	-3.09657E-05	1.528339E-05	-5.187863E-05	0	0	0
79.81864	6.804395	-85.52258	-2.15434	0	0	0	0	0	0	0	-0.3526589	0.1497716	-0.5094927	0	0	0
79.82864	6.734283	-85.52258	-2.157124	0	0	0	0	0	0	0	-16.6471	0.003240126	-0.668205	0	0	0
79.83865	6.66417	-85.52258	-2.159878	0	0	0	0	0	0	0	-4.72612	1.031005E-05	-0.1847487	0	0	0
79.84865	6.66417	-85.52258	-2.159878	0	0	0	0	0	0	0	-0.1022439	2.230453E-07	-0.003996814	0	0	0
79.85865	6.596066	-85.50683	-2.214572	0	0	0	0	0	0	0	-4.599372	0.1171937	-0.5649359	0	0	0
79.86865	6.596066	-85.50683	-2.214572	0	0	0	0	0	0	0	-0.09950183	0.002535344	-0.0122217	0	0	0
79.87865	6.525929	-85.50683	-2.21727	0	0	0	0	0	0	0	-0.1797238	8.067438E-06	-0.006902906	0	0	0
79.88866	6.527917	-85.49106	-2.269232	0	0	0	0	0	0	0	0.09258306	0.7656876	-2.521633	0	0	0
79.89866	6.527917	-85.49106	-2.269232	0	0	0	0	0	0	0	0.0002945983	0.00243641	-0.008023811	0	0	0
79.90866	6.527917	-85.49106	-2.269232	0	0	0	0	0	0	0	4.630456E-06	3.829516E-05	-0.0001261172	0	0	0
79.91866	6.527917	-85.49106	-2.269232	0	0	0	0	0	0	0	1.535303E-08	1.218548E-07	-4.012798E-07	0	0	0
79.92867	6.527917	-85.49106	-2.269232	0	0	0	0	0	0	0	3.32144E-10	2.63618E-09	-8.681201E-09	0	0	0
79.93867	6.457758	-85.49106	-2.271902	0	0	0	0	0	0	0	-9.439328	0	-0.3572631	0	0	0
79.94867	6.389544	-85.47527	-2.326501	0	0	0	0	0	0	0	-9.699626	0.2137248	-1.066914	0	0	0
79.95867	6.321284	-85.45946	-2.381066	0	0	0	0	0	0	0	-8.815701	0.3085738	-1.341027	0	0	0
79.96867	6.25108	-85.45946	-2.38365	0	0	0	0	0	0	0	-1.933894	0.003523819	-0.08239231	0	0	0
79.97868	6.25108	-85.45946	-2.38365	0	0	0	0	0	0	0	-0.04183744	7.623354E-05	-0.001782457	0	0	0
79.98868	6.25108	-85.45946	-2.38365	0	0	0	0	0	0	0	-9.672191E-05	1.762406E-07	-4.120775E-06	0	0	0
79.99868	6.25108	-85.45946	-2.38365	0	0	0	0	0	0	0	-1.104535E-06	2.012614E-09	-4.7058E-08	0	0	0
80.00868	6.180873	-85.45946	-2.386206	0	0	0	0	0	0	0	-0.3507953	0	-0.01269925	0	0	0
80.01868	6.182754	-85.44363	-2.438154	0	0	0	0	0	0	0	0.231439	1.996227	-6.545665	0	0	0
80.02869	6.042296	-85.44363	-2.44318	0	0	0	0	0	0	0	-16.63285	0.008742739	-0.6171379	0	0	0
80.03869	5.972065	-85.44363	-2.445651	0	0	0	0	0	0	0	-9.907057	0.0001891385	-0.3470325	0	0	0
80.04869	5.972065	-85.44363	-2.445651	0	0	0	0	0	0	0	-0.07333747	6.018368E-07	-0.002566304	0	0	0
80.05869	5.972332	-85.4975	-2.453291	0	0	0	0	0	0	0	0.02251253	-4.866649	-0.6892698	0	0	0
80.0687	5.761626	-85.4975	-2.460528	0	0	0	0	0	0	0	-20.25715	-0.01548563	-0.6854914	0	0	0
80.0787	5.55091	-85.4975	-2.467506	0	0	0	0	0	0	0	-24.23342	-0.0003350127	-0.7875402	0	0	0
80.0887	5.131243	-85.53552	-2.540252	0	0	0	0	0	0	0	-16.71704	0.1199562	-1.872239	0	0	0
80.0987	4.711249	-85.57352	-2.611938	0	0	0	0	0	0	0	-28.34819	-0.7218312	-1.926014	0	0	0
80.1087	4.430438	-85.68129	-2.634587	0	0	0	0	0	0	0	-16.10813	-13.51286	-2.319037	0	0	0
80.11871	4.360321	-85.73518	-2.643927	0	0	0	0	0	0	0	-2.064725	-2.07214	-0.3422047	0	0	0
80.12871	4.360321	-85.73518	-2.643927	0	0	0	0	0	0	0	-0.009042739	-0.009075213	-0.001498731	0	0	0
80.13871	4.360321	-85.73518	-2.643927	0	0	0	0	0	0	0	-0.0001421325	-0.000142643	-2.355685E-05	0	0	0
80.14871	4.360321	-85.73518	-2.643927	0	0	0	0	0	0	0	-1.179261E-06	-1.183517E-06	-1.953743E-07	0	0	0
80.15871	4.290008	-85.73518	-2.645705	0	0	0	0	0	0	0	-4.573843	-2.560394E-08	-0.1147504	0	0	0
80.16872	4.290008	-85.73518	-2.645705	0	0	0	0	0	0	0	-0.01455392	0	-0.0003651345	0	0	0
80.17872	4.149562	-85.78906	-2.656687	0	0	0	0	0	0	0	-18.22198	-1.348706	-0.6299739	0	0	0
80.18872	3.868285	-85.78906	-2.66328	0	0	0	0	0	0	0	-13.75457	-0.004291569	-0.3117232	0	0	0
80.19872	3.516675	-85.78906	-2.670872	0	0	0	0	0	0	0	-25.49059	-9.284289E-05	-0.5241718	0	0	0
80.20872	3.16615	-85.82706	-2.737184	0	0	0	0	0	0	0	-16.9839	-0.3807533	-7.744229	0	0	0
80.21873	3.025447	-85.82706	-2.73973	0	0	0	0	0	0	0	-6.208355	0.05625332	-0.4812264	0	0	0
80.22873	2.885618	-85.81114	-2.794108	0	0	0	0	0	0	0	-3.658256	0.164461	-0.6011728	0	0	0
80.23873	2.744869	-85.81114	-2.796423	0	0	0	0	0	0	0	-5.401254	0.001364515	-0.09110206	0	0	0
80.24873	2.674493	-85.81114	-2.797537	0	0	0	0	0	0	0	-1.363001	3.154556E-06	-0.02130974	0	0	0
80.25874	2.674493	-85.81114	-2.797537	0	0	0	0	0	0	0	-0.02948687	6.86043E-08	-0.0004610101	0	0	0
80.26874	2.604117	-85.81114	-2.798622	0	0	0	0	0	0	0	-0.9594098	0	-0.01459793	0	0	0
80.27874	2.323314	-85.7952	-2.854618	0	0	0	0	0	0	0	-28.15478	1.098203	-3.959528	0	0	0
80.28874	1.902643	-85.74727	-3.015627	0	0	0	0	0	0	0	-30.86816	0.9920612	-3.560295	0	0	0
80.29874	1.551252	-85.7152	-3.123011	0	0	0	0	0	0	0	-26.59944	1.712531	-5.77877	0	0	0
80.30875	1.269596	-85.69914	-3.177238	0	0	0	0	0	0	0	-20.05598	1.514658	-5.039558	0	0	0
80.31875	1.199064	-85.69914	-3.177746	0	0	0	0	0	0	0	-5.094833	0.03276779	-0.1414283	0	0	0
80.32875	1.199064	-85.69914	-3.177746	0	0	0	0	0	0	0	-0.008557576	5.503868E-05	-0.0002375511	0	0	0
80.33875	1.199064	-85.69914	-3.177746	0	0	0	0	0	0	0	-9.772492E-05	6.28525E-07	-2.712762E-06	0	0	0
80.34875	1.199064	-85.69914	-3.177746	0	0	0	0	0	0	0	-1.115989E-06	7.177565E-09	-3.097892E-08	0	0	0
80.35876	1.057999	-85.69914	-3.178674	0	0	0	0	0	0	0	-17.61975	0	-0.1086797	0	0	0
80.36876	0.7758685	-85.69914	-3.180182	0	0	0	0	0	0	0	-18.18285	0	-0.08224502	0	0	0
80.37876	0.6348022	-85.69914	-3.180762	0	0	0	0	0	0	0	-8.823812	0	-0.03265523	0	0	0
80.38876	0.4937355	-85.69914	-3.181226	0	0	0	0	0	0	0	-1.064697	0	-0.003064623	0	0	0
80.39877	0.4937355	-85.69914	-3.181226	0	0	0	0	0	0	0	-0.02303341	0	-6.629938E-05	0	0	0
80.40877	0.4938849	-85.68305	-3.233129	0	0	0	0	0	0	0	0.02007622	2.171005	-7.000254	0	0	0
80.41877	0.4938849	-85.68305	-3.233129	0	0	0	0	0	0	0	0.001034304	0.1116116	-0.359884	0	0	0
80.42877	0.4938849	-85.68305	-3.233129	0	0	0	0	0	0	0	3.291145E-06	0.000355147	-0.001145147	0	0	0
80.43877	0.4938849	-85.68305	-3.233129	0	0	0	0	0	0	0	5.536474E-09	5.965255E-07	-1.923455E-06	0	0	0
80.44878	0.4938849	-85.68305	-3.233129	0	0	0	0	0	0	0	6.322485E-11	6.81214E-09	-2.196527E-08	0	0	0
80.45878	0.4938849	-85.68305	-3.233129	0	0	0	0	0	0	0	0	0	0	0	0	0
80.46878	0.4938849	-85.68305	-3.233129	0	0	0	0	0	0	0	0	0	0	0	0	0
80.47878	0.4938849	-85.68305	-3.233129	0	0	0	0	0	0	0	0	0	0	0	0	0
80.48878	0.4233301	-85.68305	-3.233318	0	0	0	0	0	0	0	-0.705543	0	-0.001740715	0	0	0
80.49879	0.4233301	-85.68305	-3.233318	0	0	0	0	0	0	0	-0.003090019	0	-7.623691E-06	0	0	0
80.50879	0.4233301	-85.68305	-3.233318	0	0	0	0	0	0	0	-6.684881E-05	0	-1.649293E-07	0	0	0
80.51879	0.4233301	-85.68305	-3.233318	0	0	0	0	0	0	0	-2.127122E-07	0	-5.248032E-10	0	0	0
80.52879	0.4233301	-85.68305	-3.233318	0	0	0	0	0	0	0	-3.343382E-09	0	-8.248785E-12	0	0	0
80.5388	0.4233301	-85.68305	-3.233318	0	0	0	0	0	0	0	0	0	0	0	0	0
80.5488	0.4233301	-85.68305	-3.233318	0	0	0	0	0	0	0	0	0	0	0	0	0
80.5588	0.4233301	-85.68305	-3.233318	0	0	0	0	0	0	0	0	0	0	0	0	0
80.5688	0.4233301	-85.68305	-3.233318	0	0	0	0	0	0	0	0	0	0	0	0	0
80.5788	0.423202	-85.69914	-3.181415	0	0	0	0	0	0	0	-0.02213715	-2.778678	8.972587	0	0	0
80.58881	0.423202	-85.69914	-3.181415	0	0	0	0	0	0	0	-7.044018E-05	-0.008841724	0.02855068	0	0	0
80.59881	0.423202	-85.69914	-3.181415	0	0	0	0	0	0	0	-8.044055E-07	-0.0001009698	0.0003260401	0	0	0
80.60881	0.423202	-85.69914	-3.181415	0	0	0	0	0	0	0	-6.674068E-09	-8.377359E-07	2.70512E-06	0	0	0
80.61881	0.4230739	-85.7152	-3.129505	0	0	0	0	0	0	0	-0.02889462	-3.621653	11.71151	0	0	0
80.62881	0.4934367	-85.73125	-3.077401	0	0	0	0	0	0	0	2.445408	-1.472139	4.774482	0	0	0
80.63882	0.5637566	-85.74727	-3.025261	0	0	0	0	0	0	0	3.415545	-0.3176885	1.041543	0	0	0
80.64882	0.774728	-85.83315	-2.928041	0	0	0	0	0	0	0	11.23333	-0.8170804	1.406166	0	0	0
80.65882	0.844901	-85.84911	-2.875766	0	0	0	0	0	0	0	9.374757	-0.07778838	0.2974483	0	0	0
80.66882	0.8446447	-85.86504	-2.823818	0	0	0	0	0	0	0	0.4371065	-2.706502	8.830806	0	0	0
80.67883	0.8446447	-85.86504	-2.823818	0	0	0	0	0	0	0	0.001914366	-0.01185349	0.03867568	0	0	0
80.68883	0.8446814	-85.91894	-2.831265	0	0	0	0	0	0	0	0.0009943133	-1.400016	-0.1922752	0	0	0
80.69883	0.8446814	-85.91894	-2.831265	0	0	0	0	0	0	0	3.163894E-06	-0.004454837	-0.0006118175	0	0	0
80.70883	0.8446814	-85.91894	-2.831265	0	0	0	0	0	0	0	6.844701E-08	-9.637498E-05	-1.323593E-05	0	0	0
80.71883	0.8446814	-85.91894	-2.831265	0	0	0	0	0	0	0	1.51648E-10	-2.227637E-07	-3.073265E-08	0	0	0
80.72884	0.8446814	-85.91894	-2.831265	0	0	0	0	0	0	0	1.731774E-12	-2.543894E-09	-3.509575E-10	0	0	0
80.73884	0.7742918	-85.91894	-2.831598	0	0	0	0	0	0	0	-2.458568	0	-0.01112064	0	0	0
80.74884	0.7742918	-85.91894	-2.831598	0	0	0	0	0	0	0	-0.03864344	0	-0.0001747927	0	0	0
80.75884	0.7742918	-85.91894	-2.831598	0	0	0	0	0	0	0	-0.000122963	0	-5.561886E-07	0	0	0
80.76884	0.7740568	-85.93485	-2.779643	0	0	0	0	0	0	0	-0.002266018	-0.1531777	0.5003868	0	0	0
80.77885	0.7740568	-85.93485	-2.779643	0	0	0	0	0	0	0	-7.210446E-06	-0.0004874098	0.001592226	0	0	0
80.78885	0.7740568	-85.93485	-2.779643	0	0	0	0	0	0	0	-8.224448E-08	-5.566072E-06	1.818273E-05	0	0	0
80.79885	0.7740568	-85.93485	-2.779643	0	0	0	0	0	0	0	-6.823738E-10	-4.618111E-08	1.508602E-07	0	0	0
80.80885	0.7740568	-85.93485	-2.779643	0	0	0	0	0	0	0	-1.072546E-11	-7.258685E-10	2.371201E-09	0	0	0
80.81886	0.7740568	-85.93485	-2.779643	0	0	0	0	0	0	0	0	0	0	0	0	0
80.82886	0.7036884	-85.93485	-2.779947	0	0	0	0	0	0	0	-0.9324843	0	-0.003834387	0	0	0
80.83886	0.7036884	-85.93485	-2.779947	0	0	0	0	0	0	0	-0.007736725	0	-3.181351E-05	0	0	0
80.84886	0.7036884	-85.93485	-2.779947	0	0	0	0	0	0	0	-0.0001216048	0	-5.000404E-07	0	0	0
80.85886	0.7036884	-85.93485	-2.779947	0	0	0	0	0	0	0	-5.325844E-07	0	-2.189993E-09	0	0	0
80.86887	0.7036884	-85.93485	-2.779947	0	0	0	0	0	0	0	-1.152181E-08	0	-4.737784E-11	0	0	0
80.87887	0.7036884	-85.93485	-2.779947	0	0	0	0	0	0	0	0	0	0	0	0	0
80.88887	0.6331	-85.89685	-2.720814	0	0	0	0	0	0	0	-8.861925	7.130023	8.308049	0	0	0
80.89887	0.5625849	-85.91273	-2.669092	0	0	0	0	0	0	0	-12.61767	-1.382423	4.588627	0	0	0
80.90887	0.492262	-85.91273	-2.669308	0	0	0	0	0	0	0	-5.15752	-0.02990705	0.08532179	0	0	0
80.91888	0.3515091	-85.92857	-2.617681	0	0	0	0	0	0	0	-9.914664	-1.460429	4.771417	0	0	0
80.92888	0.2812074	-85.92857	-2.617811	0	0	0	0	0	0	0	-9.658654	-0.01667766	0.03883435	0	0	0
80.93888	0.2811951	-85.87468	-2.610342	0	0	0	0	0	0	0	-0.3598499	6.779944	0.9413219	0	0	0
80.94888	0.2811096	-85.89051	-2.558361	0	0	0	0	0	0	0	-0.007498919	-1.066301	3.60541	0	0	0
80.95889	0.2107681	-85.90632	-2.506475	0	0	0	0	0	0	0	-8.555439	-0.4185615	1.3684	0	0	0
80.96889	0.07023466	-85.92211	-2.454596	0	0	0	0	0	0	0	-5.344639	-0.08798478	0.2877638	0	0	0
80.97889	-0.07023466	-85.92211	-2.454596	0	0	0	0	0	0	0	-7.709981	-0.001903444	0.009443302	0	0	0
80.98889	-0.3511731	-85.92211	-2.45425	0	0	0	0	0	0	0	-19.42295	-6.056878E-06	0.0399535	0	0	0
80.99889	-0.491642	-85.92211	-2.453903	0	0	0	0	0	0	0	-20.12758	-1.310332E-07	0.05793566	0	0	0
81.0089	-0.5618763	-85.92211	-2.453686	0	0	0	0	0	0	0	-2.458652	0	0.008087989	0	0	0
81.0189	-0.6319181	-85.93788	-2.401441	0	0	0	0	0	0	0	-1.771301	-3.72942	12.31502	0	0	0
81.0289	-0.8420427	-85.96935	-2.296513	0	0	0	0	0	0	0	-14.32822	-2.514292	8.393273	0	0	0
81.0389	-1.05223	-85.98505	-2.243326	0	0	0	0	0	0	0	-16.44838	-1.939384	6.530525	0	0	0
81.0489	-1.402539	-86.00074	-2.188777	0	0	0	0	0	0	0	-18.56344	-0.04823142	0.3127946	0	0	0
81.05891	-1.683038	-86.00074	-2.18624	0	0	0	0	0	0	0	-18.75548	-0.0004001711	0.1864282	0	0	0
81.06891	-1.89341	-86.00074	-2.184034	0	0	0	0	0	0	0	-22.07279	-4.569832E-06	0.2450855	0	0	0
81.07891	-2.173237	-86.0164	-2.128661	0	0	0	0	0	0	0	-20.39503	-0.3926284	1.565487	0	0	0
81.08891	-2.383538	-86.0164	-2.12585	0	0	0	0	0	0	0	-20.44915	-0.004483697	0.300822	0	0	0
81.09892	-2.663932	-86.0164	-2.121699	0	0	0	0	0	0	0	-19.03939	-2.702794E-05	0.2976151	0	0	0
81.10892	-3.08451	-86.0164	-2.114608	0	0	0	0	0	0	0	-19.4182	-8.600261E-08	0.3513673	0	0	0
81.11892	-3.504916	-85.96251	-2.098989	0	0	0	0	0	0	0	-28.86424	1.956693	0.8659797	0	0	0
81.12892	-3.85535	-85.96251	-2.091423	0	0	0	0	0	0	0	-24.50778	0.04233068	0.5602554	0	0	0
81.13892	-4.207052	-85.94685	-2.135153	0	0	0	0	0	0	0	-16.62736	0.07652209	0.1566603	0	0	0
81.14893	-4.347257	-85.94685	-2.131635	0	0	0	0	0	0	0	-2.639661	0.0001769076	0.06672455	0	0	0
81.15893	-4.347257	-85.94685	-2.131635	0	0	0	0	0	0	0	-0.006102501	4.082641E-07	0.0001542571	0	0	0
81.16893	-4.347257	-85.94685	-2.131635	0	0	0	0	0	0	0	-6.968871E-05	4.662253E-09	1.761569E-06	0	0	0
81.17893	-4.347257	-85.94685	-2.131635	0	0	0	0	0	0	0	-5.781966E-07	0	1.474393E-08	0	0	0
81.18893	-4.347257	-85.94685	-2.131635	0	0	0	0	0	0	0	-9.088017E-09	0	2.317431E-10	0	0	0
81.19894	-4.347065	-85.89295	-2.124125	0	0	0	0	0	0	0	0.002586955	0.7268189	0.1014498	0	0	0
81.20894	-4.347065	-85.89295	-2.124125	0	0	0	0	0	0	0	4.066141E-05	0.01142404	0.001594574	0	0	0
81.21894	-4.347065	-85.89295	-2.124125	0	0	0	0	0	0	0	1.78082E-07	5.00331E-05	6.983648E-06	0	0	0
81.22894	-4.346874	-85.83907	-2.116592	0	0	0	0	0	0	0	0.0009867431	0.2764072	0.03869603	0	0	0
81.23895	-4.346874	-85.83907	-2.116592	0	0	0	0	0	0	0	1.126831E-05	0.003156487	0.0004418969	0	0	0
81.24895	-4.346874	-85.83907	-2.116592	0	0	0	0	0	0	0	1.771137E-07	4.961323E-05	6.945676E-06	0	0	0
81.25895	-4.416969	-85.83907	-2.11479	0	0	0	0	0	0	0	-0.4945441	2.172877E-07	0.01281432	0	0	0
81.26895	-4.557157	-85.83907	-2.1111	0	0	0	0	0	0	0	-7.020699	3.415299E-09	0.1876934	0	0	0
81.27895	-4.695909	-85.85473	-2.055282	0	0	0	0	0	0	0	-4.999136	-1.410348	4.828586	0	0	0
81.28896	-4.764524	-85.87037	-2.001318	0	0	0	0	0	0	0	-6.566274	-1.054779	3.697079	0	0	0
81.29896	-4.830142	-85.91717	-1.843253	0	0	0	0	0	0	0	-0.44251	-0.693846	2.334058	0	0	0
81.30896	-4.970107	-85.91717	-1.839223	0	0	0	0	0	0	0	-16.888	-0.01501052	0.5434113	0	0	0
81.31896	-4.970107	-85.91717	-1.839223	0	0	0	0	0	0	0	-0.05373744	-4.77633E-05	0.001729129	0	0	0
81.32896	-5.040088	-85.91717	-1.837165	0	0	0	0	0	0	0	-1.282135	-1.033301E-06	0.03797386	0	0	0
81.33897	-5.110069	-85.91717	-1.835078	0	0	0	0	0	0	0	-0.5102926	-2.388837E-09	0.01532233	0	0	0
81.34897	-5.180048	-85.91717	-1.832963	0	0	0	0	0	0	0	-2.48942	0	0.07577325	0	0	0
81.35897	-5.250027	-85.91717	-1.830818	0	0	0	0	0	0	0	-2.454606	0	0.07572384	0	0	0
81.36897	-5.250027	-85.91717	-1.830818	0	0	0	0	0	0	0	-0.05310241	0	0.001638193	0	0	0
81.37897	-5.248421	-85.93272	-1.778779	0	0	0	0	0	0	0	0.3927992	-3.809081	12.75235	0	0	0
81.38898	-5.248188	-85.87884	-1.771225	0	0	0	0	0	0	0	0.02410725	4.782091	0.7816053	0	0	0
81.39898	-5.246583	-85.89437	-1.71918	0	0	0	0	0	0	0	0.141094	-1.285259	4.573596	0	0	0
81.40898	-5.244977	-85.90989	-1.667127	0	0	0	0	0	0	0	0.07719536	-0.7449585	2.502305	0	0	0
81.41898	-5.244977	-85.90989	-1.667127	0	0	0	0	0	0	0	0.001670028	-0.01611627	0.05413433	0	0	0
81.42899	-5.37985	-85.9563	-1.506566	0	0	0	0	0	0	0	-9.971338	-3.236866	11.24421	0	0	0
81.43899	-5.517846	-85.97173	-1.45001	0	0	0	0	0	0	0	-4.025918	-0.7898939	2.801752	0	0	0
81.44899	-5.793568	-86.00252	-1.336542	0	0	0	0	0	0	0	-17.97856	-1.411878	5.402524	0	0	0
81.45899	-5.999202	-86.03323	-1.225083	0	0	0	0	0	0	0	-16.11169	-3.38354	12.08105	0	0	0
81.46899	-6.341983	-86.07913	-1.056081	0	0	0	0	0	0	0	-16.78459	-3.283259	11.84974	0	0	0
81.479	-6.614502	-86.12484	-0.8890654	0	0	0	0	0	0	0	-20.57738	-4.175181	15.13986	0	0	0
81.489	-7.023361	-86.18549	-0.6636912	0	0	0	0	0	0	0	-30.01698	-4.108325	15.4409	0	0	0
81.499	-7.294258	-86.17687	-0.4878798	0	0	0	0	0	0	0	-21.78506	1.245948	20.15582	0	0	0
81.509	-7.837496	-86.25189	-0.2021227	0	0	0	0	0	0	0	-29.58239	-3.538284	13.82865	0	0	0
81.519	-8.104667	-86.31152	0.01976842	0	0	0	0	0	0	0	-26.97592	-3.616865	14.03239	0	0	0
81.52901	-8.508989	-86.31693	0.2567113	0	0	0	0	0	0	0	-29.21891	-0.7226098	5.123967	0	0	0
81.53901	-8.773739	-86.26814	0.4951035	0	0	0	0	0	0	0	-23.19337	5.992347	9.076571	0	0	0
81.54901	-9.034901	-86.2336	0.7863594	0	0	0	0	0	0	0	-8.84662	10.81032	11.55808	0	0	0
81.55901	-9.232949	-86.27728	0.9544516	0	0	0	0	0	0	0	-19.44971	-3.707209	15.54363	0	0	0
81.56902	-9.35804	-86.22748	1.186687	0	0	0	0	0	0	0	-5.973096	-1.2478	8.826127	0	0	0
81.57902	-9.41749	-86.21684	1.355224	0	0	0	0	0	0	0	0.2729244	-2.208454	15.18814	0	0	0
81.58902	-9.613993	-86.20602	1.531706	0	0	0	0	0	0	0	-11.65713	-1.454403	8.814983	0	0	0
81.59902	-9.679097	-86.16647	1.595794	0	0	0	0	0	0	0	-4.546718	0.899177	4.004354	0	0	0
81.60902	-9.812692	-86.1269	1.663956	0	0	0	0	0	0	0	-1.916909	0.2427441	0.3045688	0	0	0
81.61903	-9.80915	-86.08732	1.724129	0	0	0	0	0	0	0	0.1395611	7.08193	2.44665	0	0	0
81.62903	-9.874561	-86.10155	1.780525	0	0	0	0	0	0	0	-0.5422796	-0.2273266	1.940393	0	0	0
81.63903	-9.871458	-86.11577	1.83288	0	0	0	0	0	0	0	0.5416737	-2.490581	9.185791	0	0	0
81.64903	-9.871458	-86.11577	1.83288	0	0	0	0	0	0	0	0.01171845	-0.05388069	0.1987234	0	0	0
81.65903	-9.86525	-86.14413	1.937606	0	0	0	0	0	0	0	0.3037196	-1.38535	5.123319	0	0	0
81.66904	-9.862144	-86.15828	1.989978	0	0	0	0	0	0	0	0.1533658	-0.6984101	2.587058	0	0	0
81.67904	-9.861679	-86.10444	1.997829	0	0	0	0	0	0	0	0.0154079	1.381447	0.2599089	0	0	0
81.68904	-9.926956	-86.11857	2.054274	0	0	0	0	0	0	0	-3.197527	-0.07098354	0.4723693	0	0	0
81.69904	-9.923829	-86.13268	2.106656	0	0	0	0	0	0	0	0.4329423	-2.264901	8.421281	0	0	0
81.70905	-9.923829	-86.13268	2.106656	0	0	0	0	0	0	0	0.001377618	-0.007206891	0.02679643	0	0	0
81.71905	-9.920702	-86.14676	2.159044	0	0	0	0	0	0	0	0.05687074	-0.2559634	0.9527534	0	0	0
81.72905	-9.917574	-86.16083	2.211437	0	0	0	0	0	0	0	0.07924009	-0.3560407	1.327425	0	0	0
81.73905	-9.985889	-86.16083	2.215529	0	0	0	0	0	0	0	-8.71281	-0.005596199	0.5446423	0	0	0
81.74905	-10.05373	-86.10699	2.227522	0	0	0	0	0	0	0	-1.304777	0.3807944	0.1350008	0	0	0
81.75906	-10.05373	-86.10699	2.227522	0	0	0	0	0	0	0	-0.02822726	0.008238023	0.002920578	0	0	0
81.76906	-10.05373	-86.10699	2.227522	0	0	0	0	0	0	0	-8.981884E-05	2.62133E-05	9.293248E-06	0	0	0
81.77906	-10.05373	-86.10699	2.227522	0	0	0	0	0	0	0	-1.943127E-06	5.671195E-07	2.009492E-07	0	0	0
81.78906	-10.05373	-86.10699	2.227522	0	0	0	0	0	0	0	-6.183011E-09	1.804568E-09	6.394184E-10	0	0	0
81.79906	-10.05373	-86.10699	2.227522	0	0	0	0	0	0	0	0	0	0	0	0	0
81.80907	-10.05373	-86.10699	2.227522	0	0	0	0	0	0	0	0	0	0	0	0	0
81.81907	-10.05373	-86.10699	2.227522	0	0	0	0	0	0	0	0	0	0	0	0	0
81.82907	-10.05373	-86.10699	2.227522	0	0	0	0	0	0	0	0	0	0	0	0	0
81.83907	-10.05373	-86.10699	2.227522	0	0	0	0	0	0	0	0	0	0	0	0	0
81.84908	-10.05325	-86.05316	2.235416	0	0	0	0	0	0	0	0.05821421	6.550107	0.961901	0	0	0
81.85908	-10.05325	-86.05316	2.235416	0	0	0	0	0	0	0	0.000185237	0.02084237	0.003060759	0	0	0
81.86908	-10.05325	-86.05316	2.235416	0	0	0	0	0	0	0	4.007377E-06	0.0004508993	6.62158E-05	0	0	0
81.87908	-10.05325	-86.05316	2.235416	0	0	0	0	0	0	0	1.275143E-08	1.434757E-06	2.10698E-07	0	0	0
81.88908	-10.05325	-86.05316	2.235416	0	0	0	0	0	0	0	2.758618E-10	3.103922E-08	4.558194E-09	0	0	0
81.89909	-10.05325	-86.05316	2.235416	0	0	0	0	0	0	0	0	0	0	0	0	0
81.90909	-10.05325	-86.05316	2.235416	0	0	0	0	0	0	0	0	0	0	0	0	0
81.91909	-10.05325	-86.05316	2.235416	0	0	0	0	0	0	0	0	0	0	0	0	0
81.92909	-10.05325	-86.05316	2.235416	0	0	0	0	0	0	0	0	0	0	0	0	0
81.93909	-10.05325	-86.05316	2.235416	0	0	0	0	0	0	0	0	0	0	0	0	0
81.9491	-10.05325	-86.05316	2.235416	0	0	0	0	0	0	0	0	0	0	0	0	0
81.9591	-10.05325	-86.05316	2.235416	0	0	0	0	0	0	0	0	0	0	0	0	0
81.9691	-10.04691	-86.08122	2.340215	0	0	0	0	0	0	0	0.5506217	-2.432467	9.098183	0	0	0
81.9791	-10.11197	-86.09522	2.396767	0	0	0	0	0	0	0	-0.1312851	-2.378811	8.952932	0	0	0
81.98911	-10.10878	-86.1092	2.449179	0	0	0	0	0	0	0	0.0769492	-0.34945	1.311488	0	0	0
81.99911	-10.16735	-86.15101	2.610617	0	0	0	0	0	0	0	0.4562174	-4.768418	18.02113	0	0	0
82.00911	-10.1577	-86.19263	2.767935	0	0	0	0	0	0	0	1.006556	-4.34184	16.45431	0	0	0
82.01911	-10.21931	-86.22026	2.87703	0	0	0	0	0	0	0	-11.02029	-3.224313	12.98668	0	0	0
82.02911	-10.27104	-86.28898	3.143597	0	0	0	0	0	0	0	-4.061106	-2.979578	11.71987	0	0	0
82.03912	-10.25798	-86.34357	3.353579	0	0	0	0	0	0	0	1.24511	-5.618503	21.69179	0	0	0
82.04912	-10.24166	-86.41132	3.61618	0	0	0	0	0	0	0	1.229747	-5.083665	19.78737	0	0	0
82.05912	-10.22859	-86.46513	3.82636	0	0	0	0	0	0	0	1.778586	-7.300083	28.60811	0	0	0
82.06912	-10.21552	-86.51861	4.036628	0	0	0	0	0	0	0	1.361437	-5.549834	21.89828	0	0	0
82.07912	-10.20898	-86.54521	4.141794	0	0	0	0	0	0	0	0.7886651	-3.203938	12.68543	0	0	0
82.08913	-10.19263	-86.61136	4.404804	0	0	0	0	0	0	0	0.7504831	-3.02263	12.07128	0	0	0
82.09913	-10.18609	-86.63766	4.510045	0	0	0	0	0	0	0	0.4305181	-1.727939	6.924747	0	0	0
82.10913	-10.173	-86.69002	4.720592	0	0	0	0	0	0	0	0.1833375	-0.7307359	2.948925	0	0	0
82.11913	-10.16645	-86.71606	4.825898	0	0	0	0	0	0	0	0.1903263	-0.7559395	3.061339	0	0	0
82.12914	-10.16317	-86.72906	4.878558	0	0	0	0	0	0	0	0.2895503	-1.148021	4.657326	0	0	0
82.13914	-10.23039	-86.72906	4.882751	0	0	0	0	0	0	0	-16.12135	-0.01804444	1.082422	0	0	0
82.14914	-10.2271	-86.74203	4.935416	0	0	0	0	0	0	0	0.04369294	-0.4493966	1.830704	0	0	0
82.15914	-10.28434	-86.78082	5.097656	0	0	0	0	0	0	0	-0.02477518	-6.449234	26.45325	0	0	0
82.16914	-10.28102	-86.79369	5.15034	0	0	0	0	0	0	0	0.4149286	-1.630181	6.671925	0	0	0
82.17915	-10.2777	-86.80656	5.20303	0	0	0	0	0	0	0	0.05184686	-0.2011927	0.8248577	0	0	0
82.18915	-10.27106	-86.83222	5.308424	0	0	0	0	0	0	0	0.1229945	-0.474531	1.952406	0	0	0
82.19915	-10.33142	-86.8578	5.418074	0	0	0	0	0	0	0	-1.212699	-1.770438	7.416372	0	0	0
82.20915	-10.31136	-86.93401	5.734437	0	0	0	0	0	0	0	0.8695051	-3.305641	13.79685	0	0	0
82.21915	-10.30467	-86.95924	5.839932	0	0	0	0	0	0	0	0.5649973	-2.127263	8.910502	0	0	0
82.22916	-10.30467	-86.95924	5.839932	0	0	0	0	0	0	0	0.01222303	-0.04602075	0.1927679	0	0	0
82.23916	-10.28459	-87.03442	6.15654	0	0	0	0	0	0	0	0.700657	-2.609386	11.04973	0	0	0
82.24916	-10.21125	-87.0593	6.257905	0	0	0	0	0	0	0	3.526403	-0.9210212	3.707937	0	0	0
82.25916	-10.20176	-87.1503	6.408419	0	0	0	0	0	0	0	0.6188548	-2.795264	9.702899	0	0	0
82.26917	-10.18895	-87.2534	6.611828	0	0	0	0	0	0	0	0.2953588	-7.846103	4.686596	0	0	0
82.27917	-10.17896	-87.29011	6.77034	0	0	0	0	0	0	0	0.2324796	-0.9084411	3.690338	0	0	0
82.28917	-10.09929	-87.33876	6.977593	0	0	0	0	0	0	0	1.994628	-3.985919	17.32458	0	0	0
82.29917	-10.08323	-87.45293	7.234136	0	0	0	0	0	0	0	0.6051754	-4.121909	9.623634	0	0	0
82.30917	-10.01041	-87.47691	7.335797	0	0	0	0	0	0	0	1.825409	-0.508722	1.957945	0	0	0
82.31918	-9.987376	-87.56016	7.706228	0	0	0	0	0	0	0	1.940478	-6.948516	31.12498	0	0	0
82.32918	-9.977501	-87.59551	7.865056	0	0	0	0	0	0	0	0.8165452	-2.914698	13.13199	0	0	0
82.33918	-9.963843	-87.58851	8.084743	0	0	0	0	0	0	0	1.179502	3.541399	18.9719	0	0	0
82.34918	-9.944079	-87.65812	8.402643	0	0	0	0	0	0	0	0.5117039	-1.639437	8.230596	0	0	0
82.35918	-9.936999	-87.62731	8.516519	0	0	0	0	0	0	0	0.3280973	6.848562	5.277341	0	0	0
82.36919	-9.936999	-87.62731	8.516519	0	0	0	0	0	0	0	0.009197514	0.3787968	0.1479391	0	0	0
82.37919	-9.936999	-87.62731	8.516519	0	0	0	0	0	0	0	4.028173E-05	0.001658991	0.0006479188	0	0	0
82.38919	-9.936999	-87.62731	8.516519	0	0	0	0	0	0	0	3.342133E-07	1.376448E-05	5.375715E-06	0	0	0
82.39919	-9.933703	-87.63879	8.569528	0	0	0	0	0	0	0	0.2934547	-1.021398	4.720126	0	0	0
82.40919	-9.933703	-87.63879	8.569528	0	0	0	0	0	0	0	0.004612482	-0.0160542	0.0741903	0	0	0
82.4192	-9.917221	-87.69588	8.834642	0	0	0	0	0	0	0	2.033665	-7.008512	32.71085	0	0	0
82.4292	-9.910626	-87.71856	8.940721	0	0	0	0	0	0	0	0.4210531	-1.445271	6.772506	0	0	0
82.4392	-9.841801	-87.72987	8.989706	0	0	0	0	0	0	0	0.9170488	-1.078056	5.024667	0	0	0
82.4492	-9.841312	-87.67603	8.9976	0	0	0	0	0	0	0	0.009488784	0.1984039	0.07213653	0	0	0
82.45921	-9.90354	-87.68732	9.054711	0	0	0	0	0	0	0	-0.8115456	-0.2709883	1.346199	0	0	0
82.46921	-9.903048	-87.63349	9.062626	0	0	0	0	0	0	0	-0.000323334	0.6978785	0.1142657	0	0	0
82.47921	-9.899749	-87.64476	9.115682	0	0	0	0	0	0	0	0.7820634	-2.662562	12.58023	0	0	0
82.48921	-9.899255	-87.59093	9.123619	0	0	0	0	0	0	0	0.003927696	0.2802633	0.06317741	0	0	0
82.49921	-9.886059	-87.63578	9.335886	0	0	0	0	0	0	0	1.52476	-5.157183	24.52528	0	0	0
82.50922	-9.879458	-87.65807	9.442046	0	0	0	0	0	0	0	0.4329793	-1.459463	6.964335	0	0	0
82.51922	-9.876158	-87.66919	9.495133	0	0	0	0	0	0	0	0.09156369	-0.3080132	1.472773	0	0	0
82.52922	-9.872857	-87.68027	9.548225	0	0	0	0	0	0	0	0.02350813	-0.07891852	0.3781208	0	0	0
82.53922	-9.869556	-87.69135	9.601321	0	0	0	0	0	0	0	0.5727133	-1.918717	9.21191	0	0	0
82.54922	-9.86576	-87.64857	9.662381	0	0	0	0	0	0	0	0.4092703	-1.162349	6.582982	0	0	0
82.55923	-9.86576	-87.64857	9.662381	0	0	0	0	0	0	0	0.004673742	-0.01327367	0.07517566	0	0	0
82.56923	-9.86576	-87.64857	9.662381	0	0	0	0	0	0	0	5.337272E-05	-0.0001515813	0.0008584833	0	0	0
82.57923	-9.861962	-87.60578	9.723468	0	0	0	0	0	0	0	0.1779905	12.68678	2.86292	0	0	0
82.58923	-9.852056	-87.63873	9.88281	0	0	0	0	0	0	0	0.06744073	-0.1813812	1.084763	0	0	0
82.59924	-9.848753	-87.64967	9.935933	0	0	0	0	0	0	0	0.08467162	-0.2792761	1.361916	0	0	0
82.60924	-9.848753	-87.64967	9.935933	0	0	0	0	0	0	0	0.0002694242	-0.0008886537	0.004333603	0	0	0
82.61924	-9.848753	-87.64967	9.935933	0	0	0	0	0	0	0	5.828665E-06	-1.922494E-05	9.375223E-05	0	0	0
82.62924	-9.848753	-87.64967	9.935933	0	0	0	0	0	0	0	3.513207E-08	-1.162569E-07	5.650882E-07	0	0	0
82.63924	-9.848753	-87.64967	9.935933	0	0	0	0	0	0	0	7.600396E-10	-2.515076E-09	1.2225E-08	0	0	0
82.64925	-9.848255	-87.59586	9.943936	0	0	0	0	0	0	0	0.08758287	9.459804	1.408743	0	0	0
82.65925	-9.848255	-87.59586	9.943936	0	0	0	0	0	0	0	0.001376616	0.1486879	0.02214243	0	0	0
82.66925	-9.844953	-87.60677	9.997064	0	0	0	0	0	0	0	0.4161905	-1.373896	6.694292	0	0	0
82.67925	-9.844953	-87.60677	9.997064	0	0	0	0	0	0	0	0.006541626	-0.02159472	0.10522	0	0	0
82.68925	-9.844953	-87.60677	9.997064	0	0	0	0	0	0	0	2.864992E-05	-9.457693E-05	0.0004608248	0	0	0
82.69926	-9.844953	-87.60677	9.997064	0	0	0	0	0	0	0	6.197996E-07	-2.046761E-06	9.96928E-06	0	0	0
82.70926	-9.841649	-87.61768	10.0502	0	0	0	0	0	0	0	0.1555842	-0.5127206	2.502523	0	0	0
82.71926	-9.841649	-87.61768	10.0502	0	0	0	0	0	0	0	0.001290866	-0.004253989	0.02076317	0	0	0
82.72926	-9.841649	-87.61768	10.0502	0	0	0	0	0	0	0	5.653519E-06	-1.863091E-05	9.093506E-05	0	0	0
82.73927	-9.838346	-87.62855	10.10333	0	0	0	0	0	0	0	0.02342852	-0.0770473	0.3768403	0	0	0
82.74927	-9.766214	-87.59642	10.21361	0	0	0	0	0	0	0	4.482355	-0.3968944	2.076908	0	0	0
82.75927	-9.759648	-87.61802	10.31992	0	0	0	0	0	0	0	0.7567467	-2.058251	10.1555	0	0	0
82.76927	-9.749799	-87.65025	10.47941	0	0	0	0	0	0	0	0.314064	-1.023236	5.078714	0	0	0
82.77927	-9.749799	-87.65025	10.47941	0	0	0	0	0	0	0	0.003586515	-0.01168504	0.05799738	0	0	0
82.78928	-9.749302	-87.59644	10.48746	0	0	0	0	0	0	0	0.04509027	4.872945	0.7301097	0	0	0
82.79928	-9.749302	-87.59644	10.48746	0	0	0	0	0	0	0	0.0009754725	0.1054202	0.01579504	0	0	0
82.80928	-9.749302	-87.59644	10.48746	0	0	0	0	0	0	0	4.272211E-06	0.0004617019	6.917646E-05	0	0	0
82.81928	-9.749302	-87.59644	10.48746	0	0	0	0	0	0	0	9.237984E-08	9.988504E-06	1.495832E-06	0	0	0
82.82928	-9.748803	-87.54264	10.49553	0	0	0	0	0	0	0	0.04585632	4.944432	0.7425143	0	0	0
82.83929	-9.748803	-87.54264	10.49553	0	0	0	0	0	0	0	0.0009920457	0.1069668	0.01606339	0	0	0
82.84929	-9.748803	-87.54264	10.49553	0	0	0	0	0	0	0	3.156679E-06	0.0003403672	5.111355E-05	0	0	0
82.85929	-9.748803	-87.54264	10.49553	0	0	0	0	0	0	0	6.829092E-08	7.36343E-06	1.105779E-06	0	0	0
82.86929	-9.748803	-87.54264	10.49553	0	0	0	0	0	0	0	2.17301E-10	2.343036E-08	3.518579E-09	0	0	0
82.8793	-9.748803	-87.54264	10.49553	0	0	0	0	0	0	0	0	0	0	0	0	0
82.8893	-9.748803	-87.54264	10.49553	0	0	0	0	0	0	0	0	0	0	0	0	0
82.8993	-9.748803	-87.54264	10.49553	0	0	0	0	0	0	0	0	0	0	0	0	0
82.9093	-9.748803	-87.54264	10.49553	0	0	0	0	0	0	0	0	0	0	0	0	0
82.9193	-9.74552	-87.55334	10.5487	0	0	0	0	0	0	0	0.5648862	-1.838963	9.146745	0	0	0
82.92931	-9.74552	-87.55334	10.5487	0	0	0	0	0	0	0	0.004686802	-0.01525768	0.07588959	0	0	0
82.93931	-9.74552	-87.55334	10.5487	0	0	0	0	0	0	0	0.0001013933	-0.0003300814	0.001641779	0	0	0
82.94931	-9.680631	-87.55334	10.54471	0	0	0	0	0	0	0	1.159296	-3.76943E-06	-0.07109867	0	0	0
82.95931	-9.680631	-87.55334	10.54471	0	0	0	0	0	0	0	0.01323881	-4.304574E-08	-0.0008119252	0	0	0
82.96931	-9.680631	-87.55334	10.54471	0	0	0	0	0	0	0	2.223665E-05	0	-1.364116E-06	0	0	0
82.97932	-9.680631	-87.55334	10.54471	0	0	0	0	0	0	0	4.810628E-07	0	-2.951099E-08	0	0	0
82.98932	-9.677369	-87.56402	10.59789	0	0	0	0	0	0	0	0.08090048	-0.2645733	1.31877	0	0	0
82.99932	-9.677369	-87.56402	10.59789	0	0	0	0	0	0	0	0.0006712227	-0.002195137	0.01094169	0	0	0
83.00932	-9.677369	-87.56402	10.59789	0	0	0	0	0	0	0	1.452109E-05	-4.748912E-05	0.0002367102	0	0	0
83.01933	-9.677369	-87.56402	10.59789	0	0	0	0	0	0	0	4.620595E-08	-1.511099E-07	7.532095E-07	0	0	0
83.02933	-9.677369	-87.56402	10.59789	0	0	0	0	0	0	0	9.996095E-10	-3.269079E-09	1.629477E-08	0	0	0
83.03933	-9.674107	-87.57468	10.65107	0	0	0	0	0	0	0	0.8012987	-2.614986	13.06208	0	0	0
83.04933	-9.674107	-87.57468	10.65107	0	0	0	0	0	0	0	0.02385975	-0.07786474	0.388941	0	0	0
83.05933	-9.674107	-87.57468	10.65107	0	0	0	0	0	0	0	7.592147E-05	-0.0002477648	0.001237606	0	0	0
83.06934	-9.674107	-87.57468	10.65107	0	0	0	0	0	0	0	1.642469E-06	-5.360089E-06	2.677411E-05	0	0	0
83.07934	-9.674107	-87.57468	10.65107	0	0	0	0	0	0	0	5.226318E-09	-1.705575E-08	8.519493E-08	0	0	0
83.08934	-9.674107	-87.57468	10.65107	0	0	0	0	0	0	0	1.13065E-10	-3.689803E-10	1.843089E-09	0	0	0
83.09934	-9.670843	-87.58532	10.70426	0	0	0	0	0	0	0	0.02391643	-0.0778842	0.389865	0	0	0
83.10934	-9.670843	-87.58532	10.70426	0	0	0	0	0	0	0	0.0005174029	-0.00168493	0.008434256	0	0	0
83.11935	-9.667581	-87.59593	10.75745	0	0	0	0	0	0	0	0.4287568	-1.393286	6.989223	0	0	0
83.12935	-9.664317	-87.60652	10.81064	0	0	0	0	0	0	0	0.5568924	-1.805822	9.077979	0	0	0
83.13935	-9.515431	-87.66962	11.12203	0	0	0	0	0	0	0	12.63439	-1.763699	8.249833	0	0	0
83.14935	-9.379768	-87.69049	11.22072	0	0	0	0	0	0	0	10.99256	-0.4214782	1.507259	0	0	0
83.15936	-9.099202	-87.70901	11.5864	0	0	0	0	0	0	0	14.55138	-3.277697	23.49902	0	0	0
83.16936	-8.834878	-87.67568	11.68632	0	0	0	0	0	0	0	21.08585	1.463932	10.42574	0	0	0
83.17936	-8.498281	-87.72647	11.935	0	0	0	0	0	0	0	16.54745	-1.445644	6.836424	0	0	0
83.18936	-8.298794	-87.63905	12.04757	0	0	0	0	0	0	0	16.83559	7.903718	11.28505	0	0	0
83.19936	-8.164246	-87.60534	12.15565	0	0	0	0	0	0	0	16.19644	11.50021	7.905967	0	0	0
83.20937	-8.164246	-87.60534	12.15565	0	0	0	0	0	0	0	0.1849585	0.1313289	0.09028374	0	0	0
83.21937	-8.164246	-87.60534	12.15565	0	0	0	0	0	0	0	0.00211217	0.001499736	0.001031013	0	0	0
83.22937	-8.164246	-87.60534	12.15565	0	0	0	0	0	0	0	4.569422E-05	3.244497E-05	2.230471E-05	0	0	0
83.23937	-8.161457	-87.61534	12.20898	0	0	0	0	0	0	0	0.6711743	-2.40625	12.84058	0	0	0
83.24937	-8.161029	-87.56155	12.21719	0	0	0	0	0	0	0	0.1175454	12.85126	2.248822	0	0	0
83.25938	-8.161029	-87.56155	12.21719	0	0	0	0	0	0	0	0.0003740283	0.04089257	0.007155727	0	0	0
83.26938	-8.161029	-87.56155	12.21719	0	0	0	0	0	0	0	8.091648E-06	0.000884661	0.0001548055	0	0	0
83.27938	-8.161029	-87.56155	12.21719	0	0	0	0	0	0	0	2.574754E-08	2.814982E-06	4.925893E-07	0	0	0
83.28938	-8.161029	-87.56155	12.21719	0	0	0	0	0	0	0	3.547054E-10	4.442473E-08	6.78605E-09	0	0	0
83.29939	-8.161029	-87.56155	12.21719	0	0	0	0	0	0	0	0	0	0	0	0	0
83.30939	-8.161029	-87.56155	12.21719	0	0	0	0	0	0	0	0	0	0	0	0	0
83.31939	-8.160599	-87.50777	12.22541	0	0	0	0	0	0	0	0.05897364	7.365987	1.128255	0	0	0
83.32939	-8.160599	-87.50777	12.22541	0	0	0	0	0	0	0	0.003031843	0.3786863	0.05800373	0	0	0
83.33939	-8.160599	-87.50777	12.22541	0	0	0	0	0	0	0	9.647291E-06	0.001204976	0.0001845673	0	0	0
83.3494	-8.160599	-87.50777	12.22541	0	0	0	0	0	0	0	1.516348E-07	1.893965E-05	2.901003E-06	0	0	0
83.3594	-8.160168	-87.45399	12.23366	0	0	0	0	0	0	0	0.01057402	1.317141	0.202297	0	0	0
83.3694	-8.160168	-87.45399	12.23366	0	0	0	0	0	0	0	0.000228756	0.02849474	0.004376449	0	0	0
83.3794	-8.098309	-87.39021	12.18525	0	0	0	0	0	0	0	1.452284	0.8517173	-2.514373	0	0	0
83.3894	-8.033667	-87.33644	12.19023	0	0	0	0	0	0	0	2.274656	1.368698	0.03929134	0	0	0
83.39941	-7.971751	-87.27264	12.14192	0	0	0	0	0	0	0	0.07378922	2.407009	-7.349877	0	0	0
83.40941	-7.971325	-87.21887	12.15026	0	0	0	0	0	0	0	0.01132108	2.756078	0.03156276	0	0	0
83.41941	-7.912495	-87.19875	12.04033	0	0	0	0	0	0	0	0.05164619	0.2886629	-1.486683	0	0	0
83.42941	-7.912495	-87.19875	12.04033	0	0	0	0	0	0	0	0.0003113257	0.001740074	-0.008961795	0	0	0
83.43941	-7.909795	-87.20882	12.09366	0	0	0	0	0	0	0	0.005658946	-0.02107625	0.1117251	0	0	0
83.44942	-7.781288	-87.20882	12.08721	0	0	0	0	0	0	0	16.26726	-6.706511E-05	-0.8096905	0	0	0
83.45942	-7.717032	-87.20882	12.08402	0	0	0	0	0	0	0	4.531365	-1.450872E-06	-0.223769	0	0	0
83.46942	-7.524257	-87.20882	12.07462	0	0	0	0	0	0	0	13.13884	-6.354286E-09	-0.6326014	0	0	0
83.47942	-7.524257	-87.20882	12.07462	0	0	0	0	0	0	0	0.2842429	0	-0.01368556	0	0	0
83.48943	-7.524257	-87.20882	12.07462	0	0	0	0	0	0	0	0.0009044579	0	-4.354732E-05	0	0	0
83.49943	-7.524257	-87.20882	12.07462	0	0	0	0	0	0	0	1.956685E-05	0	-9.420933E-07	0	0	0
83.50943	-7.524257	-87.20882	12.07462	0	0	0	0	0	0	0	6.22615E-08	0	-2.997731E-09	0	0	0
83.51943	-7.524257	-87.20882	12.07462	0	0	0	0	0	0	0	0	0	0	0	0	0
83.52943	-7.524257	-87.20882	12.07462	0	0	0	0	0	0	0	0	0	0	0	0	0
83.53944	-7.524257	-87.20882	12.07462	0	0	0	0	0	0	0	0	0	0	0	0	0
83.54944	-7.524257	-87.20882	12.07462	0	0	0	0	0	0	0	0	0	0	0	0	0
83.55944	-7.524257	-87.20882	12.07462	0	0	0	0	0	0	0	0	0	0	0	0	0
83.56944	-7.524257	-87.20882	12.07462	0	0	0	0	0	0	0	0	0	0	0	0	0
83.57944	-7.524257	-87.20882	12.07462	0	0	0	0	0	0	0	0	0	0	0	0	0
83.58945	-7.524257	-87.20882	12.07462	0	0	0	0	0	0	0	0	0	0	0	0	0
83.59945	-7.524257	-87.20882	12.07462	0	0	0	0	0	0	0	0	0	0	0	0	0
83.60945	-7.521689	-87.21887	12.12796	0	0	0	0	0	0	0	0.2345346	-0.9167563	4.871178	0	0	0
83.61945	-7.45745	-87.21887	12.12488	0	0	0	0	0	0	0	0.4353938	-0.01440945	0.05595684	0	0	0
83.62946	-7.45745	-87.21887	12.12488	0	0	0	0	0	0	0	0.001385418	-4.585072E-05	0.0001780541	0	0	0
83.63946	-7.45745	-87.21887	12.12488	0	0	0	0	0	0	0	2.997184E-05	-9.919246E-07	3.851983E-06	0	0	0
83.64946	-7.45745	-87.21887	12.12488	0	0	0	0	0	0	0	9.537009E-08	-3.156294E-09	1.225697E-08	0	0	0
83.65946	-7.45745	-87.21887	12.12488	0	0	0	0	0	0	0	0	0	0	0	0	0
83.66946	-7.45745	-87.21887	12.12488	0	0	0	0	0	0	0	0	0	0	0	0	0
83.67947	-7.45745	-87.21887	12.12488	0	0	0	0	0	0	0	0	0	0	0	0	0
83.68947	-7.45745	-87.21887	12.12488	0	0	0	0	0	0	0	0	0	0	0	0	0
83.69947	-7.45745	-87.21887	12.12488	0	0	0	0	0	0	0	0	0	0	0	0	0
83.70947	-7.454904	-87.2289	12.17822	0	0	0	0	0	0	0	0.06309213	-0.2481827	1.321709	0	0	0
83.71947	-7.454904	-87.2289	12.17822	0	0	0	0	0	0	0	0.001364922	-0.00536913	0.02859356	0	0	0
83.72948	-7.44981	-87.24889	12.28492	0	0	0	0	0	0	0	0.006893298	-0.02699391	0.1444068	0	0	0
83.73948	-7.447263	-87.25886	12.33828	0	0	0	0	0	0	0	0.3045651	-1.189973	6.380294	0	0	0
83.74948	-7.444716	-87.2688	12.39164	0	0	0	0	0	0	0	0.3594926	-1.401402	7.530962	0	0	0
83.75948	-7.308942	-87.29848	12.54568	0	0	0	0	0	0	0	8.746032	-0.2274739	0.8232601	0	0	0
83.76949	-7.239911	-87.31818	12.64945	0	0	0	0	0	0	0	1.110098	-0.407824	2.170027	0	0	0
83.77949	-7.175887	-87.31818	12.64649	0	0	0	0	0	0	0	1.169571	-0.003383673	-0.03546944	0	0	0
83.78949	-7.175887	-87.31818	12.64649	0	0	0	0	0	0	0	0.01335615	-3.864052E-05	-0.0004050503	0	0	0
83.79949	-7.175887	-87.31818	12.64649	0	0	0	0	0	0	0	8.051148E-05	-2.329269E-07	-2.441662E-06	0	0	0
83.80949	-7.175887	-87.31818	12.64649	0	0	0	0	0	0	0	9.194167E-07	-2.659954E-09	-2.788304E-08	0	0	0
83.8195	-7.175887	-87.31818	12.64649	0	0	0	0	0	0	0	7.622774E-09	0	-3.513098E-10	0	0	0
83.8295	-7.173426	-87.32799	12.69988	0	0	0	0	0	0	0	0.5916398	-2.356195	12.83749	0	0	0
83.8395	-7.173426	-87.32799	12.69988	0	0	0	0	0	0	0	0.001882592	-0.007497387	0.04084877	0	0	0
83.8495	-7.173426	-87.32799	12.69988	0	0	0	0	0	0	0	4.072758E-05	-0.0001621969	0.0008837134	0	0	0
83.8595	-7.170965	-87.33778	12.75327	0	0	0	0	0	0	0	0.08610665	-0.3421305	1.868356	0	0	0
83.86951	-7.170965	-87.33778	12.75327	0	0	0	0	0	0	0	0.001862813	-0.007401578	0.0404196	0	0	0
83.87951	-7.170965	-87.33778	12.75327	0	0	0	0	0	0	0	4.306545E-06	-1.711134E-05	9.344408E-05	0	0	0
83.88951	-7.170965	-87.33778	12.75327	0	0	0	0	0	0	0	1.282332E-07	-5.095133E-07	2.782424E-06	0	0	0
83.89951	-7.168504	-87.34754	12.80667	0	0	0	0	0	0	0	0.08439493	-0.3345574	1.831214	0	0	0
83.90952	-7.097227	-87.37671	12.96395	0	0	0	0	0	0	0	11.09628	-0.5505446	2.533995	0	0	0
83.91952	-7.028496	-87.39605	13.06788	0	0	0	0	0	0	0	8.505265	-1.394959	7.355586	0	0	0
83.92952	-6.962247	-87.40569	13.11842	0	0	0	0	0	0	0	1.011467	-0.4795377	2.621737	0	0	0
83.93952	-6.898416	-87.40569	13.11557	0	0	0	0	0	0	0	3.05726	-0.01037421	-0.07816223	0	0	0
83.94952	-6.896041	-87.4153	13.169	0	0	0	0	0	0	0	0.09392818	-0.1857716	1.031456	0	0	0
83.95953	-6.896041	-87.4153	13.169	0	0	0	0	0	0	0	0.0007793123	-0.001541328	0.008557878	0	0	0
83.96953	-6.896041	-87.4153	13.169	0	0	0	0	0	0	0	1.685947E-05	-3.334475E-05	0.0001851393	0	0	0
83.97953	-6.893667	-87.42489	13.22243	0	0	0	0	0	0	0	0.00907578	-0.03662137	0.2042308	0	0	0
83.98953	-6.893667	-87.42489	13.22243	0	0	0	0	0	0	0	0.0001963429	-0.0007922587	0.004418286	0	0	0
83.99953	-6.893667	-87.42489	13.22243	0	0	0	0	0	0	0	6.24761E-07	-2.520959E-06	1.405894E-05	0	0	0
84.00954	-6.893667	-87.42489	13.22243	0	0	0	0	0	0	0	1.86031E-08	-7.506495E-08	4.186239E-07	0	0	0
84.01954	-6.891293	-87.43446	13.27587	0	0	0	0	0	0	0	0.1587928	-0.639237	3.5733	0	0	0
84.02954	-6.891293	-87.43446	13.27587	0	0	0	0	0	0	0	0.001317487	-0.005303683	0.02964729	0	0	0
84.03954	-6.891293	-87.43446	13.27587	0	0	0	0	0	0	0	2.850223E-05	-0.0001147387	0.0006413832	0	0	0
84.04955	-6.891293	-87.43446	13.27587	0	0	0	0	0	0	0	9.06938E-08	-3.650974E-07	2.040875E-06	0	0	0
84.05955	-6.886543	-87.45354	13.38276	0	0	0	0	0	0	0	0.6705259	-2.686572	15.08878	0	0	0
84.06955	-6.820467	-87.46304	13.43339	0	0	0	0	0	0	0	8.742982	-0.03508162	-0.1870401	0	0	0
84.07955	-6.81576	-87.48199	13.54029	0	0	0	0	0	0	0	0.2460485	-0.8480949	4.795774	0	0	0
84.08955	-6.752101	-87.48199	13.53751	0	0	0	0	0	0	0	0.81866	-0.0183475	0.0682776	0	0	0
84.09956	-6.686132	-87.49142	13.5882	0	0	0	0	0	0	0	0.3414085	-0.06890955	0.3767147	0	0	0
84.10956	-6.686132	-87.49142	13.5882	0	0	0	0	0	0	0	0.007385957	-0.001490774	0.008149765	0	0	0
84.11956	-6.686132	-87.49142	13.5882	0	0	0	0	0	0	0	3.234778E-05	-6.529044E-06	3.569297E-05	0	0	0
84.12956	-6.686132	-87.49142	13.5882	0	0	0	0	0	0	0	6.998049E-07	-1.412479E-07	7.721741E-07	0	0	0
84.13956	-6.683823	-87.50084	13.64167	0	0	0	0	0	0	0	0.0591607	-0.2409252	1.369374	0	0	0
84.14957	-6.683823	-87.50084	13.64167	0	0	0	0	0	0	0	0.0002591021	-0.001055164	0.005997355	0	0	0
84.15957	-6.683823	-87.50084	13.64167	0	0	0	0	0	0	0	5.60536E-06	-2.282719E-05	0.0001297455	0	0	0
84.16957	-6.683823	-87.50084	13.64167	0	0	0	0	0	0	0	6.40115E-08	-2.606796E-07	1.481654E-06	0	0	0
84.17957	-6.683823	-87.50084	13.64167	0	0	0	0	0	0	0	5.310968E-10	-2.162831E-09	1.229313E-08	0	0	0
84.18958	-6.620206	-87.50084	13.63894	0	0	0	0	0	0	0	4.014781	0	-0.1717956	0	0	0
84.19958	-6.620206	-87.50084	13.63894	0	0	0	0	0	0	0	0.009281573	0	-0.0003971657	0	0	0
84.20958	-6.620206	-87.50084	13.63894	0	0	0	0	0	0	0	7.700824E-05	0	-3.295242E-06	0	0	0
84.21958	-6.620206	-87.50084	13.63894	0	0	0	0	0	0	0	8.794107E-07	0	-3.763067E-08	0	0	0
84.22958	-6.620206	-87.50084	13.63894	0	0	0	0	0	0	0	1.902498E-08	0	-8.140937E-10	0	0	0
84.23959	-6.620206	-87.50084	13.63894	0	0	0	0	0	0	0	0	0	0	0	0	0
84.24959	-6.556589	-87.50084	13.63623	0	0	0	0	0	0	0	8.612304	0	-0.3649794	0	0	0
84.25959	-6.556589	-87.50084	13.63623	0	0	0	0	0	0	0	0.06512298	0	-0.002759836	0	0	0
84.26959	-6.556589	-87.50084	13.63623	0	0	0	0	0	0	0	0.0005403186	0	-2.289807E-05	0	0	0
84.27959	-6.556589	-87.50084	13.63623	0	0	0	0	0	0	0	4.482967E-06	0	-1.899829E-07	0	0	0
84.2896	-6.556589	-87.50084	13.63623	0	0	0	0	0	0	0	5.119412E-08	0	-2.169547E-09	0	0	0
84.2996	-6.556589	-87.50084	13.63623	0	0	0	0	0	0	0	0	0	0	0	0	0
84.3096	-6.556589	-87.50084	13.63623	0	0	0	0	0	0	0	0	0	0	0	0	0
84.3196	-6.556589	-87.50084	13.63623	0	0	0	0	0	0	0	0	0	0	0	0	0
84.32961	-6.49297	-87.50084	13.63354	0	0	0	0	0	0	0	4.145782	0	-0.1739856	0	0	0
84.33961	-6.42935	-87.50084	13.63089	0	0	0	0	0	0	0	4.164391	0	-0.1730512	0	0	0
84.34961	-6.302107	-87.50084	13.62565	0	0	0	0	0	0	0	15.90618	0	-0.6478777	0	0	0
84.35961	-6.238484	-87.50084	13.62307	0	0	0	0	0	0	0	5.732019	0	-0.2311111	0	0	0
84.36961	-6.111235	-87.50084	13.61799	0	0	0	0	0	0	0	8.18885	0	-0.3234236	0	0	0
84.37962	-6.111235	-87.50084	13.61799	0	0	0	0	0	0	0	0.1287112	0	-0.005083529	0	0	0
84.38962	-6.047609	-87.50084	13.61549	0	0	0	0	0	0	0	5.582104	0	-0.2181697	0	0	0
84.39962	-6.047609	-87.50084	13.61549	0	0	0	0	0	0	0	0.120762	0	-0.004719836	0	0	0
84.40962	-6.047609	-87.50084	13.61549	0	0	0	0	0	0	0	0.0005288933	0	-2.067115E-05	0	0	0
84.41962	-6.047609	-87.50084	13.61549	0	0	0	0	0	0	0	8.313074E-06	0	-3.249063E-07	0	0	0
84.42963	-6.047609	-87.50084	13.61549	0	0	0	0	0	0	0	5.01116E-08	0	-1.958551E-09	0	0	0
84.43963	-6.047609	-87.50084	13.61549	0	0	0	0	0	0	0	0	0	0	0	0	0
84.44963	-5.983982	-87.50084	13.61302	0	0	0	0	0	0	0	0.5867818	0	-0.022692	0	0	0
84.45963	-5.983982	-87.50084	13.61302	0	0	0	0	0	0	0	0.01269431	0	-0.0004909139	0	0	0
84.46964	-5.983982	-87.50084	13.61302	0	0	0	0	0	0	0	4.039316E-05	0	-1.562083E-06	0	0	0
84.47964	-5.983982	-87.50084	13.61302	0	0	0	0	0	0	0	8.73857E-07	0	-3.379376E-08	0	0	0
84.48964	-5.983982	-87.50084	13.61302	0	0	0	0	0	0	0	1.373517E-08	0	-5.311657E-10	0	0	0
84.49964	-5.983982	-87.50084	13.61302	0	0	0	0	0	0	0	0	0	0	0	0	0
84.50964	-5.983982	-87.50084	13.61302	0	0	0	0	0	0	0	0	0	0	0	0	0
84.51965	-5.983982	-87.50084	13.61302	0	0	0	0	0	0	0	0	0	0	0	0	0
84.52965	-5.983982	-87.50084	13.61302	0	0	0	0	0	0	0	0	0	0	0	0	0
84.53965	-5.983982	-87.50084	13.61302	0	0	0	0	0	0	0	0	0	0	0	0	0
84.54965	-5.983982	-87.50084	13.61302	0	0	0	0	0	0	0	0	0	0	0	0	0
84.55965	-5.983982	-87.50084	13.61302	0	0	0	0	0	0	0	0	0	0	0	0	0
84.56966	-5.983982	-87.50084	13.61302	0	0	0	0	0	0	0	0	0	0	0	0	0
84.57966	-5.983982	-87.50084	13.61302	0	0	0	0	0	0	0	0	0	0	0	0	0
84.58966	-5.983982	-87.50084	13.61302	0	0	0	0	0	0	0	0	0	0	0	0	0
84.59966	-5.985726	-87.43766	13.56791	0	0	0	0	0	0	0	0.01983642	5.086023	0.5129407	0	0	0
84.60966	-5.989862	-87.41876	13.46097	0	0	0	0	0	0	0	-0.5298536	2.486529	-13.70124	0	0	0
84.61967	-5.99193	-87.40928	13.4075	0	0	0	0	0	0	0	-0.2725123	1.253179	-7.046767	0	0	0
84.62967	-5.99574	-87.33649	13.30897	0	0	0	0	0	0	0	-0.3195526	1.869378	-8.263162	0	0	0
84.63967	-6.003356	-87.19065	13.11202	0	0	0	0	0	0	0	-0.3627785	9.429465	-9.380918	0	0	0
84.64967	-5.945332	-87.10793	12.95771	0	0	0	0	0	0	0	14.31927	11.13726	-10.03677	0	0	0
84.65968	-5.823219	-87.02502	12.80108	0	0	0	0	0	0	0	8.817985	2.366041	-7.696079	0	0	0
84.66968	-5.694671	-86.91753	12.81335	0	0	0	0	0	0	0	18.10107	13.88975	1.377159	0	0	0
84.67968	-5.694671	-86.91753	12.81335	0	0	0	0	0	0	0	0.2067088	0.1586168	0.01572674	0	0	0
84.68968	-5.694671	-86.91753	12.81335	0	0	0	0	0	0	0	0.002360551	0.001811355	0.0001795945	0	0	0
84.69968	-5.694671	-86.91753	12.81335	0	0	0	0	0	0	0	5.106766E-05	3.918647E-05	3.88531E-06	0	0	0
84.70969	-5.694358	-86.8638	12.82189	0	0	0	0	0	0	0	0.05139579	8.821673	1.403752	0	0	0
84.71969	-5.694358	-86.8638	12.82189	0	0	0	0	0	0	0	0.001111885	0.1908462	0.03036846	0	0	0
84.72969	-5.694358	-86.8638	12.82189	0	0	0	0	0	0	0	4.869635E-06	0.0008358361	0.0001330027	0	0	0
84.73969	-5.694045	-86.81007	12.83045	0	0	0	0	0	0	0	0.02113965	3.618952	0.5773802	0	0	0
84.74969	-5.69373	-86.75634	12.83904	0	0	0	0	0	0	0	0.05630185	9.613266	1.537754	0	0	0
84.7597	-5.693415	-86.70261	12.84764	0	0	0	0	0	0	0	0.05320877	9.061445	1.453273	0	0	0
84.7697	-5.693099	-86.6489	12.85627	0	0	0	0	0	0	0	0.01543465	2.621681	0.4215614	0	0	0
84.7797	-5.692783	-86.59518	12.86492	0	0	0	0	0	0	0	0.0719604	12.19125	1.96543	0	0	0
84.7897	-5.692783	-86.59518	12.86492	0	0	0	0	0	0	0	0.0002289772	0.03879243	0.006253979	0	0	0
84.79971	-5.692465	-86.54146	12.87359	0	0	0	0	0	0	0	0.0003230423	0.0545869	0.008823147	0	0	0
84.80971	-5.692465	-86.54146	12.87359	0	0	0	0	0	0	0	5.077535E-06	0.0008579895	0.000138681	0	0	0
84.81971	-5.692465	-86.54146	12.87359	0	0	0	0	0	0	0	2.223774E-08	3.757679E-06	6.073719E-07	0	0	0
84.82971	-5.692465	-86.54146	12.87359	0	0	0	0	0	0	0	3.495297E-10	5.906269E-08	9.546589E-09	0	0	0
84.83971	-5.692465	-86.54146	12.87359	0	0	0	0	0	0	0	0	0	0	0	0	0
84.84972	-5.692465	-86.54146	12.87359	0	0	0	0	0	0	0	0	0	0	0	0	0
84.85972	-5.692465	-86.54146	12.87359	0	0	0	0	0	0	0	0	0	0	0	0	0
84.86972	-5.692465	-86.54146	12.87359	0	0	0	0	0	0	0	0	0	0	0	0	0
84.87972	-5.692465	-86.54146	12.87359	0	0	0	0	0	0	0	0	0	0	0	0	0
84.88972	-5.692465	-86.54146	12.87359	0	0	0	0	0	0	0	0	0	0	0	0	0
84.89973	-5.690509	-86.55121	12.92701	0	0	0	0	0	0	0	0.002665624	-0.01326544	0.07280531	0	0	0
84.90973	-5.690509	-86.55121	12.92701	0	0	0	0	0	0	0	5.766754E-05	-0.0002869816	0.001575054	0	0	0
84.91973	-5.690509	-86.55121	12.92701	0	0	0	0	0	0	0	1.834975E-07	-9.131724E-07	5.011806E-06	0	0	0
84.92973	-5.690509	-86.55121	12.92701	0	0	0	0	0	0	0	5.463886E-09	-2.719094E-08	1.492333E-07	0	0	0
84.93974	-5.690509	-86.55121	12.92701	0	0	0	0	0	0	0	0	0	0	0	0	0
84.94974	-5.690509	-86.55121	12.92701	0	0	0	0	0	0	0	0	0	0	0	0	0
84.95974	-5.690509	-86.55121	12.92701	0	0	0	0	0	0	0	0	0	0	0	0	0
84.96974	-5.754419	-86.55121	12.92937	0	0	0	0	0	0	0	-7.987753	0	0.295745	0	0	0
84.97974	-5.754419	-86.55121	12.92937	0	0	0	0	0	0	0	-0.09121771	0	0.003377318	0	0	0
84.98975	-5.754419	-86.55121	12.92937	0	0	0	0	0	0	0	-0.001041679	0	3.856795E-05	0	0	0
84.99975	-5.754419	-86.55121	12.92937	0	0	0	0	0	0	0	-1.637296E-05	0	6.062058E-07	0	0	0
85.00975	-5.754419	-86.55121	12.92937	0	0	0	0	0	0	0	-7.170757E-08	0	2.654958E-09	0	0	0
85.01975	-5.754419	-86.55121	12.92937	0	0	0	0	0	0	0	0	0	0	0	0	0
85.02975	-5.754419	-86.55121	12.92937	0	0	0	0	0	0	0	0	0	0	0	0	0
85.03976	-5.75244	-86.56093	12.98279	0	0	0	0	0	0	0	0.2472381	-1.213899	6.677634	0	0	0
85.04976	-5.75244	-86.56093	12.98279	0	0	0	0	0	0	0	0.001082812	-0.005316431	0.02924559	0	0	0
85.05976	-5.75244	-86.56093	12.98279	0	0	0	0	0	0	0	1.701949E-05	-8.356293E-05	0.0004596781	0	0	0
85.06976	-5.75244	-86.56093	12.98279	0	0	0	0	0	0	0	5.415584E-08	-2.658964E-07	1.462691E-06	0	0	0
85.07977	-5.75244	-86.56093	12.98279	0	0	0	0	0	0	0	8.512142E-10	-4.179323E-09	2.299038E-08	0	0	0
85.08977	-5.688553	-86.56093	12.98044	0	0	0	0	0	0	0	0.4519754	0	-0.0165482	0	0	0
85.09977	-5.692465	-86.54146	12.87359	0	0	0	0	0	0	0	-0.4026352	2.013556	-11.02564	0	0	0
85.10977	-5.636268	-86.50227	12.65761	0	0	0	0	0	0	0	7.309318	3.648235	-20.08471	0	0	0
85.11977	-5.325565	-86.50649	12.37069	0	0	0	0	0	0	0	17.05523	-1.997678	-17.57003	0	0	0
85.12978	-4.878243	-86.49653	12.30262	0	0	0	0	0	0	0	34.07522	1.704291	-10.63202	0	0	0
85.13978	-4.237988	-86.48654	12.23048	0	0	0	0	0	0	0	36.00855	0.04296473	-1.209052	0	0	0
85.14978	-3.658943	-86.49653	12.26927	0	0	0	0	0	0	0	45.73161	-1.199306	5.352787	0	0	0
85.15978	-3.078134	-86.52635	12.41703	0	0	0	0	0	0	0	28.6016	-0.9410398	4.510687	0	0	0
85.16978	-2.755641	-86.54613	12.51787	0	0	0	0	0	0	0	29.001	-0.6438268	2.975218	0	0	0
85.17979	-2.562526	-86.55598	12.56802	0	0	0	0	0	0	0	9.382734	-0.02220583	-0.03376375	0	0	0
85.18979	-2.373604	-86.51643	12.35128	0	0	0	0	0	0	0	20.91949	2.437315	-13.43256	0	0	0
85.19979	-1.862537	-86.59398	12.16679	0	0	0	0	0	0	0	31.23915	-6.396008	-3.941381	0	0	0
85.20979	-1.220501	-86.75517	12.13469	0	0	0	0	0	0	0	46.2468	-10.11368	-1.987114	0	0	0
85.2198	-0.4493546	-86.77512	12.2374	0	0	0	0	0	0	0	44.21536	-2.747789	13.93299	0	0	0
85.2298	0.4485856	-86.8246	12.50454	0	0	0	0	0	0	0	46.83061	-2.283144	12.52896	0	0	0
85.2398	1.025333	-86.8246	12.50727	0	0	0	0	0	0	0	26.09885	-0.005278288	0.2003655	0	0	0
85.2498	1.28217	-86.86848	12.44718	0	0	0	0	0	0	0	15.22159	0.8870199	-7.454674	0	0	0
85.2598	1.602878	-86.97596	12.43313	0	0	0	0	0	0	0	14.31248	-2.846076	-0.360878	0	0	0
85.26981	1.66699	-86.97596	12.4338	0	0	0	0	0	0	0	15.64343	-0.0615714	0.1562627	0	0	0
85.27981	1.6666	-87.09332	12.4703	0	0	0	0	0	0	0	0.05233812	-13.27991	1.511998	0	0	0
85.28981	1.665457	-87.11295	12.57718	0	0	0	0	0	0	0	-0.188519	-3.539652	17.771	0	0	0
85.29981	1.664886	-87.12274	12.63062	0	0	0	0	0	0	0	-0.002114088	-0.03714785	0.1981746	0	0	0
85.30981	1.664886	-87.12274	12.63062	0	0	0	0	0	0	0	-3.322895E-05	-0.0005838849	0.003114881	0	0	0
85.31982	1.665457	-87.11295	12.57718	0	0	0	0	0	0	0	0.1304674	2.23746	-12.20282	0	0	0
85.32982	1.666119	-87.1569	12.5153	0	0	0	0	0	0	0	0.0739866	0.2656936	-6.920083	0	0	0
85.33982	1.794373	-87.21066	12.50831	0	0	0	0	0	0	0	9.625862	-0.2650485	0.02743423	0	0	0
85.34982	1.922536	-87.21066	12.50984	0	0	0	0	0	0	0	9.676073	-0.003026773	0.1184174	0	0	0
85.35983	2.113442	-87.28401	12.61082	0	0	0	0	0	0	0	9.742424	-8.313877	3.964966	0	0	0
85.36983	2.175987	-87.30352	12.71861	0	0	0	0	0	0	0	2.298279	-1.44633	6.414569	0	0	0
85.37983	2.173745	-87.33263	12.87899	0	0	0	0	0	0	0	-0.197555	-2.691498	14.8768	0	0	0
85.38983	2.10909	-87.34229	12.93157	0	0	0	0	0	0	0	-8.079233	-1.263342	6.893908	0	0	0
85.39983	2.045775	-87.27887	12.88564	0	0	0	0	0	0	0	-8.473789	3.127416	-6.944	0	0	0
85.40984	2.045775	-87.27887	12.88564	0	0	0	0	0	0	0	-0.2294944	0.05601182	-0.1933084	0	0	0
85.41984	2.046478	-87.26919	12.83218	0	0	0	0	0	0	0	0.01628681	0.2510392	-1.384034	0	0	0
85.42984	2.046478	-87.26919	12.83218	0	0	0	0	0	0	0	0.0001859905	0.002866792	-0.01580525	0	0	0
85.43984	2.046478	-87.26919	12.83218	0	0	0	0	0	0	0	1.121159E-06	1.728116E-05	-9.527477E-05	0	0	0
85.44984	2.046478	-87.26919	12.83218	0	0	0	0	0	0	0	1.970603E-08	2.714342E-07	-1.497518E-06	0	0	0
85.45985	1.979803	-87.30778	13.04523	0	0	0	0	0	0	0	-2.42393	-2.95012	16.40039	0	0	0
85.46985	1.656791	-87.20374	13.38775	0	0	0	0	0	0	0	-16.70493	7.542441	14.85661	0	0	0
85.47985	1.401347	-87.15946	13.44722	0	0	0	0	0	0	0	-25.08101	1.827566	-1.294398	0	0	0
85.48985	0.8932645	-87.05819	13.18445	0	0	0	0	0	0	0	-23.04428	3.612349	-19.13681	0	0	0
85.49986	0.8300323	-87.03903	13.07712	0	0	0	0	0	0	0	-1.612473	1.413531	-7.855004	0	0	0
85.50986	0.9581105	-87.08316	13.01587	0	0	0	0	0	0	0	9.040621	-0.3043205	-0.414772	0	0	0
85.51986	1.149729	-87.08316	13.01717	0	0	0	0	0	0	0	14.54051	-0.006583605	0.09744514	0	0	0
85.52986	1.468078	-87.10236	13.12683	0	0	0	0	0	0	0	20.52966	-1.839756	10.46459	0	0	0
85.53986	1.593621	-87.19426	13.33358	0	0	0	0	0	0	0	5.632841	-4.304728	13.61536	0	0	0
85.54987	1.717541	-87.25083	13.656	0	0	0	0	0	0	0	0.5309293	-3.036603	17.33097	0	0	0
85.55987	1.715758	-87.27882	13.81659	0	0	0	0	0	0	0	-0.05077834	-0.9720891	5.59642	0	0	0
85.56987	1.711596	-87.34338	14.19141	0	0	0	0	0	0	0	-0.1803731	-2.774477	16.24894	0	0	0
85.57987	1.645915	-87.37978	14.40499	0	0	0	0	0	0	0	-0.7992755	-3.217356	19.02333	0	0	0
85.58987	1.708027	-87.39786	14.51284	0	0	0	0	0	0	0	2.121507	-1.233431	7.356151	0	0	0
85.59988	1.705553	-87.37999	14.73568	0	0	0	0	0	0	0	-0.08145031	-0.5018417	11.62266	0	0	0
85.60988	1.704363	-87.3978	14.84288	0	0	0	0	0	0	0	-0.02943961	-0.4350486	2.677364	0	0	0
85.61988	1.703768	-87.40668	14.89648	0	0	0	0	0	0	0	-0.01128794	-0.168007	1.016968	0	0	0
85.62988	1.703172	-87.41553	14.95009	0	0	0	0	0	0	0	-0.02093226	-0.3108537	1.885312	0	0	0
85.63988	1.702577	-87.42435	15.00371	0	0	0	0	0	0	0	-0.1039711	-1.540102	9.364386	0	0	0
85.64989	1.702577	-87.42435	15.00371	0	0	0	0	0	0	0	-0.0003308351	-0.004900588	0.02979738	0	0	0
85.65989	1.700196	-87.45945	15.21819	0	0	0	0	0	0	0	-0.2638029	-3.867889	23.75998	0	0	0
85.66989	1.825491	-87.46817	15.27328	0	0	0	0	0	0	0	6.007615	-1.190481	7.404438	0	0	0
85.67989	1.888436	-87.46817	15.27404	0	0	0	0	0	0	0	10.86084	-0.06083723	0.5087159	0	0	0
85.6899	1.950697	-87.47687	15.32846	0	0	0	0	0	0	0	0.4659648	-0.1637888	1.017417	0	0	0
85.6999	2.013619	-87.47687	15.32928	0	0	0	0	0	0	0	1.590603	-0.003543372	0.04281312	0	0	0
85.7099	2.013619	-87.47687	15.32928	0	0	0	0	0	0	0	0.005061281	-1.127497E-05	0.0001362309	0	0	0
85.7199	2.013619	-87.47687	15.32928	0	0	0	0	0	0	0	5.77983E-05	-1.287568E-07	1.555716E-06	0	0	0
85.7299	2.013619	-87.47687	15.32928	0	0	0	0	0	0	0	4.795464E-07	-1.068281E-09	1.290761E-08	0	0	0
85.73991	2.013507	-87.42313	15.33778	0	0	0	0	0	0	0	-0.001553458	0.7453679	0.1180526	0	0	0
85.74991	2.013507	-87.42313	15.33778	0	0	0	0	0	0	0	-4.94312E-06	0.002371753	0.000375642	0	0	0
85.75991	2.013507	-87.42313	15.33778	0	0	0	0	0	0	0	-1.069384E-07	5.130999E-05	8.126558E-06	0	0	0
85.76991	2.076425	-87.42313	15.33862	0	0	0	0	0	0	0	2.167297	1.18621E-07	0.0294111	0	0	0
85.77991	2.076425	-87.42313	15.33862	0	0	0	0	0	0	0	0.04688684	2.566222E-09	0.0006362734	0	0	0
85.78992	2.138593	-87.4318	15.39312	0	0	0	0	0	0	0	0.4229663	-0.01277471	0.0850094	0	0	0
85.79992	2.199172	-87.4577	15.55494	0	0	0	0	0	0	0	0.8784282	-3.213439	20.06471	0	0	0
85.80992	2.387658	-87.4577	15.55777	0	0	0	0	0	0	0	12.14692	-0.07634214	0.6662066	0	0	0
85.81992	2.513313	-87.4577	15.55979	0	0	0	0	0	0	0	7.264003	-0.000871804	0.1249291	0	0	0
85.82993	2.63804	-87.46629	15.61555	0	0	0	0	0	0	0	11.28225	-2.025238	12.8661	0	0	0
85.83993	2.762677	-87.47485	15.67142	0	0	0	0	0	0	0	11.05666	-0.5656477	3.748463	0	0	0
85.84993	2.825458	-87.47485	15.67257	0	0	0	0	0	0	0	2.464654	-0.0122371	0.1223768	0	0	0
85.85993	3.013798	-87.47485	15.67617	0	0	0	0	0	0	0	11.14393	-0.000139744	0.220859	0	0	0
85.86993	3.076406	-87.42111	15.68595	0	0	0	0	0	0	0	3.233641	0.9782596	0.2205654	0	0	0
85.87994	3.13918	-87.42111	15.68723	0	0	0	0	0	0	0	4.132931	0.02116346	0.08834679	0	0	0
85.88994	3.206455	-87.38672	15.47396	0	0	0	0	0	0	0	2.39775	2.833183	-17.53772	0	0	0
85.89994	3.208705	-87.36938	15.3667	0	0	0	0	0	0	0	0.09541006	0.5577652	-3.442934	0	0	0
85.90994	3.338023	-87.34323	15.20853	0	0	0	0	0	0	0	6.654862	1.885429	-11.41068	0	0	0
85.91994	3.591162	-87.33447	15.16061	0	0	0	0	0	0	0	14.59051	0.05259842	0.02047814	0	0	0
85.92995	3.970488	-87.32568	15.11633	0	0	0	0	0	0	0	18.12032	0.009198912	0.4134238	0	0	0
85.93995	4.159513	-87.32568	15.12135	0	0	0	0	0	0	0	14.14713	0.0001990073	0.3828214	0	0	0
85.94995	4.348532	-87.32568	15.12659	0	0	0	0	0	0	0	18.78067	3.127969E-06	0.5329828	0	0	0
85.95995	4.411537	-87.32568	15.1284	0	0	0	0	0	0	0	2.349379	2.595243E-08	0.06764287	0	0	0
85.96996	4.476107	-87.31687	15.07662	0	0	0	0	0	0	0	2.260881	0.08245749	-0.435591	0	0	0
85.97996	4.477672	-87.30804	15.02303	0	0	0	0	0	0	0	0.04725121	0.121946	-0.7385753	0	0	0
85.98996	4.540971	-87.36179	15.01637	0	0	0	0	0	0	0	8.41234	-9.141745	-1.208184	0	0	0
85.99996	4.542559	-87.35294	14.96278	0	0	0	0	0	0	0	0.4528729	-0.07752006	-0.7459427	0	0	0
86.00996	4.605631	-87.35294	14.96466	0	0	0	0	0	0	0	2.980825	-0.000246668	0.08708756	0	0	0
86.01997	4.668702	-87.35294	14.96656	0	0	0	0	0	0	0	8.70973	-5.336362E-06	0.2650555	0	0	0
86.02997	4.731773	-87.35294	14.9685	0	0	0	0	0	0	0	5.7052	-1.698025E-08	0.1760035	0	0	0
86.03997	4.731773	-87.35294	14.9685	0	0	0	0	0	0	0	0.08967356	4.141132E-10	0.002766399	0	0	0
86.04997	4.731773	-87.35294	14.9685	0	0	0	0	0	0	0	0.0003927372	0	1.211582E-05	0	0	0
86.05997	4.733426	-87.34406	14.91491	0	0	0	0	0	0	0	0.288506	1.550416	-9.351788	0	0	0
86.06998	4.863003	-87.32625	14.8117	0	0	0	0	0	0	0	10.87215	0.6667413	-3.660981	0	0	0
86.07998	4.927856	-87.31731	14.76015	0	0	0	0	0	0	0	4.508868	0.07402454	-0.2989151	0	0	0
86.08998	5.11732	-87.31731	14.76634	0	0	0	0	0	0	0	3.914152	0.0003242003	0.1284745	0	0	0
86.09998	5.306777	-87.31731	14.77277	0	0	0	0	0	0	0	11.34036	2.689856E-06	0.3918439	0	0	0
86.10999	5.433076	-87.31731	14.77719	0	0	0	0	0	0	0	6.370656	2.231745E-08	0.22538	0	0	0
86.11999	5.559372	-87.31731	14.78171	0	0	0	0	0	0	0	6.495747	3.507827E-10	0.2351545	0	0	0
86.12999	5.685665	-87.31731	14.78633	0	0	0	0	0	0	0	2.288672	0	0.08473764	0	0	0
86.13999	5.750814	-87.30835	14.73513	0	0	0	0	0	0	0	3.144337	0.4278544	-2.440194	0	0	0
86.14999	5.879194	-87.29937	14.68636	0	0	0	0	0	0	0	15.65238	2.06789	-11.73344	0	0	0
86.16	6.005565	-87.29937	14.69124	0	0	0	0	0	0	0	3.369686	0.002523534	0.1166499	0	0	0
86.17	6.068748	-87.29937	14.69372	0	0	0	0	0	0	0	5.651617	2.8818E-05	0.2230422	0	0	0
86.18	6.068748	-87.29937	14.69372	0	0	0	0	0	0	0	0.08883135	4.529574E-07	0.003505747	0	0	0
86.19	6.068748	-87.29937	14.69372	0	0	0	0	0	0	0	0.001921758	9.799181E-09	7.584257E-05	0	0	0
86.2	6.068748	-87.29937	14.69372	0	0	0	0	0	0	0	1.594461E-05	0	6.29742E-07	0	0	0
86.21001	6.070863	-87.29037	14.64018	0	0	0	0	0	0	0	0.5067738	2.160168	-12.83113	0	0	0
86.22001	6.136205	-87.28134	14.58915	0	0	0	0	0	0	0	8.474421	0.1465673	-0.5316052	0	0	0
86.23001	6.138341	-87.27229	14.53561	0	0	0	0	0	0	0	0.2676313	0.1632996	-0.9560117	0	0	0
86.24001	6.203747	-87.26323	14.48462	0	0	0	0	0	0	0	3.124338	0.08849063	-0.3965839	0	0	0
86.25002	6.332486	-87.25414	14.43624	0	0	0	0	0	0	0	6.454117	0.1685206	-0.7271836	0	0	0
86.26002	6.585634	-87.25414	14.44687	0	0	0	0	0	0	0	16.57205	0.00101585	0.7031464	0	0	0
86.27002	6.712202	-87.25414	14.45233	0	0	0	0	0	0	0	11.15738	2.197668E-05	0.4864964	0	0	0
86.28002	6.902044	-87.25414	14.46073	0	0	0	0	0	0	0	19.79761	2.50967E-07	0.8879356	0	0	0
86.29002	7.0286	-87.25414	14.46646	0	0	0	0	0	0	0	17.7746	3.944665E-09	0.8118511	0	0	0
86.30003	7.091876	-87.25414	14.46936	0	0	0	0	0	0	0	0.5292526	0	0.02439159	0	0	0
86.31003	7.155151	-87.25414	14.47229	0	0	0	0	0	0	0	11.08646	0	0.5155085	0	0	0
86.32003	7.155151	-87.25414	14.47229	0	0	0	0	0	0	0	0.03527699	0	0.001640343	0	0	0
86.33003	7.155151	-87.25414	14.47229	0	0	0	0	0	0	0	0.0007631747	0	3.548682E-05	0	0	0
86.34003	7.157639	-87.24503	14.41878	0	0	0	0	0	0	0	0.004825058	0.01768026	-0.103695	0	0	0
86.35004	7.160522	-87.28963	14.35678	0	0	0	0	0	0	0	0.1065507	-2.302371	-2.291462	0	0	0
86.36004	7.160522	-87.28963	14.35678	0	0	0	0	0	0	0	0.001216775	-0.02629238	-0.02616781	0	0	0
86.37004	7.16301	-87.28047	14.30328	0	0	0	0	0	0	0	0.02406366	0.08831978	-0.5175098	0	0	0
86.38004	7.16301	-87.28047	14.30328	0	0	0	0	0	0	0	0.000520588	0.001910691	-0.0111957	0	0	0
86.39005	7.16301	-87.28047	14.30328	0	0	0	0	0	0	0	8.182531E-06	3.003198E-05	-0.0001759724	0	0	0
86.40005	7.16301	-87.28047	14.30328	0	0	0	0	0	0	0	2.603401E-08	9.59316E-08	-5.598839E-07	0	0	0
86.41005	7.17296	-87.24363	14.0893	0	0	0	0	0	0	0	0.8783017	3.268148	-18.88864	0	0	0
86.42005	7.177933	-87.22508	13.98234	0	0	0	0	0	0	0	0.3048023	1.139674	-6.555037	0	0	0
86.43005	7.310344	-87.26019	13.87287	0	0	0	0	0	0	0	4.712063	0.2254686	-2.732242	0	0	0
86.44006	7.37682	-87.30458	13.81398	0	0	0	0	0	0	0	4.341912	-0.5442377	-2.567297	0	0	0
86.45006	7.44077	-87.35834	13.8086	0	0	0	0	0	0	0	0.3584352	-1.862782	-0.2835764	0	0	0
86.46006	7.568274	-87.41209	13.80637	0	0	0	0	0	0	0	15.87994	-2.581742	0.3735758	0	0	0
86.47006	7.634461	-87.40272	13.75603	0	0	0	0	0	0	0	3.416161	0.4441461	-2.492891	0	0	0
86.48006	7.69803	-87.40272	13.75919	0	0	0	0	0	0	0	1.256884	0.00960856	0.005006436	0	0	0
86.49007	7.76428	-87.39332	13.70891	0	0	0	0	0	0	0	2.231778	2.239549	-12.64506	0	0	0
86.50007	7.769647	-87.37447	13.60202	0	0	0	0	0	0	0	0.5613255	1.855568	-10.49137	0	0	0
86.51007	7.775434	-87.40928	13.48676	0	0	0	0	0	0	0	0.1819328	0.2779991	-3.621361	0	0	0
86.52007	7.846627	-87.6591	13.34153	0	0	0	0	0	0	0	0.009315206	-0.0008811531	0.0003356801	0	0	0
86.53008	7.846627	-87.6591	13.34153	0	0	0	0	0	0	0	0.0001464151	-1.384985E-05	5.276175E-06	0	0	0
86.54008	7.846627	-87.6591	13.34153	0	0	0	0	0	0	0	1.21479E-06	-1.149145E-07	4.379723E-08	0	0	0
86.55008	7.846627	-87.6591	13.34153	0	0	0	0	0	0	0	1.90939E-08	-1.806211E-09	6.883988E-10	0	0	0
86.56008	7.846627	-87.6591	13.34153	0	0	0	0	0	0	0	0	0	0	0	0	0
86.57008	7.846627	-87.6591	13.34153	0	0	0	0	0	0	0	0	0	0	0	0	0
86.58009	7.846627	-87.6591	13.34153	0	0	0	0	0	0	0	0	0	0	0	0	0
86.59009	7.846627	-87.6591	13.34153	0	0	0	0	0	0	0	0	0	0	0	0	0
86.60009	7.846627	-87.6591	13.34153	0	0	0	0	0	0	0	0	0	0	0	0	0
86.61009	7.846627	-87.6591	13.34153	0	0	0	0	0	0	0	0	0	0	0	0	0
86.62009	7.846627	-87.6591	13.34153	0	0	0	0	0	0	0	0	0	0	0	0	0
86.6301	7.847044	-87.71288	13.33328	0	0	0	0	0	0	0	0.001510693	-0.1948209	-0.02984343	0	0	0
86.6401	7.847044	-87.71288	13.33328	0	0	0	0	0	0	0	2.374487E-05	-0.003062169	-0.0004690749	0	0	0
86.6501	7.847044	-87.71288	13.33328	0	0	0	0	0	0	0	7.555592E-08	-9.74379E-06	-1.492591E-06	0	0	0
86.6601	7.847044	-87.71288	13.33328	0	0	0	0	0	0	0	1.63456E-09	-2.10795E-07	-3.22904E-08	0	0	0
86.6701	7.919385	-87.73795	13.16804	0	0	0	0	0	0	0	15.05522	0.4087952	-3.78388	0	0	0
86.68011	7.919385	-87.73795	13.16804	0	0	0	0	0	0	0	0.3257013	0.008843787	-0.08185963	0	0	0
86.69011	7.983195	-87.73795	13.17131	0	0	0	0	0	0	0	15.51464	3.873254E-05	0.7977222	0	0	0
86.70011	7.983195	-87.73795	13.17131	0	0	0	0	0	0	0	0.3356405	8.379314E-07	0.01725775	0	0	0
86.71011	7.983195	-87.73795	13.17131	0	0	0	0	0	0	0	0.0007759506	1.937172E-09	3.989734E-05	0	0	0
86.72012	7.983195	-87.73795	13.17131	0	0	0	0	0	0	0	1.678672E-05	0	8.635959E-07	0	0	0
86.73012	7.985942	-87.72833	13.1179	0	0	0	0	0	0	0	0.3630431	1.271765	-7.056893	0	0	0
86.74012	7.985942	-87.72833	13.1179	0	0	0	0	0	0	0	0.001994501	0.006986875	-0.03876944	0	0	0
86.75012	7.98869	-87.7187	13.06449	0	0	0	0	0	0	0	0.1823667	0.6403368	-3.544875	0	0	0
86.76012	7.98869	-87.7187	13.06449	0	0	0	0	0	0	0	0.002082573	0.007312452	-0.0404814	0	0	0
86.77013	7.98869	-87.7187	13.06449	0	0	0	0	0	0	0	1.727889E-05	6.067065E-05	-0.0003358699	0	0	0
86.78013	7.991437	-87.70904	13.01109	0	0	0	0	0	0	0	0.1840935	0.6479077	-3.578441	0	0	0
86.79013	7.991437	-87.70904	13.01109	0	0	0	0	0	0	0	0.0005857836	0.002061635	-0.01138656	0	0	0
86.80013	7.994184	-87.69936	12.95769	0	0	0	0	0	0	0	0.132459	0.4672676	-2.57476	0	0	0
86.81013	7.994184	-87.69936	12.95769	0	0	0	0	0	0	0	0.0004214831	0.001486841	-0.00819286	0	0	0
86.82014	7.994184	-87.69936	12.95769	0	0	0	0	0	0	0	9.118275E-06	3.216599E-05	-0.0001772426	0	0	0
86.83014	7.996932	-87.68965	12.9043	0	0	0	0	0	0	0	0.004223896	0.01493499	-0.08210479	0	0	0
86.84014	7.999678	-87.67993	12.85091	0	0	0	0	0	0	0	0.06897111	0.2444354	-1.340672	0	0	0
86.85014	7.999678	-87.67993	12.85091	0	0	0	0	0	0	0	0.0007876292	0.002791378	-0.01531007	0	0	0
86.86015	8.002424	-87.67019	12.79752	0	0	0	0	0	0	0	0.3571313	1.268609	-6.941979	0	0	0
86.87015	8.002424	-87.67019	12.79752	0	0	0	0	0	0	0	0.005613342	0.01993983	-0.1091131	0	0	0
86.88015	8.005171	-87.66042	12.74413	0	0	0	0	0	0	0	0.3469241	1.235194	-6.743568	0	0	0
86.89015	8.010663	-87.64082	12.63738	0	0	0	0	0	0	0	0.09025392	0.3228213	-1.754371	0	0	0
86.90015	8.010663	-87.64082	12.63738	0	0	0	0	0	0	0	0.0007488273	0.002678415	-0.01455583	0	0	0
86.91016	8.013409	-87.63099	12.58401	0	0	0	0	0	0	0	0.09450661	0.3388074	-1.837036	0	0	0
86.92016	8.016154	-87.62114	12.53064	0	0	0	0	0	0	0	0.06873656	0.2469851	-1.336113	0	0	0
86.93016	8.021645	-87.60136	12.42392	0	0	0	0	0	0	0	0.4443154	1.603809	-8.636678	0	0	0
86.94016	8.091293	-87.5815	12.32053	0	0	0	0	0	0	0	10.81275	0.3671833	-1.4129	0	0	0
86.95016	8.161029	-87.56155	12.21719	0	0	0	0	0	0	0	3.455076	1.425262	-7.445873	0	0	0
86.96017	8.295093	-87.54152	12.11729	0	0	0	0	0	0	0	6.135338	0.1398096	-0.4190328	0	0	0
86.97017	8.359334	-87.54152	12.12071	0	0	0	0	0	0	0	4.563551	0.00302461	0.2280683	0	0	0
86.98017	8.423574	-87.54152	12.12416	0	0	0	0	0	0	0	0.349943	1.324668E-05	0.01879808	0	0	0
86.99017	8.423574	-87.54152	12.12416	0	0	0	0	0	0	0	0.00757059	2.865759E-07	0.0004066736	0	0	0
87.00018	8.42645	-87.53147	12.07084	0	0	0	0	0	0	0	0.005767837	0.0200989	-0.1065236	0	0	0
87.01018	8.429325	-87.5214	12.01752	0	0	0	0	0	0	0	0.1009995	0.3542137	-1.87315	0	0	0
87.02018	8.429325	-87.5214	12.01752	0	0	0	0	0	0	0	0.0003213793	0.001127104	-0.005960342	0	0	0
87.03018	8.429325	-87.5214	12.01752	0	0	0	0	0	0	0	3.670028E-06	1.287119E-05	-6.806531E-05	0	0	0
87.04018	8.429325	-87.5214	12.01752	0	0	0	0	0	0	0	1.607338E-08	5.637108E-08	-2.98101E-07	0	0	0
87.05019	8.432199	-87.51131	11.9642	0	0	0	0	0	0	0	0.1320445	0.4641297	-2.448933	0	0	0
87.06019	8.432199	-87.51131	11.9642	0	0	0	0	0	0	0	0.0005783066	0.002032717	-0.01072543	0	0	0
87.07019	8.432199	-87.51131	11.9642	0	0	0	0	0	0	0	1.336958E-06	4.69934E-06	-2.479558E-05	0	0	0
87.08019	8.435074	-87.50119	11.91089	0	0	0	0	0	0	0	0.02708363	0.0954099	-0.5023002	0	0	0
87.09019	8.435074	-87.50119	11.91089	0	0	0	0	0	0	0	0.0001186164	0.0004178603	-0.002199891	0	0	0
87.1002	8.437948	-87.49106	11.85758	0	0	0	0	0	0	0	0.02753112	0.09720218	-0.5105994	0	0	0
87.1102	8.437948	-87.49106	11.85758	0	0	0	0	0	0	0	0.0001205762	0.0004257098	-0.002236238	0	0	0
87.1202	8.502297	-87.49106	11.86107	0	0	0	0	0	0	0	0.8458058	6.691249E-06	0.04591875	0	0	0
87.1302	8.575397	-87.46052	11.70469	0	0	0	0	0	0	0	11.43753	1.082423	-5.038822	0	0	0
87.14021	8.63981	-87.46052	11.70823	0	0	0	0	0	0	0	8.913057	0.02341691	0.3690556	0	0	0
87.15021	8.710141	-87.44005	11.60523	0	0	0	0	0	0	0	1.186748	0.9622499	-4.948164	0	0	0
87.16021	8.713101	-87.42978	11.55195	0	0	0	0	0	0	0	0.5133162	1.746081	-9.050026	0	0	0
87.17021	8.716063	-87.41949	11.49868	0	0	0	0	0	0	0	0.3751393	1.304966	-6.749325	0	0	0
87.18021	8.716063	-87.41949	11.49868	0	0	0	0	0	0	0	0.003112492	0.01082717	-0.05599844	0	0	0
87.19022	8.783541	-87.40918	11.44901	0	0	0	0	0	0	0	2.571079	0.9187602	-4.612294	0	0	0
87.20022	8.851061	-87.39885	11.39937	0	0	0	0	0	0	0	15.434	2.367933	-11.36146	0	0	0
87.21022	8.921648	-87.37811	11.29651	0	0	0	0	0	0	0	8.346985	0.5249522	-2.225827	0	0	0
87.22022	8.989275	-87.36772	11.24695	0	0	0	0	0	0	0	2.699012	1.750964	-8.832003	0	0	0
87.23022	9.056943	-87.3573	11.19741	0	0	0	0	0	0	0	1.037785	1.338923	-6.797213	0	0	0
87.24023	9.121563	-87.3573	11.20115	0	0	0	0	0	0	0	0.8765951	0.021045	-0.05689914	0	0	0
87.25023	9.192406	-87.3364	11.09845	0	0	0	0	0	0	0	8.460911	1.333853	-6.307361	0	0	0
87.26023	9.2602	-87.32591	11.04902	0	0	0	0	0	0	0	9.27807	1.436223	-6.762223	0	0	0
87.27023	9.334345	-87.29433	10.89319	0	0	0	0	0	0	0	3.727877	1.50586	-7.392841	0	0	0
87.28024	9.528576	-87.29433	10.90483	0	0	0	0	0	0	0	20.19733	0.01719647	1.135388	0	0	0
87.29024	9.726078	-87.28375	10.8635	0	0	0	0	0	0	0	10.68549	0.1059525	0.1252686	0	0	0
87.30024	9.930397	-87.25191	10.71606	0	0	0	0	0	0	0	12.92949	1.039322	-4.397057	0	0	0
87.31024	9.930397	-87.25191	10.71606	0	0	0	0	0	0	0	0.2032239	0.01633591	-0.06911235	0	0	0
87.32024	9.998587	-87.24125	10.66698	0	0	0	0	0	0	0	0.1395261	0.04048802	-0.1937514	0	0	0
87.33025	10.06682	-87.23058	10.61794	0	0	0	0	0	0	0	1.786031	0.2799722	-1.284046	0	0	0
87.34025	10.06629	-87.17679	10.62616	0	0	0	0	0	0	0	-0.0589372	7.552081	1.144977	0	0	0
87.35025	10.13456	-87.16608	10.57715	0	0	0	0	0	0	0	4.653039	0.8938748	-2.161603	0	0	0
87.36025	10.20631	-87.14462	10.47502	0	0	0	0	0	0	0	0.3181544	0.2184685	-1.058944	0	0	0
87.37025	10.27469	-87.13385	10.42608	0	0	0	0	0	0	0	0.91978	0.1485868	-0.6758632	0	0	0
87.38026	10.34658	-87.11225	10.32403	0	0	0	0	0	0	0	0.7035204	1.426764	-6.989984	0	0	0
87.39026	10.34658	-87.11225	10.32403	0	0	0	0	0	0	0	0.001181673	0.002396475	-0.01174078	0	0	0
87.40026	10.35006	-87.10143	10.2709	0	0	0	0	0	0	0	0.450642	1.404565	-6.882633	0	0	0
87.41026	10.35006	-87.10143	10.2709	0	0	0	0	0	0	0	0.001433938	0.00446931	-0.02190047	0	0	0
87.42027	10.35354	-87.09057	10.21777	0	0	0	0	0	0	0	0.04684306	0.146308	-0.7154458	0	0	0
87.43027	10.35702	-87.07969	10.16465	0	0	0	0	0	0	0	0.08778741	0.2747626	-1.340799	0	0	0
87.44027	10.36451	-87.11166	10.05019	0	0	0	0	0	0	0	1.059094	-3.44594	-16.17581	0	0	0
87.45027	10.37494	-87.07877	9.890865	0	0	0	0	0	0	0	0.8775746	2.697834	-13.40342	0	0	0
87.46027	10.3819	-87.05674	9.784673	0	0	0	0	0	0	0	1.004956	3.190227	-15.34894	0	0	0
87.47028	10.38591	-87.09948	9.723385	0	0	0	0	0	0	0	0.4465446	0.6805274	-6.820189	0	0	0
87.48028	10.45517	-87.1422	9.666409	0	0	0	0	0	0	0	0.5629826	0.5340804	-3.534154	0	0	0
87.49028	10.45571	-87.19599	9.658255	0	0	0	0	0	0	0	0.007444024	-0.2735819	-0.07140788	0	0	0
87.50028	10.45571	-87.19599	9.658255	0	0	0	0	0	0	0	6.176229E-05	-0.00226988	-0.0005924638	0	0	0
87.51028	10.45571	-87.19599	9.658255	0	0	0	0	0	0	0	9.707712E-07	-3.567767E-05	-9.312264E-06	0	0	0
87.52029	10.4662	-87.16265	9.499031	0	0	0	0	0	0	0	1.377639	4.391768	-20.90915	0	0	0
87.53029	10.4697	-87.15149	9.445966	0	0	0	0	0	0	0	0.144346	0.4610938	-2.190814	0	0	0
87.54029	10.47373	-87.19411	9.384772	0	0	0	0	0	0	0	0.3321518	-0.790861	-5.041241	0	0	0
87.55029	10.47722	-87.18291	9.331716	0	0	0	0	0	0	0	0.4379497	1.383467	-6.646991	0	0	0
87.5603	10.54261	-87.18291	9.336038	0	0	0	0	0	0	0	15.38291	0.008339604	0.9796425	0	0	0
87.5703	10.54315	-87.23671	9.327927	0	0	0	0	0	0	0	0.5240172	-6.606921	-0.9655025	0	0	0
87.5803	10.54315	-87.23671	9.327927	0	0	0	0	0	0	0	0.001667417	-0.02102315	-0.003072219	0	0	0
87.5903	10.54315	-87.23671	9.327927	0	0	0	0	0	0	0	3.607254E-05	-0.0004548104	-6.646371E-05	0	0	0
87.6003	10.54315	-87.23671	9.327927	0	0	0	0	0	0	0	1.579607E-07	-1.991978E-06	-2.907271E-07	0	0	0
87.61031	10.54315	-87.23671	9.327927	0	0	0	0	0	0	0	3.417287E-09	-4.309403E-08	-6.289528E-09	0	0	0
87.62031	10.54369	-87.29051	9.319839	0	0	0	0	0	0	0	0.009922873	-0.9969237	-0.1496665	0	0	0
87.63031	10.54422	-87.34431	9.311771	0	0	0	0	0	0	0	0.06512097	-6.560718	-0.9822181	0	0	0
87.64031	10.54422	-87.34431	9.311771	0	0	0	0	0	0	0	0.001023563	-0.1031205	-0.01543837	0	0	0
87.65031	10.54475	-87.39812	9.303727	0	0	0	0	0	0	0	0.001060128	-0.1071021	-0.01598988	0	0	0
87.66032	10.54475	-87.39812	9.303727	0	0	0	0	0	0	0	2.293458E-05	-0.002317024	-0.0003459217	0	0	0
87.67032	10.54827	-87.38691	9.250676	0	0	0	0	0	0	0	0.2270559	0.7251774	-3.424679	0	0	0
87.68032	10.55882	-87.35311	9.091553	0	0	0	0	0	0	0	0.8479589	2.724628	-12.78974	0	0	0
87.69032	10.57288	-87.30775	8.879452	0	0	0	0	0	0	0	0.3001012	0.9720041	-4.526419	0	0	0
87.70033	10.64553	-87.28493	8.777793	0	0	0	0	0	0	0	1.153864	2.216344	-10.24864	0	0	0
87.71033	10.77676	-87.28493	8.786602	0	0	0	0	0	0	0	11.71352	0.009706772	0.7458951	0	0	0
87.72033	10.91215	-87.32731	8.7345	0	0	0	0	0	0	0	15.62498	-0.01512477	1.065313	0	0	0
87.73033	10.91215	-87.32731	8.7345	0	0	0	0	0	0	0	0.06843167	-6.624094E-05	0.004665682	0	0	0
87.74033	10.92302	-87.29286	8.575537	0	0	0	0	0	0	0	1.231769	3.911106	-17.9957	0	0	0
87.75034	10.93026	-87.26979	8.469584	0	0	0	0	0	0	0	0.1077809	0.3439712	-1.576476	0	0	0
87.76034	10.99965	-87.25822	8.421125	0	0	0	0	0	0	0	1.246203	0.2149775	-0.9022611	0	0	0
87.77034	11.20063	-87.24663	8.381858	0	0	0	0	0	0	0	16.89281	0.01681243	1.105679	0	0	0
87.78034	11.26641	-87.24663	8.386477	0	0	0	0	0	0	0	1.378106	0.0001919929	0.09618086	0	0	0
87.79034	11.40551	-87.22338	8.289904	0	0	0	0	0	0	0	5.173124	1.327567	-5.697908	0	0	0
87.80035	11.47132	-87.22338	8.294607	0	0	0	0	0	0	0	3.299739	0.03953011	0.05585091	0	0	0
87.81035	11.53714	-87.22338	8.299337	0	0	0	0	0	0	0	0.3382808	9.138772E-05	0.02396709	0	0	0
87.82035	11.54477	-87.20005	8.19347	0	0	0	0	0	0	0	0.5033634	1.525653	-6.908798	0	0	0
87.83035	11.54858	-87.18835	8.140543	0	0	0	0	0	0	0	0.1371246	0.4207964	-1.901957	0	0	0
87.84035	11.5524	-87.17664	8.087621	0	0	0	0	0	0	0	0.07058429	0.2170579	-0.9791843	0	0	0
87.85036	11.55621	-87.16489	8.034704	0	0	0	0	0	0	0	0.09671864	0.2980024	-1.341744	0	0	0
87.86036	11.55621	-87.16489	8.034704	0	0	0	0	0	0	0	0.00209239	0.006446919	-0.029027	0	0	0
87.87036	11.55679	-87.2187	8.026706	0	0	0	0	0	0	0	0.02744943	-2.565298	-0.3807964	0	0	0
87.88036	11.55679	-87.2187	8.026706	0	0	0	0	0	0	0	0.000593835	-0.0554971	-0.008238066	0	0	0
87.89037	11.5606	-87.20695	7.973794	0	0	0	0	0	0	0	0.05285157	0.1629742	-0.7331914	0	0	0
87.90037	11.5606	-87.20695	7.973794	0	0	0	0	0	0	0	0.001143379	0.003525749	-0.0158617	0	0	0
87.91037	11.5606	-87.20695	7.973794	0	0	0	0	0	0	0	3.638221E-06	1.12189E-05	-5.047177E-05	0	0	0
87.92037	11.5606	-87.20695	7.973794	0	0	0	0	0	0	0	7.870567E-08	2.429701E-07	-1.091856E-06	0	0	0
87.93037	11.5606	-87.20695	7.973794	0	0	0	0	0	0	0	2.504406E-10	7.731285E-10	-3.474276E-09	0	0	0
87.94038	11.5606	-87.20695	7.973794	0	0	0	0	0	0	0	0	0	0	0	0	0
87.95038	11.5606	-87.20695	7.973794	0	0	0	0	0	0	0	0	0	0	0	0	0
87.96038	11.5606	-87.20695	7.973794	0	0	0	0	0	0	0	0	0	0	0	0	0
87.97038	11.5606	-87.20695	7.973794	0	0	0	0	0	0	0	0	0	0	0	0	0
87.98038	11.5606	-87.20695	7.973794	0	0	0	0	0	0	0	0	0	0	0	0	0
87.99039	11.57204	-87.17152	7.815084	0	0	0	0	0	0	0	1.333402	4.140105	-18.49783	0	0	0
88.00039	11.57586	-87.15968	7.762191	0	0	0	0	0	0	0	0.04184172	0.1301641	-0.5804557	0	0	0
88.01039	11.58348	-87.13591	7.656419	0	0	0	0	0	0	0	0.1960137	0.6121063	-2.719229	0	0	0
88.02039	11.58729	-87.12399	7.60354	0	0	0	0	0	0	0	0.3525044	1.10289	-4.890171	0	0	0
88.0304	11.5911	-87.11206	7.550666	0	0	0	0	0	0	0	0.07460558	0.2338648	-1.034977	0	0	0
88.0404	11.5911	-87.11206	7.550666	0	0	0	0	0	0	0	0.000449726	0.001409748	-0.006238892	0	0	0
88.0504	11.5911	-87.11206	7.550666	0	0	0	0	0	0	0	5.135734E-06	1.609889E-05	-7.124625E-05	0	0	0
88.0604	11.5911	-87.11206	7.550666	0	0	0	0	0	0	0	1.111054E-07	3.482799E-07	-1.541326E-06	0	0	0
88.0704	11.59491	-87.10011	7.497797	0	0	0	0	0	0	0	0.01929627	0.06060259	-0.2676904	0	0	0
88.08041	11.60692	-87.11792	7.331243	0	0	0	0	0	0	0	1.344209	-2.617707	-18.64774	0	0	0
88.09041	11.60692	-87.11792	7.331243	0	0	0	0	0	0	0	0.02341942	-0.004407476	-0.3248895	0	0	0
88.10041	11.61073	-87.10587	7.278394	0	0	0	0	0	0	0	0.02590904	0.08109335	-0.3594271	0	0	0
88.11041	11.61073	-87.10587	7.278394	0	0	0	0	0	0	0	0.0007714767	0.002414664	-0.01070243	0	0	0
88.12041	11.61454	-87.09381	7.225549	0	0	0	0	0	0	0	0.01924987	0.06103022	-0.2670467	0	0	0
88.13042	11.61454	-87.09381	7.225549	0	0	0	0	0	0	0	0.0002198276	0.0006969466	-0.003049592	0	0	0
88.14042	11.68079	-87.09381	7.230339	0	0	0	0	0	0	0	3.040947	5.782513E-06	0.220436	0	0	0
88.15042	11.68079	-87.09381	7.230339	0	0	0	0	0	0	0	0.02523042	4.797691E-08	0.001828934	0	0	0
88.16042	11.68079	-87.09381	7.230339	0	0	0	0	0	0	0	0.0002093341	3.980594E-10	1.517448E-05	0	0	0
88.17043	11.68462	-87.08172	7.1775	0	0	0	0	0	0	0	0.4797219	1.515139	-6.617047	0	0	0
88.18043	11.68462	-87.08172	7.1775	0	0	0	0	0	0	0	0.0103782	0.03277818	-0.1431518	0	0	0
88.19043	11.68845	-87.06961	7.124667	0	0	0	0	0	0	0	0.01002268	0.03171486	-0.1382484	0	0	0
88.20043	11.68845	-87.06961	7.124667	0	0	0	0	0	0	0	0.0001575351	0.0004984899	-0.002172969	0	0	0
88.21043	11.68845	-87.06961	7.124667	0	0	0	0	0	0	0	5.012749E-07	1.58619E-06	-6.914364E-06	0	0	0
88.22044	11.68845	-87.06961	7.124667	0	0	0	0	0	0	0	1.158873E-09	3.667033E-09	-1.598498E-08	0	0	0
88.23044	11.68845	-87.06961	7.124667	0	0	0	0	0	0	0	0	0	0	0	0	0
88.24044	11.69228	-87.05748	7.071838	0	0	0	0	0	0	0	0.009958856	0.03157198	-0.137368	0	0	0
88.25044	11.69228	-87.05748	7.071838	0	0	0	0	0	0	0	3.168897E-05	0.0001004617	-0.0004371036	0	0	0
88.26044	11.69228	-87.05748	7.071838	0	0	0	0	0	0	0	1.910226E-07	6.055879E-07	-2.634881E-06	0	0	0
88.27045	11.69228	-87.05748	7.071838	0	0	0	0	0	0	0	4.416158E-10	1.400029E-09	-6.091453E-09	0	0	0
88.28045	11.69228	-87.05748	7.071838	0	0	0	0	0	0	0	0	0	0	0	0	0
88.29045	11.69228	-87.05748	7.071838	0	0	0	0	0	0	0	0	0	0	0	0	0
88.30045	11.69228	-87.05748	7.071838	0	0	0	0	0	0	0	0	0	0	0	0	0
88.31046	11.69228	-87.05748	7.071838	0	0	0	0	0	0	0	0	0	0	0	0	0
88.32046	11.69228	-87.05748	7.071838	0	0	0	0	0	0	0	0	0	0	0	0	0
88.33046	11.69611	-87.04533	7.019015	0	0	0	0	0	0	0	0.0266486	0.08464059	-0.367579	0	0	0
88.34046	11.71583	-87.03807	6.747018	0	0	0	0	0	0	0	1.511331	3.411608	-20.84663	0	0	0
88.35046	11.73114	-86.98882	6.535873	0	0	0	0	0	0	0	1.186031	3.827106	-16.35958	0	0	0
88.36047	11.74702	-86.99304	6.316877	0	0	0	0	0	0	0	1.924689	-3.252816	-26.54831	0	0	0
88.37047	11.75084	-86.98058	6.264124	0	0	0	0	0	0	0	0.0113221	0.006625398	-0.156172	0	0	0
88.38047	11.75141	-87.03442	6.256214	0	0	0	0	0	0	0	0.002150281	-0.1932468	-0.02966003	0	0	0
88.39047	11.75199	-87.08825	6.248326	0	0	0	0	0	0	0	0.07743323	-7.299512	-1.06808	0	0	0
88.40047	11.75199	-87.08825	6.248326	0	0	0	0	0	0	0	0.003980323	-0.3752212	-0.05490281	0	0	0
88.41048	11.76346	-87.05076	6.090096	0	0	0	0	0	0	0	1.016075	3.328637	-14.01529	0	0	0
88.42048	11.76728	-87.03822	6.037363	0	0	0	0	0	0	0	0.1563279	0.5132203	-2.156318	0	0	0
88.43048	11.78257	-86.98784	5.826482	0	0	0	0	0	0	0	0.2117002	0.7000851	-2.920098	0	0	0
88.44048	11.78639	-86.97519	5.773774	0	0	0	0	0	0	0	0.04023584	0.1332982	-0.5549952	0	0	0
88.45049	11.79021	-86.96252	5.721072	0	0	0	0	0	0	0	0.02700015	0.08961035	-0.3724281	0	0	0
88.46049	11.79021	-86.96252	5.721072	0	0	0	0	0	0	0	0.0004243847	0.001408483	-0.005853774	0	0	0
88.47049	11.79021	-86.96252	5.721072	0	0	0	0	0	0	0	3.521076E-06	1.168604E-05	-4.856815E-05	0	0	0
88.48049	11.79403	-86.94983	5.668375	0	0	0	0	0	0	0	0.1343658	0.4467454	-1.853383	0	0	0
88.49049	11.73473	-86.92439	5.558156	0	0	0	0	0	0	0	-7.522239	2.450164	-10.72367	0	0	0
88.5005	11.75751	-86.84753	5.242135	0	0	0	0	0	0	0	0.7415994	2.549588	-10.42866	0	0	0
88.5105	11.7689	-86.80881	5.084194	0	0	0	0	0	0	0	0.9425316	3.21398	-13.07586	0	0	0
88.5205	11.77648	-86.78289	4.978927	0	0	0	0	0	0	0	0.03014769	0.103161	-0.4182292	0	0	0
88.5305	11.77648	-86.78289	4.978927	0	0	0	0	0	0	0	6.969708E-05	0.0002384928	-0.0009668834	0	0	0
88.5405	11.77648	-86.78289	4.978927	0	0	0	0	0	0	0	1.611293E-07	5.513596E-07	-2.23529E-06	0	0	0
88.55051	11.78028	-86.7699	4.926301	0	0	0	0	0	0	0	0.506893	1.737557	-7.03195	0	0	0
88.56051	11.79109	-86.67696	4.776344	0	0	0	0	0	0	0	0.7700102	3.382772	-10.68208	0	0	0
88.57051	11.7276	-86.66388	4.718903	0	0	0	0	0	0	0	-0.3194146	1.256631	-5.035422	0	0	0
88.58051	11.7389	-86.62452	4.561117	0	0	0	0	0	0	0	0.2823896	0.9959297	-3.981697	0	0	0
88.59052	11.7389	-86.62452	4.561117	0	0	0	0	0	0	0	0.004438562	0.01565389	-0.06258377	0	0	0
88.60052	11.7389	-86.62452	4.561117	0	0	0	0	0	0	0	1.412346E-05	4.98105E-05	-0.0001991409	0	0	0
88.61052	11.7389	-86.62452	4.561117	0	0	0	0	0	0	0	2.219911E-07	7.828623E-07	-3.130078E-06	0	0	0
88.62052	11.74267	-86.61136	4.508532	0	0	0	0	0	0	0	0.6462379	2.259205	-9.016733	0	0	0
88.63052	11.74644	-86.59817	4.455952	0	0	0	0	0	0	0	0.5129128	1.796216	-7.156495	0	0	0
88.64053	11.74644	-86.59817	4.455952	0	0	0	0	0	0	0	0.005277008	0.01848004	-0.07362828	0	0	0
88.65053	11.75021	-86.58496	4.403378	0	0	0	0	0	0	0	0.03579022	0.1255538	-0.4993685	0	0	0
88.66053	11.75021	-86.58496	4.403378	0	0	0	0	0	0	0	0.000156748	0.0005498797	-0.002187051	0	0	0
88.67053	11.75021	-86.58496	4.403378	0	0	0	0	0	0	0	1.790015E-06	6.279459E-06	-2.497546E-05	0	0	0
88.68053	11.75021	-86.58496	4.403378	0	0	0	0	0	0	0	7.839607E-09	2.750173E-08	-1.093833E-07	0	0	0
88.69054	11.75398	-86.57173	4.35081	0	0	0	0	0	0	0	0.4751233	1.669635	-6.629232	0	0	0
88.70054	11.75398	-86.57173	4.35081	0	0	0	0	0	0	0	0.002080866	0.007312387	-0.0290336	0	0	0
88.71054	11.75398	-86.57173	4.35081	0	0	0	0	0	0	0	2.376286E-05	8.350524E-05	-0.0003315549	0	0	0
88.72054	11.75398	-86.57173	4.35081	0	0	0	0	0	0	0	5.140805E-07	1.806534E-06	-7.172787E-06	0	0	0
88.73055	11.8252	-86.55849	4.303095	0	0	0	0	0	0	0	0.1890106	0.01837608	-0.05958762	0	0	0
88.74055	11.8252	-86.55849	4.303095	0	0	0	0	0	0	0	0.002970843	0.0002888327	-0.0009365902	0	0	0
88.75055	11.83657	-86.51861	4.145442	0	0	0	0	0	0	0	0.9077403	3.193555	-12.59264	0	0	0
88.76055	11.83657	-86.51861	4.145442	0	0	0	0	0	0	0	0.007531426	0.02649659	-0.1044798	0	0	0
88.77055	11.84035	-86.50527	4.092902	0	0	0	0	0	0	0	0.5056596	1.782048	-7.01484	0	0	0
88.78056	11.77281	-86.50527	4.088047	0	0	0	0	0	0	0	-0.6451463	0.03513244	-0.1852479	0	0	0
88.79056	11.77658	-86.49191	4.035511	0	0	0	0	0	0	0	0.08840002	0.3331662	-1.309661	0	0	0
88.80056	11.77658	-86.49191	4.035511	0	0	0	0	0	0	0	0.001389459	0.005236662	-0.02058507	0	0	0
88.81056	11.77658	-86.49191	4.035511	0	0	0	0	0	0	0	4.421245E-06	1.6663E-05	-6.550148E-05	0	0	0
88.82056	11.77658	-86.49191	4.035511	0	0	0	0	0	0	0	5.048928E-08	1.902864E-07	-7.48007E-07	0	0	0
88.83057	11.78034	-86.47853	3.98298	0	0	0	0	0	0	0	0.06603675	0.2348635	-0.921388	0	0	0
88.84057	11.7841	-86.46513	3.930454	0	0	0	0	0	0	0	0.1929965	0.6875743	-2.692813	0	0	0
88.85057	11.85171	-86.46513	3.935314	0	0	0	0	0	0	0	6.004961	0.004144731	0.4165469	0	0	0
88.86057	11.85171	-86.46513	3.935314	0	0	0	0	0	0	0	0.12991	8.966621E-05	0.009011487	0	0	0
88.87057	11.85171	-86.46513	3.935314	0	0	0	0	0	0	0	0.0004133723	2.853169E-07	2.867445E-05	0	0	0
88.88058	11.85171	-86.46513	3.935314	0	0	0	0	0	0	0	6.49733E-06	4.484573E-09	4.507012E-07	0	0	0
88.89058	11.91932	-86.46513	3.940201	0	0	0	0	0	0	0	4.385971	0	0.3179725	0	0	0
88.90058	11.91932	-86.46513	3.940201	0	0	0	0	0	0	0	0.09488515	0	0.006878947	0	0	0
88.91058	11.91932	-86.46513	3.940201	0	0	0	0	0	0	0	0.0003019235	0	2.188874E-05	0	0	0
88.92059	11.93835	-86.39781	3.677672	0	0	0	0	0	0	0	1.127105	4.003724	-15.54673	0	0	0
88.93059	11.9471	-86.4784	3.556944	0	0	0	0	0	0	0	0.3003802	-8.933912	-4.143312	0	0	0