0	2.590346	-89.35349	21.86534	0	0	0	0	0	0	0	0.03594669	0.2211587	-2.001703	0	0	0
0	2.590346	-89.35349	21.86534	0	0	0	0	0	0	0	0.000114382	0.0007037246	-0.006369397	0	0	0
0	2.590346	-89.35349	21.86534	0	0	0	0	0	0	0	2.64434E-07	1.626906E-06	-1.472509E-05	0	0	0
0	2.590346	-89.35349	21.86534	0	0	0	0	0	0	0	6.019849E-10	3.761164E-09	-3.404238E-08	0	0	0
0	2.590346	-89.35349	21.86534	0	0	0	0	0	0	0	0	0	0	0	0	0
0	2.530112	-89.35349	21.86428	0	0	0	0	0	0	0	-14.26515	0	-0.2463886	0	0	0
0	2.530112	-89.35349	21.86428	0	0	0	0	0	0	0	-0.03297889	0	-0.0005696137	0	0	0
0	2.530112	-89.35349	21.86428	0	0	0	0	0	0	0	-0.0005183577	0	-8.953111E-06	0	0	0
0	2.530112	-89.35349	21.86428	0	0	0	0	0	0	0	-2.270216E-06	0	-3.921134E-08	0	0	0
0	2.530112	-89.35349	21.86428	0	0	0	0	0	0	0	-3.568295E-08	0	-6.163185E-10	0	0	0
0	2.530112	-89.35349	21.86428	0	0	0	0	0	0	0	0	0	0	0	0	0
0	2.530112	-89.35349	21.86428	0	0	0	0	0	0	0	0	0	0	0	0	0
0	2.530112	-89.35349	21.86428	0	0	0	0	0	0	0	0	0	0	0	0	0
0	2.530112	-89.35349	21.86428	0	0	0	0	0	0	0	0	0	0	0	0	0
0	2.530112	-89.35349	21.86428	0	0	0	0	0	0	0	0	0	0	0	0	0
0	2.530112	-89.35349	21.86428	0	0	0	0	0	0	0	0	0	0	0	0	0
0	2.530112	-89.35349	21.86428	0	0	0	0	0	0	0	0	0	0	0	0	0
0	2.530112	-89.35349	21.86428	0	0	0	0	0	0	0	0	0	0	0	0	0
0	2.530112	-89.35349	21.86428	0	0	0	0	0	0	0	0	0	0	0	0	0
0	2.530112	-89.35349	21.86428	0	0	0	0	0	0	0	0	0	0	0	0	0
0	2.530112	-89.35349	21.86428	0	0	0	0	0	0	0	0	0	0	0	0	0
0	2.530112	-89.35349	21.86428	0	0	0	0	0	0	0	0	0	0	0	0	0
0	2.530112	-89.35349	21.86428	0	0	0	0	0	0	0	0	0	0	0	0	0
0	2.530112	-89.35349	21.86428	0	0	0	0	0	0	0	0	0	0	0	0	0
0	2.530112	-89.35349	21.86428	0	0	0	0	0	0	0	0	0	0	0	0	0
0	2.530112	-89.35349	21.86428	0	0	0	0	0	0	0	0	0	0	0	0	0
0	2.530112	-89.35349	21.86428	0	0	0	0	0	0	0	0	0	0	0	0	0
0	2.530112	-89.35349	21.86428	0	0	0	0	0	0	0	0	0	0	0	0	0
0	2.530112	-89.35349	21.86428	0	0	0	0	0	0	0	0	0	0	0	0	0
0	2.530112	-89.35349	21.86428	0	0	0	0	0	0	0	0	0	0	0	0	0
0	2.530112	-89.35349	21.86428	0	0	0	0	0	0	0	0	0	0	0	0	0
0	2.530112	-89.35349	21.86428	0	0	0	0	0	0	0	0	0	0	0	0	0
0	2.530112	-89.35349	21.86428	0	0	0	0	0	0	0	0	0	0	0	0	0
0	2.530112	-89.35349	21.86428	0	0	0	0	0	0	0	0	0	0	0	0	0
0	2.530112	-89.35349	21.86428	0	0	0	0	0	0	0	0	0	0	0	0	0
0	2.530112	-89.35349	21.86428	0	0	0	0	0	0	0	0	0	0	0	0	0
0	2.530112	-89.35349	21.86428	0	0	0	0	0	0	0	0	0	0	0	0	0
0	2.530112	-89.35349	21.86428	0	0	0	0	0	0	0	0	0	0	0	0	0
0	2.530112	-89.35349	21.86428	0	0	0	0	0	0	0	0	0	0	0	0	0
0	2.530112	-89.35349	21.86428	0	0	0	0	0	0	0	0	0	0	0	0	0
0	2.530112	-89.35349	21.86428	0	0	0	0	0	0	0	0	0	0	0	0	0
0	2.529179	-89.35944	21.91829	0	0	0	0	0	0	0	-0.01657563	-0.1056332	0.9596782	0	0	0
0	2.529179	-89.35944	21.91829	0	0	0	0	0	0	0	-3.832038E-05	-0.0002442081	0.002218632	0	0	0
0	2.529179	-89.35944	21.91829	0	0	0	0	0	0	0	-8.859099E-08	-5.645727E-07	5.129147E-06	0	0	0
0	2.529179	-89.35944	21.91829	0	0	0	0	0	0	0	-2.048091E-10	-1.305208E-09	1.185782E-08	0	0	0
0	2.529179	-89.35944	21.91829	0	0	0	0	0	0	0	0	0	0	0	0	0
0	2.529179	-89.35944	21.91829	0	0	0	0	0	0	0	0	0	0	0	0	0
0	2.529179	-89.35944	21.91829	0	0	0	0	0	0	0	0	0	0	0	0	0
0	2.529179	-89.35944	21.91829	0	0	0	0	0	0	0	0	0	0	0	0	0
0	2.529179	-89.35944	21.91829	0	0	0	0	0	0	0	0	0	0	0	0	0
0	2.529179	-89.35944	21.91829	0	0	0	0	0	0	0	0	0	0	0	0	0
0	2.529179	-89.35944	21.91829	0	0	0	0	0	0	0	0	0	0	0	0	0
0	2.529179	-89.35944	21.91829	0	0	0	0	0	0	0	0	0	0	0	0	0
0	2.529179	-89.35944	21.91829	0	0	0	0	0	0	0	0	0	0	0	0	0
0	2.529179	-89.35944	21.91829	0	0	0	0	0	0	0	0	0	0	0	0	0
0	2.529179	-89.35944	21.91829	0	0	0	0	0	0	0	0	0	0	0	0	0
0	2.529179	-89.35944	21.91829	0	0	0	0	0	0	0	0	0	0	0	0	0
0	2.529179	-89.35944	21.91829	0	0	0	0	0	0	0	0	0	0	0	0	0
0	2.529179	-89.35944	21.91829	0	0	0	0	0	0	0	0	0	0	0	0	0
0	2.530112	-89.35349	21.86428	0	0	0	0	0	0	0	0.02358868	0.1508893	-1.365713	0	0	0
0	2.530112	-89.35349	21.86428	0	0	0	0	0	0	0	0.0001421937	0.000909568	-0.00823258	0	0	0
0	2.530112	-89.35349	21.86428	0	0	0	0	0	0	0	3.287306E-07	2.102785E-06	-1.903249E-05	0	0	0
0	2.530112	-89.35349	21.86428	0	0	0	0	0	0	0	0	0	0	0	0	0
0	2.530112	-89.35349	21.86428	0	0	0	0	0	0	0	0	0	0	0	0	0
0	2.530112	-89.35349	21.86428	0	0	0	0	0	0	0	0	0	0	0	0	0
0	2.530112	-89.35349	21.86428	0	0	0	0	0	0	0	0	0	0	0	0	0
0	2.530112	-89.35349	21.86428	0	0	0	0	0	0	0	0	0	0	0	0	0
0	2.531044	-89.3475	21.81028	0	0	0	0	0	0	0	0.2209049	1.418335	-12.78971	0	0	0
0	2.531044	-89.3475	21.81028	0	0	0	0	0	0	0	0.0007029169	0.004513125	-0.04069674	0	0	0
0	2.531044	-89.3475	21.81028	0	0	0	0	0	0	0	1.104835E-05	7.093669E-05	-0.0006396658	0	0	0
0	2.531044	-89.3475	21.81028	0	0	0	0	0	0	0	4.838773E-08	3.106767E-07	-2.801501E-06	0	0	0
0	2.532117	-89.39531	21.7482	0	0	0	0	0	0	0	0.13566	0.3241804	-7.854301	0	0	0
0	2.592399	-89.39531	21.74926	0	0	0	0	0	0	0	5.532484	0.02381342	-0.1938711	0	0	0
0	2.594451	-89.43706	21.63321	0	0	0	0	0	0	0	0.13653	0.05518923	-6.997385	0	0	0
0	2.595406	-89.43099	21.57922	0	0	0	0	0	0	0	0.1299106	0.824955	-7.344801	0	0	0
0	2.595406	-89.43099	21.57922	0	0	0	0	0	0	0	0.0002182054	0.001385642	-0.01233675	0	0	0
0	2.595406	-89.43099	21.57922	0	0	0	0	0	0	0	5.043434E-07	3.203398E-06	-2.852073E-05	0	0	0
0	2.595548	-89.4848	21.57118	0	0	0	0	0	0	0	0.001310235	-0.4966634	-0.07409408	0	0	0
0	2.595548	-89.4848	21.57118	0	0	0	0	0	0	0	5.738322E-06	-0.002175204	-0.0003245034	0	0	0
0	2.595548	-89.4848	21.57118	0	0	0	0	0	0	0	7.00272E-09	-2.654494E-06	-3.960054E-07	0	0	0
0	2.657025	-89.53253	21.51025	0	0	0	0	0	0	0	0.2394031	-0.1208707	-0.7387859	0	0	0
0	2.717405	-89.53253	21.51136	0	0	0	0	0	0	0	0.302497	-0.001380307	-0.002888215	0	0	0
0	2.718404	-89.52642	21.45737	0	0	0	0	0	0	0	0.01942759	0.1108952	-0.9781934	0	0	0
0	2.718404	-89.52642	21.45737	0	0	0	0	0	0	0	2.370832E-05	0.0001353302	-0.001193731	0	0	0
0	2.718552	-89.58025	21.44938	0	0	0	0	0	0	0	0.007063542	-2.572916	-0.3816877	0	0	0
0	2.780129	-89.62794	21.38855	0	0	0	0	0	0	0	7.521729	-1.794586	-1.541206	0	0	0
0	2.78115	-89.62178	21.33457	0	0	0	0	0	0	0	0.2582088	1.449607	-12.73329	0	0	0
0	2.78115	-89.62178	21.33457	0	0	0	0	0	0	0	0.0005969402	0.003351275	-0.02943746	0	0	0
0	2.781301	-89.67561	21.32662	0	0	0	0	0	0	0	0.01858337	-6.656929	-0.9823182	0	0	0
0	2.781301	-89.67561	21.32662	0	0	0	0	0	0	0	8.138833E-05	-0.02915491	-0.004302193	0	0	0
0	2.781301	-89.67561	21.32662	0	0	0	0	0	0	0	6.752538E-07	-0.0002418952	-3.569484E-05	0	0	0
0	2.781301	-89.67561	21.32662	0	0	0	0	0	0	0	4.069069E-09	-1.458164E-06	-2.150966E-07	0	0	0
0	2.781301	-89.67561	21.32662	0	0	0	0	0	0	0	3.376064E-11	-1.209824E-08	-1.784634E-09	0	0	0
0	2.781301	-89.67561	21.32662	0	0	0	0	0	0	0	0	0	0	0	0	0
0	2.781301	-89.67561	21.32662	0	0	0	0	0	0	0	0	0	0	0	0	0
0	2.781301	-89.67561	21.32662	0	0	0	0	0	0	0	0	0	0	0	0	0
0	2.781451	-89.72944	21.31869	0	0	0	0	0	0	0	0.007082904	-2.545374	-0.374412	0	0	0
0	2.782771	-89.83093	21.24892	0	0	0	0	0	0	0	0.04723001	-13.34984	-2.496643	0	0	0
0	2.845497	-89.87235	21.13427	0	0	0	0	0	0	0	3.145185	-3.986802	-10.69566	0	0	0
0	2.907251	-89.91995	21.07365	0	0	0	0	0	0	0	1.57559	-0.7140119	-2.838052	0	0	0
0	2.968899	-89.91369	21.02089	0	0	0	0	0	0	0	0.1706674	0.2887116	-2.501513	0	0	0
0	2.968899	-89.91369	21.02089	0	0	0	0	0	0	0	0.002682526	0.00453793	-0.03931845	0	0	0
0	2.968899	-89.91369	21.02089	0	0	0	0	0	0	0	8.53577E-06	1.443965E-05	-0.0001251109	0	0	0
0	2.969056	-89.96754	21.01307	0	0	0	0	0	0	0	0.007460816	-2.553206	-0.3702363	0	0	0
0	2.969056	-89.96754	21.01307	0	0	0	0	0	0	0	9.104737E-06	-0.003115786	-0.0004518149	0	0	0
0	3.03218	-90.06264	20.89081	0	0	0	0	0	0	0	10.34498	-8.605645	-10.4739	0	0	0
0	3.155923	-90.10381	20.77769	0	0	0	0	0	0	0	14.95662	0.7076917	-8.099537	0	0	0
0	3.219124	-90.14491	20.66337	0	0	0	0	0	0	0	0.7557228	1.573666	-13.70945	0	0	0
0	3.40397	-90.18591	20.55186	0	0	0	0	0	0	0	10.76191	-3.315517	-2.888356	0	0	0
0	3.586291	-90.18591	20.55617	0	0	0	0	0	0	0	12.67221	-0.00766498	0.3002467	0	0	0
0	3.707834	-90.18591	20.55917	0	0	0	0	0	0	0	3.295974	-1.772029E-05	0.08267392	0	0	0
0	3.768606	-90.18591	20.56071	0	0	0	0	0	0	0	0.8194651	-4.096666E-08	0.0208962	0	0	0
0	3.768606	-90.18591	20.56071	0	0	0	0	0	0	0	0.009358043	0	0.0002386287	0	0	0
0	3.768606	-90.18591	20.56071	0	0	0	0	0	0	0	5.641072E-05	0	1.438465E-06	0	0	0
0	3.768606	-90.18591	20.56071	0	0	0	0	0	0	0	1.220377E-06	0	3.111945E-08	0	0	0
0	3.768606	-90.18591	20.56071	0	0	0	0	0	0	0	0	0	0	0	0	0
0	3.768606	-90.18591	20.56071	0	0	0	0	0	0	0	0	0	0	0	0	0
0	3.769981	-90.17945	20.50677	0	0	0	0	0	0	0	0.09272774	0.4363798	-3.636402	0	0	0
0	3.771356	-90.17297	20.45284	0	0	0	0	0	0	0	0.06615871	0.3124179	-2.594474	0	0	0
0	3.774303	-90.2138	20.3373	0	0	0	0	0	0	0	0.03331064	-0.04306648	-1.306307	0	0	0
0	3.775678	-90.20725	20.28337	0	0	0	0	0	0	0	0.003825765	0.01791398	-0.1500309	0	0	0
0	3.777053	-90.20068	20.22945	0	0	0	0	0	0	0	0.03514243	0.1682308	-1.378142	0	0	0
0	3.777053	-90.20068	20.22945	0	0	0	0	0	0	0	8.124404E-05	0.0003889257	-0.003186059	0	0	0
0	3.777053	-90.20068	20.22945	0	0	0	0	0	0	0	1.757616E-06	8.413934E-06	-6.892651E-05	0	0	0
0	3.777053	-90.20068	20.22945	0	0	0	0	0	0	0	5.592716E-09	2.677305E-08	-2.193234E-07	0	0	0
0	3.775678	-90.20725	20.28337	0	0	0	0	0	0	0	-0.04340356	-0.2070743	1.70211	0	0	0
0	3.714792	-90.20725	20.28183	0	0	0	0	0	0	0	-2.927414	-0.0004787249	-0.06950658	0	0	0
0	3.714792	-90.20725	20.28183	0	0	0	0	0	0	0	-0.004917054	-8.040939E-07	-0.0001167473	0	0	0
0	3.714792	-90.20725	20.28183	0	0	0	0	0	0	0	-5.615127E-05	-9.182509E-09	-1.333218E-06	0	0	0
0	3.714792	-90.20725	20.28183	0	0	0	0	0	0	0	-1.786667E-07	0	-4.482461E-09	0	0	0
0	3.714792	-90.20725	20.28183	0	0	0	0	0	0	0	0	0	0	0	0	0
0	3.714792	-90.20725	20.28183	0	0	0	0	0	0	0	0	0	0	0	0	0
0	3.714792	-90.20725	20.28183	0	0	0	0	0	0	0	0	0	0	0	0	0
0	3.714792	-90.20725	20.28183	0	0	0	0	0	0	0	0	0	0	0	0	0
0	3.714792	-90.20725	20.28183	0	0	0	0	0	0	0	0	0	0	0	0	0
0	3.714792	-90.20725	20.28183	0	0	0	0	0	0	0	0	0	0	0	0	0
0	3.714792	-90.20725	20.28183	0	0	0	0	0	0	0	0	0	0	0	0	0
0	3.714792	-90.20725	20.28183	0	0	0	0	0	0	0	0	0	0	0	0	0
0	3.714792	-90.20725	20.28183	0	0	0	0	0	0	0	0	0	0	0	0	0
0	3.714792	-90.20725	20.28183	0	0	0	0	0	0	0	0	0	0	0	0	0
0	3.714792	-90.20725	20.28183	0	0	0	0	0	0	0	0	0	0	0	0	0
0	3.714792	-90.20725	20.28183	0	0	0	0	0	0	0	0	0	0	0	0	0
0	3.716146	-90.20068	20.22791	0	0	0	0	0	0	0	0.01738001	0.08456397	-0.6927509	0	0	0
0	3.716146	-90.20068	20.22791	0	0	0	0	0	0	0	5.5303E-05	0.0002690816	-0.002204326	0	0	0
0	3.717498	-90.19408	20.17399	0	0	0	0	0	0	0	0.001007753	0.004919931	-0.0401681	0	0	0
0	3.717498	-90.19408	20.17399	0	0	0	0	0	0	0	1.69268E-06	8.2638E-06	-6.746867E-05	0	0	0
0	3.717498	-90.19408	20.17399	0	0	0	0	0	0	0	3.913224E-09	1.910467E-08	-1.559775E-07	0	0	0
0	3.718851	-90.18747	20.12007	0	0	0	0	0	0	0	0.1211798	0.593608	-4.830115	0	0	0
0	3.718851	-90.18747	20.12007	0	0	0	0	0	0	0	0.001904688	0.009330249	-0.0759191	0	0	0
0	3.720203	-90.18083	20.06616	0	0	0	0	0	0	0	0.01774282	0.08720708	-0.7072122	0	0	0
0	3.782552	-90.17417	20.01379	0	0	0	0	0	0	0	2.102521	0.007006539	-0.003052242	0	0	0
0	3.783927	-90.1675	19.95988	0	0	0	0	0	0	0	0.05862812	0.06405354	-0.5148185	0	0	0
0	3.785301	-90.16079	19.90597	0	0	0	0	0	0	0	0.1835447	0.8960101	-7.193747	0	0	0
0	3.851927	-90.13376	19.69195	0	0	0	0	0	0	0	8.310408	2.860815	-22.46673	0	0	0
0	3.977063	-90.12011	19.58739	0	0	0	0	0	0	0	17.00279	2.308219	-17.72731	0	0	0
0	4.229387	-90.08561	19.32475	0	0	0	0	0	0	0	12.11816	2.383761	-18.13256	0	0	0
0	4.607254	-90.09734	19.00483	0	0	0	0	0	0	0	20.26045	3.256914	-24.44203	0	0	0
0	4.854639	-90.09025	18.95877	0	0	0	0	0	0	0	18.37681	0.106117	-0.2080421	0	0	0
0	4.91784	-90.08312	18.90693	0	0	0	0	0	0	0	1.760578	0.05061689	-0.3246285	0	0	0
0	4.91784	-90.08312	18.90693	0	0	0	0	0	0	0	0.007710683	0.0002216834	-0.001421754	0	0	0
0	4.91784	-90.08312	18.90693	0	0	0	0	0	0	0	1.782595E-05	5.125092E-07	-3.28688E-06	0	0	0
0	4.91784	-90.08312	18.90693	0	0	0	0	0	0	0	2.994149E-08	8.6084E-10	-5.520834E-09	0	0	0
0	4.91784	-90.08312	18.90693	0	0	0	0	0	0	0	0	0	0	0	0	0
0	4.91784	-90.08312	18.90693	0	0	0	0	0	0	0	0	0	0	0	0	0
0	4.91784	-90.08312	18.90693	0	0	0	0	0	0	0	0	0	0	0	0	0
0	4.91784	-90.08312	18.90693	0	0	0	0	0	0	0	0	0	0	0	0	0
0	4.91784	-90.08312	18.90693	0	0	0	0	0	0	0	0	0	0	0	0	0
0	4.91784	-90.08312	18.90693	0	0	0	0	0	0	0	0	0	0	0	0	0
0	4.924926	-90.05443	18.6916	0	0	0	0	0	0	0	0.5243622	2.137027	-15.93429	0	0	0
0	4.932513	-90.13312	18.46106	0	0	0	0	0	0	0	0.5345116	-0.4979413	-16.24271	0	0	0
0	5.126856	-90.15018	18.19063	0	0	0	0	0	0	0	11.78831	0.236695	-4.064465	0	0	0
0	5.254107	-90.13531	18.08731	0	0	0	0	0	0	0	18.01232	0.8307945	-5.39888	0	0	0
0	5.377681	-90.13531	18.09168	0	0	0	0	0	0	0	5.888992	0.002643579	0.1915807	0	0	0
0	5.377681	-90.13531	18.09168	0	0	0	0	0	0	0	0.01361447	6.111561E-06	0.000442906	0	0	0
0	5.377952	-90.18919	18.0841	0	0	0	0	0	0	0	0.001005909	-0.19568	-0.02746649	0	0	0
0	5.377952	-90.18919	18.0841	0	0	0	0	0	0	0	1.227551E-06	-0.0002387967	-3.351844E-05	0	0	0
0	5.377952	-90.18919	18.0841	0	0	0	0	0	0	0	4.359198E-11	-8.67724E-09	-1.218008E-09	0	0	0
0	5.377952	-90.18919	18.0841	0	0	0	0	0	0	0	0	0	0	0	0	0
0	5.377952	-90.18919	18.0841	0	0	0	0	0	0	0	0	0	0	0	0	0
0	5.377952	-90.18919	18.0841	0	0	0	0	0	0	0	0	0	0	0	0	0
0	5.377952	-90.18919	18.0841	0	0	0	0	0	0	0	0	0	0	0	0	0
0	5.377952	-90.18919	18.0841	0	0	0	0	0	0	0	0	0	0	0	0	0
0	5.377952	-90.18919	18.0841	0	0	0	0	0	0	0	0	0	0	0	0	0
0	5.377952	-90.18919	18.0841	0	0	0	0	0	0	0	0	0	0	0	0	0
0	5.377952	-90.18919	18.0841	0	0	0	0	0	0	0	0	0	0	0	0	0
0	5.377952	-90.18919	18.0841	0	0	0	0	0	0	0	0	0	0	0	0	0
0	5.377952	-90.18919	18.0841	0	0	0	0	0	0	0	0	0	0	0	0	0
0	5.377952	-90.18919	18.0841	0	0	0	0	0	0	0	0	0	0	0	0	0
0	5.377952	-90.18919	18.0841	0	0	0	0	0	0	0	0	0	0	0	0	0
0	5.439741	-90.18919	18.08633	0	0	0	0	0	0	0	8.180563	0	0.296147	0	0	0
0	5.439741	-90.18919	18.08633	0	0	0	0	0	0	0	0.09341954	0	0.003381909	0	0	0
0	5.439741	-90.18919	18.08633	0	0	0	0	0	0	0	0.0004091433	0	1.481152E-05	0	0	0
0	5.439741	-90.18919	18.08633	0	0	0	0	0	0	0	9.458782E-07	0	3.424202E-08	0	0	0
0	5.439741	-90.18919	18.08633	0	0	0	0	0	0	0	0	0	0	0	0	0
0	5.439741	-90.18919	18.08633	0	0	0	0	0	0	0	0	0	0	0	0	0
0	5.439741	-90.18919	18.08633	0	0	0	0	0	0	0	0	0	0	0	0	0
0	5.439741	-90.18919	18.08633	0	0	0	0	0	0	0	0	0	0	0	0	0
0	5.439741	-90.18919	18.08633	0	0	0	0	0	0	0	0	0	0	0	0	0
0	5.439467	-90.13531	18.0939	0	0	0	0	0	0	0	-0.03749939	7.35789	1.035858	0	0	0
0	5.439467	-90.13531	18.0939	0	0	0	0	0	0	0	-0.0001496792	0.02936908	0.004134634	0	0	0
0	5.439467	-90.13531	18.0939	0	0	0	0	0	0	0	-2.352637E-06	0.0004616192	6.498762E-05	0	0	0
0	5.439467	-90.13531	18.0939	0	0	0	0	0	0	0	-7.486064E-09	1.468867E-06	2.067899E-07	0	0	0
0	5.439467	-90.13531	18.0939	0	0	0	0	0	0	0	-1.730666E-11	3.395802E-09	4.780674E-10	0	0	0
0	5.439467	-90.13531	18.0939	0	0	0	0	0	0	0	0	0	0	0	0	0
0	5.439467	-90.13531	18.0939	0	0	0	0	0	0	0	0	0	0	0	0	0
0	5.439467	-90.13531	18.0939	0	0	0	0	0	0	0	0	0	0	0	0	0
0	5.439467	-90.13531	18.0939	0	0	0	0	0	0	0	0	0	0	0	0	0
0	5.439467	-90.13531	18.0939	0	0	0	0	0	0	0	0	0	0	0	0	0
0	5.439467	-90.13531	18.0939	0	0	0	0	0	0	0	0	0	0	0	0	0
0	5.439467	-90.13531	18.0939	0	0	0	0	0	0	0	0	0	0	0	0	0
0	5.439467	-90.13531	18.0939	0	0	0	0	0	0	0	0	0	0	0	0	0
0	5.441414	-90.12784	18.04012	0	0	0	0	0	0	0	0.01859634	0.07146205	-0.5136924	0	0	0
0	5.441414	-90.12784	18.04012	0	0	0	0	0	0	0	0.0002123645	0.0008160749	-0.005866212	0	0	0
0	5.441414	-90.12784	18.04012	0	0	0	0	0	0	0	3.337917E-06	1.282695E-05	-9.220433E-05	0	0	0
0	5.443361	-90.12035	17.98633	0	0	0	0	0	0	0	0.2490694	0.9599842	-6.880122	0	0	0
0	5.449202	-90.09773	17.825	0	0	0	0	0	0	0	0.5843116	2.272234	-16.14062	0	0	0
0	5.524875	-90.0442	17.45092	0	0	0	0	0	0	0	9.317537	4.533615	-31.25219	0	0	0
0	5.652997	-90.02872	17.34802	0	0	0	0	0	0	0	18.42328	1.27988	-8.178276	0	0	0
0	5.909757	-89.99747	17.14259	0	0	0	0	0	0	0	21.37248	1.732184	-11.03058	0	0	0
0	6.165018	-89.97381	16.99136	0	0	0	0	0	0	0	10.78559	2.708995	-17.96191	0	0	0
0	6.353982	-89.96587	16.94538	0	0	0	0	0	0	0	6.304057	0.02889795	0.06881148	0	0	0
0	6.478495	-89.96587	16.95065	0	0	0	0	0	0	0	1.683087	4.853867E-05	0.0716918	0	0	0
0	6.54075	-89.96587	16.95333	0	0	0	0	0	0	0	5.436585	5.542969E-07	0.2348716	0	0	0
0	6.545717	-90.00382	16.83835	0	0	0	0	0	0	0	0.08234432	-0.06587872	-1.504528	0	0	0
0	6.550357	-89.98781	16.73096	0	0	0	0	0	0	0	0.08265027	0.2853153	-1.912151	0	0	0
0	6.550357	-89.98781	16.73096	0	0	0	0	0	0	0	0.0001910751	0.0006596063	-0.004420607	0	0	0
0	6.550357	-89.98781	16.73096	0	0	0	0	0	0	0	4.41523E-07	1.524911E-06	-1.021979E-05	0	0	0
0	6.550357	-89.98781	16.73096	0	0	0	0	0	0	0	5.387835E-10	1.865194E-09	-1.247105E-08	0	0	0
0	6.56789	-90.14661	16.32513	0	0	0	0	0	0	0	0.6821617	-5.339327	-15.78978	0	0	0
0	6.582443	-90.20491	15.98828	0	0	0	0	0	0	0	0.4027081	-1.600531	-9.321358	0	0	0
0	6.712792	-90.24213	15.87904	0	0	0	0	0	0	0	15.98514	0.2298584	-2.174706	0	0	0
0	6.780254	-90.22538	15.77454	0	0	0	0	0	0	0	3.211378	1.464597	-9.227484	0	0	0
0	6.780254	-90.22538	15.77454	0	0	0	0	0	0	0	0.005394016	0.002460022	-0.01549902	0	0	0
0	6.780254	-90.22538	15.77454	0	0	0	0	0	0	0	9.060092E-06	4.133387E-06	-2.603285E-05	0	0	0
0	6.780254	-90.22538	15.77454	0	0	0	0	0	0	0	1.424053E-07	6.496801E-08	-4.091808E-07	0	0	0
0	6.782638	-90.21696	15.72091	0	0	0	0	0	0	0	0.008568551	0.03028858	-0.1928173	0	0	0
0	6.785021	-90.20853	15.66729	0	0	0	0	0	0	0	0.00870223	0.03084296	-0.1958255	0	0	0
0	6.785021	-90.20853	15.66729	0	0	0	0	0	0	0	0.0001367805	0.0004847854	-0.003077958	0	0	0
0	6.787404	-90.20007	15.61366	0	0	0	0	0	0	0	0.1161795	0.4128631	-2.614377	0	0	0
0	6.787404	-90.20007	15.61366	0	0	0	0	0	0	0	0.0001951418	0.0006934688	-0.004391259	0	0	0
0	6.787404	-90.20007	15.61366	0	0	0	0	0	0	0	2.381399E-07	8.462696E-07	-5.358841E-06	0	0	0
0	6.789787	-90.19159	15.56004	0	0	0	0	0	0	0	0.008955675	0.03190973	-0.2015287	0	0	0
0	6.789787	-90.19159	15.56004	0	0	0	0	0	0	0	1.504247E-05	5.359742E-05	-0.0003384993	0	0	0
0	6.789787	-90.19159	15.56004	0	0	0	0	0	0	0	3.477594E-08	1.239092E-07	-7.825599E-07	0	0	0
0	6.789787	-90.19159	15.56004	0	0	0	0	0	0	0	7.523352E-10	2.680625E-09	-1.692973E-08	0	0	0
0	6.789787	-90.19159	15.56004	0	0	0	0	0	0	0	0	0	0	0	0	0
0	6.789787	-90.19159	15.56004	0	0	0	0	0	0	0	0	0	0	0	0	0
0	6.789787	-90.19159	15.56004	0	0	0	0	0	0	0	0	0	0	0	0	0
0	6.789787	-90.19159	15.56004	0	0	0	0	0	0	0	0	0	0	0	0	0
0	6.789787	-90.19159	15.56004	0	0	0	0	0	0	0	0	0	0	0	0	0
0	6.792169	-90.18309	15.50643	0	0	0	0	0	0	0	0.02167682	0.07744007	-0.4877916	0	0	0
0	6.794552	-90.17457	15.45282	0	0	0	0	0	0	0	0.04176272	0.1495896	-0.9397828	0	0	0
0	6.801698	-90.14887	15.292	0	0	0	0	0	0	0	0.642817	2.320653	-14.46525	0	0	0
0	6.816316	-90.15079	14.96306	0	0	0	0	0	0	0	0.4890585	1.793201	-11.00524	0	0	0
0	6.958004	-90.25974	14.62526	0	0	0	0	0	0	0	15.45587	-6.387534	-21.57624	0	0	0
0	7.038668	-90.25109	14.24603	0	0	0	0	0	0	0	2.892403	-2.433195	-28.21147	0	0	0
0	7.170378	-90.23302	14.14482	0	0	0	0	0	0	0	10.07864	1.169665	-7.379406	0	0	0
0	7.238807	-90.21486	14.04076	0	0	0	0	0	0	0	3.322823	0.8401461	-4.796656	0	0	0
0	7.238807	-90.21486	14.04076	0	0	0	0	0	0	0	0.02756911	0.006970604	-0.03979735	0	0	0
0	7.238807	-90.21486	14.04076	0	0	0	0	0	0	0	0.0003148309	7.960218E-05	-0.0004544737	0	0	0
0	7.239149	-90.26878	14.03347	0	0	0	0	0	0	0	0.05725396	-9.046411	-1.220408	0	0	0
0	7.241659	-90.25967	13.97996	0	0	0	0	0	0	0	0.3308284	1.161917	-7.05225	0	0	0
0	7.244169	-90.25053	13.92645	0	0	0	0	0	0	0	0.1771536	0.6448408	-3.776372	0	0	0
0	7.251698	-90.223	13.76596	0	0	0	0	0	0	0	0.6611727	2.426805	-14.09418	0	0	0
0	7.254208	-90.21378	13.71247	0	0	0	0	0	0	0	0.3297341	1.213228	-7.028923	0	0	0
0	7.254548	-90.2677	13.7052	0	0	0	0	0	0	0	0.01137485	-0.9623992	-0.242477	0	0	0
0	7.254548	-90.2677	13.7052	0	0	0	0	0	0	0	3.619465E-05	-0.003062344	-0.0007715593	0	0	0
0	7.254548	-90.2677	13.7052	0	0	0	0	0	0	0	8.367662E-08	-7.079683E-06	-1.78373E-06	0	0	0
0	7.257057	-90.25846	13.65172	0	0	0	0	0	0	0	0.1623947	0.5989715	-3.461759	0	0	0
0	7.275632	-90.35493	13.25575	0	0	0	0	0	0	0	1.083883	-4.967934	-23.10506	0	0	0
0	7.291348	-90.40596	12.92074	0	0	0	0	0	0	0	0.7706529	1.300543	-16.42797	0	0	0
0	7.30672	-90.40228	12.59306	0	0	0	0	0	0	0	0.7015375	2.557932	-14.95464	0	0	0
0	7.324255	-90.33407	12.21927	0	0	0	0	0	0	0	0.3968839	1.556191	-8.460353	0	0	0
0	7.326759	-90.32424	12.16589	0	0	0	0	0	0	0	0.05977796	0.2349619	-1.274283	0	0	0
0	7.329263	-90.31438	12.11251	0	0	0	0	0	0	0	0.003764841	0.01483209	-0.0802549	0	0	0
0	7.329263	-90.31438	12.11251	0	0	0	0	0	0	0	1.762023E-06	6.941728E-06	-3.756095E-05	0	0	0
0	7.329263	-90.31438	12.11251	0	0	0	0	0	0	0	1.062156E-08	4.184507E-08	-2.264192E-07	0	0	0
0	7.329263	-90.31438	12.11251	0	0	0	0	0	0	0	0	0	0	0	0	0
0	7.330261	-90.47622	12.09125	0	0	0	0	0	0	0	0.0641545	-10.45895	-1.367578	0	0	0
0	7.331249	-90.63808	12.07018	0	0	0	0	0	0	0	0.1090222	-17.94427	-2.32402	0	0	0
0	7.332552	-90.85394	12.04241	0	0	0	0	0	0	0	0.04387215	-7.314642	-0.9352202	0	0	0
0	7.333838	-91.06985	12.01498	0	0	0	0	0	0	0	0.06760033	-11.41871	-1.441033	0	0	0
0	7.334157	-91.12383	12.00818	0	0	0	0	0	0	0	0.03940411	-6.677855	-0.8399751	0	0	0
0	7.334157	-91.12383	12.00818	0	0	0	0	0	0	0	6.618541E-05	-0.01121651	-0.001410871	0	0	0
0	7.334476	-91.17781	12.0014	0	0	0	0	0	0	0	0.0728917	-12.39383	-1.553828	0	0	0
0	7.329467	-91.1975	12.10816	0	0	0	0	0	0	0	-0.1293918	-0.5229033	2.758238	0	0	0
0	7.319448	-91.23661	12.32173	0	0	0	0	0	0	0	-0.919847	-3.574589	19.60833	0	0	0
0	7.306921	-91.285	12.58878	0	0	0	0	0	0	0	-0.8917252	-3.424941	19.00886	0	0	0
0	7.296895	-91.32333	12.8025	0	0	0	0	0	0	0	-0.6170474	-2.347805	13.15357	0	0	0
0	7.294705	-91.38685	12.84918	0	0	0	0	0	0	0	-0.001849468	-3.591137	0.039425	0	0	0
0	7.295336	-91.49483	12.83573	0	0	0	0	0	0	0	0.04404635	-7.62596	-0.9389336	0	0	0
0	7.30035	-91.47575	12.72886	0	0	0	0	0	0	0	0.35844	1.33291	-7.640844	0	0	0
0	7.307868	-91.44698	12.56858	0	0	0	0	0	0	0	0.3553417	1.364688	-7.5748	0	0	0
0	7.310374	-91.43734	12.51516	0	0	0	0	0	0	0	0.01658313	0.06384014	-0.3535016	0	0	0
0	7.310374	-91.43734	12.51516	0	0	0	0	0	0	0	7.2628E-05	0.0002795963	-0.001548207	0	0	0
0	7.305362	-91.4566	12.622	0	0	0	0	0	0	0	-0.4323899	-1.656842	9.217231	0	0	0
0	7.30035	-91.47575	12.72886	0	0	0	0	0	0	0	-0.4407467	-1.680952	9.395371	0	0	0
0	7.30035	-91.47575	12.72886	0	0	0	0	0	0	0	-0.0007403035	-0.002823425	0.01578101	0	0	0
0	7.302856	-91.46619	12.67543	0	0	0	0	0	0	0	0.009609018	0.03673382	-0.2048349	0	0	0
0	7.305362	-91.4566	12.622	0	0	0	0	0	0	0	0.006559716	0.02513568	-0.1398331	0	0	0
0	7.305362	-91.4566	12.622	0	0	0	0	0	0	0	5.442527E-05	0.0002085481	-0.00116018	0	0	0
0	7.305362	-91.4566	12.622	0	0	0	0	0	0	0	4.515608E-07	1.730302E-06	-9.625895E-06	0	0	0
0	7.305362	-91.4566	12.622	0	0	0	0	0	0	0	1.043941E-09	4.000198E-09	-2.225363E-08	0	0	0
0	7.305362	-91.4566	12.622	0	0	0	0	0	0	0	0	0	0	0	0	0
0	7.305362	-91.4566	12.622	0	0	0	0	0	0	0	0	0	0	0	0	0
0	7.369397	-91.4566	12.62502	0	0	0	0	0	0	0	1.62415	0	0.0768599	0	0	0
0	7.44108	-91.42769	12.46781	0	0	0	0	0	0	0	10.94124	2.268498	-12.03765	0	0	0
0	7.58224	-91.37907	12.20699	0	0	0	0	0	0	0	9.068917	2.636768	-13.99113	0	0	0
0	7.782825	-91.34964	12.05633	0	0	0	0	0	0	0	15.51782	2.28987	-11.67492	0	0	0
0	8.048121	-91.32001	11.90925	0	0	0	0	0	0	0	10.83831	2.093739	-10.74726	0	0	0
0	8.176776	-91.32001	11.91592	0	0	0	0	0	0	0	2.87017	0.01737153	0.05622409	0	0	0
0	8.176776	-91.32001	11.91592	0	0	0	0	0	0	0	0.04511294	0.0002730434	0.0008837226	0	0	0
0	8.11245	-91.32001	11.91257	0	0	0	0	0	0	0	-1.614139	4.586195E-07	-0.08370764	0	0	0
0	8.121096	-91.34418	11.74583	0	0	0	0	0	0	0	0.8749229	2.226417	-17.36277	0	0	0
0	8.281833	-91.39516	11.14612	0	0	0	0	0	0	0	13.25762	3.415687	-23.8033	0	0	0
0	8.367324	-91.48518	10.75684	0	0	0	0	0	0	0	6.071201	-1.684046	-27.14917	0	0	0
0	8.674566	-91.53263	9.893183	0	0	0	0	0	0	0	16.44008	-9.593485	-26.25243	0	0	0
0	9.322183	-91.64937	8.878385	0	0	0	0	0	0	0	25.27977	-8.124028	-16.43762	0	0	0
0	9.768474	-91.63073	8.034161	0	0	0	0	0	0	0	31.68414	8.171924	-63.9571	0	0	0
0	10.11809	-91.56152	7.736616	0	0	0	0	0	0	0	11.6851	4.002276	-17.67822	0	0	0
0	10.20764	-91.47978	7.370053	0	0	0	0	0	0	0	4.476632	9.230895	-41.4704	0	0	0
0	10.20764	-91.47978	7.370053	0	0	0	0	0	0	0	0.0142446	0.02937261	-0.1319584	0	0	0
0	10.20429	-91.49152	7.423001	0	0	0	0	0	0	0	-0.3030284	-1.059055	4.780375	0	0	0
0	10.18749	-91.5499	7.687814	0	0	0	0	0	0	0	-1.09825	-3.800045	17.32	0	0	0
0	10.17406	-91.59622	7.899749	0	0	0	0	0	0	0	-0.5854493	-2.00991	9.232846	0	0	0
0	10.1707	-91.60775	7.952744	0	0	0	0	0	0	0	-0.101747	-0.3486225	1.604605	0	0	0
0	10.17109	-91.6618	7.946499	0	0	0	0	0	0	0	0.00441039	-0.7658719	-0.06955418	0	0	0
0	10.18453	-91.61556	7.734545	0	0	0	0	0	0	0	1.12449	3.879826	-17.7338	0	0	0
0	10.20804	-91.53383	7.363807	0	0	0	0	0	0	0	1.255247	4.394106	-19.79591	0	0	0
0	10.22147	-91.48665	7.152062	0	0	0	0	0	0	0	0.8303412	2.929136	-13.09492	0	0	0
0	10.29113	-91.47479	7.103356	0	0	0	0	0	0	0	0.4829564	0.4777399	-2.109491	0	0	0
0	10.29113	-91.47479	7.103356	0	0	0	0	0	0	0	0.001116523	0.001104463	-0.004876827	0	0	0
0	10.29192	-91.5829	7.090932	0	0	0	0	0	0	0	0.0876526	-11.99074	-1.373187	0	0	0
0	10.29349	-91.79915	7.066347	0	0	0	0	0	0	0	0.1000897	-13.89506	-1.568256	0	0	0
0	10.30102	-91.88351	6.948356	0	0	0	0	0	0	0	1.027194	2.408273	-16.0946	0	0	0
0	10.3044	-91.8716	6.895447	0	0	0	0	0	0	0	0.1835561	0.6292179	-2.87605	0	0	0
0	10.30777	-91.85966	6.842544	0	0	0	0	0	0	0	0.04674863	0.1653593	-0.7324814	0	0	0
0	10.3044	-91.8716	6.895447	0	0	0	0	0	0	0	-0.2171519	-0.7669322	3.402447	0	0	0
0	10.29764	-91.89541	7.001269	0	0	0	0	0	0	0	-0.1274693	-0.4484798	1.997254	0	0	0
0	10.29426	-91.90728	7.054187	0	0	0	0	0	0	0	-0.00363897	-0.01277867	0.05701723	0	0	0
0	10.29426	-91.90728	7.054187	0	0	0	0	0	0	0	-4.155593E-05	-0.0001459285	0.0006511195	0	0	0
0	10.29426	-91.90728	7.054187	0	0	0	0	0	0	0	-1.819997E-07	-6.391134E-07	2.851664E-06	0	0	0
0	10.29426	-91.90728	7.054187	0	0	0	0	0	0	0	-2.860647E-09	-1.00455E-08	4.482207E-08	0	0	0
0	10.29426	-91.90728	7.054187	0	0	0	0	0	0	0	0	0	0	0	0	0
0	10.29426	-91.90728	7.054187	0	0	0	0	0	0	0	0	0	0	0	0	0
0	10.29426	-91.90728	7.054187	0	0	0	0	0	0	0	0	0	0	0	0	0
0	10.29426	-91.90728	7.054187	0	0	0	0	0	0	0	0	0	0	0	0	0
0	10.29426	-91.90728	7.054187	0	0	0	0	0	0	0	0	0	0	0	0	0
0	10.29426	-91.90728	7.054187	0	0	0	0	0	0	0	0	0	0	0	0	0
0	10.29426	-91.90728	7.054187	0	0	0	0	0	0	0	0	0	0	0	0	0
0	10.29426	-91.90728	7.054187	0	0	0	0	0	0	0	0	0	0	0	0	0
0	10.29426	-91.90728	7.054187	0	0	0	0	0	0	0	0	0	0	0	0	0
0	10.29426	-91.90728	7.054187	0	0	0	0	0	0	0	0	0	0	0	0	0
0	10.29426	-91.90728	7.054187	0	0	0	0	0	0	0	0	0	0	0	0	0
0	10.22458	-91.91913	7.102892	0	0	0	0	0	0	0	-3.251746	-0.01678164	-0.1308661	0	0	0
0	10.22123	-91.93096	7.155821	0	0	0	0	0	0	0	-0.1141771	-0.1547615	0.6887484	0	0	0
0	10.22123	-91.93096	7.155821	0	0	0	0	0	0	0	-0.0001917784	-0.0002599463	0.001156862	0	0	0
0	10.22123	-91.93096	7.155821	0	0	0	0	0	0	0	-6.102369E-07	-8.271465E-07	3.681122E-06	0	0	0
0	10.22123	-91.93096	7.155821	0	0	0	0	0	0	0	-9.591621E-09	-1.300098E-08	5.785937E-08	0	0	0
0	10.22084	-91.87689	7.161891	0	0	0	0	0	0	0	-0.009822336	1.377473	0.1549035	0	0	0
0	10.22084	-91.87689	7.161891	0	0	0	0	0	0	0	-2.270777E-05	0.003184513	0.0003581136	0	0	0
0	10.22084	-91.87689	7.161891	0	0	0	0	0	0	0	-2.771127E-08	3.886197E-06	4.370214E-07	0	0	0
0	10.15456	-91.87689	7.157701	0	0	0	0	0	0	0	-3.152528	8.984308E-09	-0.1985984	0	0	0
0	10.15456	-91.87689	7.157701	0	0	0	0	0	0	0	-0.03600091	0	-0.002267934	0	0	0
0	10.08497	-91.88869	7.206476	0	0	0	0	0	0	0	-1.318947	-1.577781	7.026277	0	0	0
0	10.01212	-91.91225	7.308233	0	0	0	0	0	0	0	-2.478712	-0.4348805	1.812799	0	0	0
0	10.00883	-91.92399	7.361186	0	0	0	0	0	0	0	-0.01204555	-0.02351171	0.1057969	0	0	0
0	9.942628	-91.92399	7.357083	0	0	0	0	0	0	0	-4.358263	-0.0005086473	-0.2668534	0	0	0
0	9.942628	-91.92399	7.357083	0	0	0	0	0	0	0	-0.01386795	-1.61851E-06	-0.0008491247	0	0	0
0	9.952438	-91.88869	7.198236	0	0	0	0	0	0	0	0.4672435	1.685789	-7.566217	0	0	0
0	9.958977	-91.86506	7.092363	0	0	0	0	0	0	0	0.4675832	1.69339	-7.571207	0	0	0
0	9.962246	-91.85321	7.039433	0	0	0	0	0	0	0	0.03191587	0.1158072	-0.5167878	0	0	0
0	9.962246	-91.85321	7.039433	0	0	0	0	0	0	0	0.0001397798	0.0005071931	-0.002263341	0	0	0
0	9.962246	-91.85321	7.039433	0	0	0	0	0	0	0	1.596243E-06	5.791991E-06	-2.584666E-05	0	0	0
0	9.962246	-91.85321	7.039433	0	0	0	0	0	0	0	6.990957E-09	2.536679E-08	-1.131989E-07	0	0	0
0	9.968782	-91.82944	6.933588	0	0	0	0	0	0	0	0.1610872	0.5867443	-2.608355	0	0	0
0	9.975318	-91.8056	6.827763	0	0	0	0	0	0	0	0.09484494	0.3467807	-1.535747	0	0	0
0	9.981853	-91.78166	6.721956	0	0	0	0	0	0	0	0.8625574	3.165747	-13.96669	0	0	0
0	9.985119	-91.76966	6.669061	0	0	0	0	0	0	0	0.4166719	1.532159	-6.74683	0	0	0
0	9.988385	-91.75764	6.616169	0	0	0	0	0	0	0	0.2179839	0.8030717	-3.529637	0	0	0
0	9.998183	-91.72144	6.457526	0	0	0	0	0	0	0	0.9382495	3.476166	-15.19231	0	0	0
0	10.0243	-91.62396	6.034695	0	0	0	0	0	0	0	1.100276	4.137733	-17.81587	0	0	0
0	10.03408	-91.58705	5.876215	0	0	0	0	0	0	0	1.009069	3.81583	-16.33903	0	0	0
0	10.03735	-91.57471	5.823399	0	0	0	0	0	0	0	0.04772738	0.1808155	-0.7728107	0	0	0
0	10.04061	-91.56234	5.770587	0	0	0	0	0	0	0	0.01764954	0.06698847	-0.2857847	0	0	0
0	10.04061	-91.56234	5.770587	0	0	0	0	0	0	0	0.0002774131	0.001052916	-0.004491925	0	0	0
0	10.04061	-91.56234	5.770587	0	0	0	0	0	0	0	8.827255E-07	3.350366E-06	-1.429326E-05	0	0	0
0	10.04061	-91.56234	5.770587	0	0	0	0	0	0	0	2.04073E-09	7.745546E-09	-3.304388E-08	0	0	0
0	10.04061	-91.56234	5.770587	0	0	0	0	0	0	0	0	0	0	0	0	0
0	10.04061	-91.56234	5.770587	0	0	0	0	0	0	0	0	0	0	0	0	0
0	9.973754	-91.56234	5.766472	0	0	0	0	0	0	0	-0.1802271	0	-0.01105611	0	0	0
0	9.973754	-91.56234	5.766472	0	0	0	0	0	0	0	-0.0002199389	0	-1.349224E-05	0	0	0
0	9.973754	-91.56234	5.766472	0	0	0	0	0	0	0	-3.69422E-07	0	-2.266235E-08	0	0	0
0	9.973754	-91.56234	5.766472	0	0	0	0	0	0	0	0	0	0	0	0	0
0	9.973754	-91.56234	5.766472	0	0	0	0	0	0	0	0	0	0	0	0	0
0	9.973754	-91.56234	5.766472	0	0	0	0	0	0	0	0	0	0	0	0	0
0	9.973754	-91.56234	5.766472	0	0	0	0	0	0	0	0	0	0	0	0	0
0	9.973754	-91.56234	5.766472	0	0	0	0	0	0	0	0	0	0	0	0	0
0	9.973754	-91.56234	5.766472	0	0	0	0	0	0	0	0	0	0	0	0	0
0	9.973754	-91.56234	5.766472	0	0	0	0	0	0	0	0	0	0	0	0	0
0	9.973754	-91.56234	5.766472	0	0	0	0	0	0	0	0	0	0	0	0	0
0	9.976994	-91.54995	5.713665	0	0	0	0	0	0	0	0.4217827	1.614559	-6.875538	0	0	0
0	9.910116	-91.54995	5.709576	0	0	0	0	0	0	0	-4.371844	0.008870129	-0.3043025	0	0	0
0	9.913334	-91.53754	5.656772	0	0	0	0	0	0	0	0.00340029	0.03374367	-0.143762	0	0	0
0	9.916552	-91.52511	5.603972	0	0	0	0	0	0	0	0.08096554	0.3133389	-1.3295	0	0	0
0	9.926201	-91.48768	5.445606	0	0	0	0	0	0	0	0.9301386	3.61743	-15.26503	0	0	0
0	9.955133	-91.37424	4.970781	0	0	0	0	0	0	0	2.300937	9.095277	-37.76196	0	0	0
0	9.961559	-91.34879	4.865321	0	0	0	0	0	0	0	0.589678	2.339273	-9.677533	0	0	0
0	9.967984	-91.32326	4.759882	0	0	0	0	0	0	0	0.525811	2.093367	-8.629375	0	0	0
0	9.903905	-91.31046	4.703084	0	0	0	0	0	0	0	-3.196565	0.1425143	-0.7820526	0	0	0
0	9.910285	-91.2848	4.597673	0	0	0	0	0	0	0	0.0581849	0.2645968	-1.085413	0	0	0
0	9.913474	-91.27193	4.544975	0	0	0	0	0	0	0	0.2061309	0.8325925	-3.407949	0	0	0
0	9.781903	-91.25905	4.484183	0	0	0	0	0	0	0	-16.19455	0.3348744	-2.339946	0	0	0
0	9.714521	-91.25905	4.480175	0	0	0	0	0	0	0	-16.11485	0.0007741796	-0.9584943	0	0	0
0	9.647138	-91.25905	4.476194	0	0	0	0	0	0	0	-9.419647	1.674844E-05	-0.5545968	0	0	0
0	9.579752	-91.25905	4.472241	0	0	0	0	0	0	0	-8.937265	3.871988E-08	-0.5224431	0	0	0
0	9.607463	-91.14212	3.99819	0	0	0	0	0	0	0	2.548453	11.04696	-44.43804	0	0	0
0	9.613618	-91.11591	3.892904	0	0	0	0	0	0	0	0.7424349	3.17178	-12.71385	0	0	0
0	9.625923	-91.0632	3.682395	0	0	0	0	0	0	0	0.3964198	1.703573	-6.781469	0	0	0
0	9.635149	-91.02345	3.52457	0	0	0	0	0	0	0	0.4454634	1.924243	-7.6204	0	0	0
0	9.635149	-91.02345	3.52457	0	0	0	0	0	0	0	0.00963706	0.04162865	-0.1648581	0	0	0
0	9.635149	-91.02345	3.52457	0	0	0	0	0	0	0	5.809265E-05	0.0002509395	-0.0009937724	0	0	0
0	9.567372	-91.02345	3.520622	0	0	0	0	0	0	0	-0.07283504	5.801346E-07	-0.004229949	0	0	0
0	9.567372	-91.02345	3.520622	0	0	0	0	0	0	0	-0.001144811	9.118477E-09	-6.648577E-05	0	0	0
0	9.499594	-91.02345	3.516702	0	0	0	0	0	0	0	-0.9211866	0	-0.05308939	0	0	0
0	9.499944	-91.07752	3.51063	0	0	0	0	0	0	0	0.01521803	-2.595488	-0.2909953	0	0	0
0	9.509733	-91.14573	3.34077	0	0	0	0	0	0	0	1.006812	-5.177137	-17.46987	0	0	0
0	9.544428	-91.21394	2.73876	0	0	0	0	0	0	0	2.698838	-5.134035	-46.82919	0	0	0
0	9.635564	-91.38879	2.345795	0	0	0	0	0	0	0	5.546015	-8.066211	-17.36876	0	0	0
0	9.676148	-91.37076	1.646597	0	0	0	0	0	0	0	3.737333	14.03592	-63.73645	0	0	0
0	9.679524	-91.41084	1.588446	0	0	0	0	0	0	0	0.1355363	-6.466201	-2.320961	0	0	0
0	9.682566	-91.3968	1.536042	0	0	0	0	0	0	0	0.006232425	0.01688523	-0.1073503	0	0	0
0	9.679524	-91.41084	1.588446	0	0	0	0	0	0	0	-0.07862287	-0.3627049	1.354537	0	0	0
0	9.667354	-91.4668	1.79812	0	0	0	0	0	0	0	-0.7505773	-3.43978	12.93116	0	0	0
0	9.5898	-91.50854	1.951477	0	0	0	0	0	0	0	-0.9964399	-3.757298	14.18479	0	0	0
0	9.586778	-91.52242	2.003928	0	0	0	0	0	0	0	-0.2734001	-1.251001	4.734056	0	0	0
0	9.586778	-91.52242	2.003928	0	0	0	0	0	0	0	-0.0003336419	-0.00152665	0.005777172	0	0	0
0	9.586778	-91.52242	2.003928	0	0	0	0	0	0	0	-1.059442E-06	-4.857783E-06	1.838303E-05	0	0	0
0	9.586778	-91.52242	2.003928	0	0	0	0	0	0	0	-1.20985E-08	-5.547441E-08	2.099286E-07	0	0	0
0	9.586778	-91.52242	2.003928	0	0	0	0	0	0	0	0	0	0	0	0	0
0	9.586778	-91.52242	2.003928	0	0	0	0	0	0	0	0	0	0	0	0	0
0	9.586778	-91.52242	2.003928	0	0	0	0	0	0	0	0	0	0	0	0	0
0	9.586778	-91.52242	2.003928	0	0	0	0	0	0	0	0	0	0	0	0	0
0	9.586778	-91.52242	2.003928	0	0	0	0	0	0	0	0	0	0	0	0	0
0	9.586778	-91.52242	2.003928	0	0	0	0	0	0	0	0	0	0	0	0	0
0	9.586778	-91.52242	2.003928	0	0	0	0	0	0	0	0	0	0	0	0	0
0	9.5898	-91.50854	1.951477	0	0	0	0	0	0	0	0.0222575	0.1022243	-0.3862036	0	0	0
0	9.595845	-91.48074	1.846593	0	0	0	0	0	0	0	0.3029349	1.395912	-5.25641	0	0	0
0	9.595845	-91.48074	1.846593	0	0	0	0	0	0	0	0.0007003403	0.003227141	-0.01215203	0	0	0
0	9.595845	-91.48074	1.846593	0	0	0	0	0	0	0	1.100785E-05	5.072376E-05	-0.000191004	0	0	0
0	9.527378	-91.48074	1.842661	0	0	0	0	0	0	0	-4.473252	1.614025E-07	-0.2559555	0	0	0
0	9.527378	-91.48074	1.842661	0	0	0	0	0	0	0	-0.07030997	2.536902E-09	-0.004023073	0	0	0
0	9.527378	-91.48074	1.842661	0	0	0	0	0	0	0	-0.0003079318	0	-1.761954E-05	0	0	0
0	9.527378	-91.48074	1.842661	0	0	0	0	0	0	0	-4.840031E-06	0	-2.769416E-07	0	0	0
0	9.45891	-91.48074	1.838757	0	0	0	0	0	0	0	-0.1352011	0	-0.007680295	0	0	0
0	9.321968	-91.48074	1.831035	0	0	0	0	0	0	0	-9.200985	0	-0.5150842	0	0	0
0	9.321968	-91.48074	1.831035	0	0	0	0	0	0	0	-0.05032362	0	-0.002817188	0	0	0
0	9.253495	-91.48074	1.827215	0	0	0	0	0	0	0	-0.07155095	0	-0.003976011	0	0	0
0	9.253495	-91.48074	1.827215	0	0	0	0	0	0	0	-0.0001201811	0	-6.678337E-06	0	0	0
0	9.253495	-91.48074	1.827215	0	0	0	0	0	0	0	-1.372432E-06	0	-7.626458E-08	0	0	0
0	9.253495	-91.48074	1.827215	0	0	0	0	0	0	0	-6.010747E-09	0	-3.340109E-10	0	0	0
0	9.253495	-91.48074	1.827215	0	0	0	0	0	0	0	0	0	0	0	0	0
0	9.18502	-91.48074	1.823424	0	0	0	0	0	0	0	-6.20507	0	-0.3422499	0	0	0
0	9.116544	-91.48074	1.819662	0	0	0	0	0	0	0	-6.057044	0	-0.3315871	0	0	0
0	9.048066	-91.48074	1.815927	0	0	0	0	0	0	0	-6.269442	0	-0.3406289	0	0	0
0	9.048066	-91.48074	1.815927	0	0	0	0	0	0	0	-0.1356318	0	-0.007369093	0	0	0
0	9.048066	-91.48074	1.815927	0	0	0	0	0	0	0	-0.0002278149	0	-1.237755E-05	0	0	0
0	9.048066	-91.48074	1.815927	0	0	0	0	0	0	0	-7.249047E-07	0	-3.938525E-08	0	0	0
0	9.050916	-91.4668	1.763484	0	0	0	0	0	0	0	0.3396236	1.662448	-6.250938	0	0	0
0	9.056613	-91.43887	1.658613	0	0	0	0	0	0	0	0.05461629	0.2682237	-1.005239	0	0	0
0	9.062309	-91.41084	1.553766	0	0	0	0	0	0	0	0.00116737	0.005751809	-0.02148603	0	0	0
0	8.996549	-91.3968	1.497638	0	0	0	0	0	0	0	-0.2839762	0.3526871	-1.334488	0	0	0
0	8.996549	-91.3968	1.497638	0	0	0	0	0	0	0	-0.0004769829	0.0005923936	-0.002241483	0	0	0
0	8.996549	-91.3968	1.497638	0	0	0	0	0	0	0	-1.420281E-05	1.763932E-05	-6.674318E-05	0	0	0
0	8.996549	-91.3968	1.497638	0	0	0	0	0	0	0	-4.519319E-08	5.612812E-08	-2.123761E-07	0	0	0
0	8.927938	-91.3968	1.493952	0	0	0	0	0	0	0	-3.362002	0	-0.1798901	0	0	0
0	8.927938	-91.3968	1.493952	0	0	0	0	0	0	0	-0.005647012	0	-0.0003021538	0	0	0
0	8.927938	-91.3968	1.493952	0	0	0	0	0	0	0	-9.485049E-06	0	-5.075149E-07	0	0	0
0	8.930743	-91.38274	1.441541	0	0	0	0	0	0	0	0.007461209	0.03744956	-0.1394443	0	0	0
0	8.864892	-91.36865	1.385475	0	0	0	0	0	0	0	-1.693407	0.07337374	-0.3634501	0	0	0
0	8.864892	-91.36865	1.385475	0	0	0	0	0	0	0	-0.01933819	0.0008379059	-0.004150489	0	0	0
0	8.870456	-91.34042	1.280678	0	0	0	0	0	0	0	0.3453996	1.756038	-6.506994	0	0	0
0	8.744008	-91.28369	1.063906	0	0	0	0	0	0	0	-19.07051	1.212093	-5.471637	0	0	0
0	8.537638	-91.28369	1.053247	0	0	0	0	0	0	0	-13.34228	0.005308521	-0.7004918	0	0	0
0	8.331255	-91.28369	1.042842	0	0	0	0	0	0	0	-4.976475	2.324937E-05	-0.2478952	0	0	0
0	8.193659	-91.28369	1.036047	0	0	0	0	0	0	0	-4.636126	3.905099E-08	-0.2270394	0	0	0
0	8.262458	-91.28369	1.03943	0	0	0	0	0	0	0	4.470245	6.137982E-10	0.2207584	0	0	0
0	8.262458	-91.28369	1.03943	0	0	0	0	0	0	0	0.01422427	0	0.0007024509	0	0	0
0	8.265044	-91.26945	0.9870535	0	0	0	0	0	0	0	0.09107667	0.5014706	-1.843589	0	0	0
0	8.267631	-91.2552	0.9346826	0	0	0	0	0	0	0	0.003729742	0.02057627	-0.07552427	0	0	0
0	8.267631	-91.2552	0.9346826	0	0	0	0	0	0	0	4.25919E-05	0.0002349748	-0.0008624643	0	0	0
0	8.267631	-91.2552	0.9346826	0	0	0	0	0	0	0	1.865369E-07	1.029103E-06	-3.777277E-06	0	0	0
0	8.270216	-91.24092	0.8823175	0	0	0	0	0	0	0	0.01000184	0.05526779	-0.2025322	0	0	0
0	8.275388	-91.2123	0.7776048	0	0	0	0	0	0	0	0.649671	3.601462	-13.15551	0	0	0
0	8.277972	-91.19795	0.7252572	0	0	0	0	0	0	0	0.05017965	0.2786174	-1.016112	0	0	0
0	8.283142	-91.1692	0.6205794	0	0	0	0	0	0	0	0.009607064	0.05351292	-0.1945382	0	0	0
0	8.285727	-91.1548	0.5682493	0	0	0	0	0	0	0	0.08892204	0.4961005	-1.800626	0	0	0
0	8.28831	-91.14037	0.5159252	0	0	0	0	0	0	0	0.03182119	0.1778148	-0.644363	0	0	0
0	8.28831	-91.14037	0.5159252	0	0	0	0	0	0	0	0.0005001611	0.002794869	-0.01012801	0	0	0
0	8.291177	-91.18003	0.4578855	0	0	0	0	0	0	0	0.6777217	-3.435687	-13.72352	0	0	0
0	8.291177	-91.18003	0.4578855	0	0	0	0	0	0	0	0.001222968	-0.02200899	-0.02476448	0	0	0
0	8.298925	-91.13656	0.3009658	0	0	0	0	0	0	0	1.045869	5.881003	-21.17833	0	0	0
0	8.165798	-91.10747	0.1896099	0	0	0	0	0	0	0	-3.399501	0.1190464	-0.5934279	0	0	0
0	7.95835	-91.10747	0.1796645	0	0	0	0	0	0	0	-12.02334	0.0001999573	-0.569702	0	0	0
0	7.889198	-91.10747	0.1764063	0	0	0	0	0	0	0	-0.9756032	3.358652E-07	-0.04576777	0	0	0
0	7.820045	-91.10747	0.1731765	0	0	0	0	0	0	0	-0.07504904	7.764702E-10	-0.003489704	0	0	0
0	7.824907	-91.07829	0.0686022	0	0	0	0	0	0	0	0.5558405	3.350032	-11.98884	0	0	0
0	7.827338	-91.06367	0.01632398	0	0	0	0	0	0	0	0.08592249	0.5171781	-1.847919	0	0	0
0	7.829769	-91.04903	-0.03594829	0	0	0	0	0	0	0	0.006648932	0.04008193	-0.1429912	0	0	0
0	7.829769	-91.04903	-0.03594829	0	0	0	0	0	0	0	0.0001045071	0.0006300022	-0.002247516	0	0	0
0	7.829769	-91.04903	-0.03594829	0	0	0	0	0	0	0	2.416048E-07	1.456471E-06	-5.195921E-06	0	0	0
0	7.829769	-91.04903	-0.03594829	0	0	0	0	0	0	0	7.68784E-10	4.634475E-09	-1.653336E-08	0	0	0
0	7.829769	-91.04903	-0.03594829	0	0	0	0	0	0	0	0	0	0	0	0	0
0	7.829769	-91.04903	-0.03594829	0	0	0	0	0	0	0	0	0	0	0	0	0
0	7.827338	-91.06367	0.01632398	0	0	0	0	0	0	0	-0.004810965	-0.02895652	0.103464	0	0	0
0	7.827338	-91.06367	0.01632398	0	0	0	0	0	0	0	-5.871027E-06	-3.533689E-05	0.0001262615	0	0	0
0	7.827338	-91.06367	0.01632398	0	0	0	0	0	0	0	-1.357294E-08	-8.16936E-08	2.918977E-07	0	0	0
0	7.827338	-91.06367	0.01632398	0	0	0	0	0	0	0	0	0	0	0	0	0
0	7.827338	-91.06367	0.01632398	0	0	0	0	0	0	0	0	0	0	0	0	0
0	7.827338	-91.06367	0.01632398	0	0	0	0	0	0	0	0	0	0	0	0	0
0	7.827338	-91.06367	0.01632398	0	0	0	0	0	0	0	0	0	0	0	0	0
0	7.827338	-91.06367	0.01632398	0	0	0	0	0	0	0	0	0	0	0	0	0
0	7.827338	-91.06367	0.01632398	0	0	0	0	0	0	0	0	0	0	0	0	0
0	7.829769	-91.04903	-0.03594829	0	0	0	0	0	0	0	0.0161554	0.09738993	-0.3474359	0	0	0
0	7.839489	-90.99026	-0.2449776	0	0	0	0	0	0	0	0.5729553	3.475649	-12.3219	0	0	0
0	7.839489	-90.99026	-0.2449776	0	0	0	0	0	0	0	0.01614871	0.09796095	-0.3472919	0	0	0
0	7.841918	-90.97551	-0.29722	0	0	0	0	0	0	0	0.009051823	0.05499571	-0.1946673	0	0	0
0	7.841918	-90.97551	-0.29722	0	0	0	0	0	0	0	0.0001422753	0.0008644151	-0.003059754	0	0	0
0	7.841918	-90.97551	-0.29722	0	0	0	0	0	0	0	6.231137E-07	3.785821E-06	-1.34006E-05	0	0	0
0	7.841918	-90.97551	-0.29722	0	0	0	0	0	0	0	1.046618E-09	6.358883E-09	-2.250842E-08	0	0	0
0	7.841918	-90.97551	-0.29722	0	0	0	0	0	0	0	0	0	0	0	0	0
0	7.841918	-90.97551	-0.29722	0	0	0	0	0	0	0	0	0	0	0	0	0
0	7.844347	-90.96074	-0.3494563	0	0	0	0	0	0	0	0.3097182	1.884673	-6.660757	0	0	0
0	7.844347	-90.96074	-0.3494563	0	0	0	0	0	0	0	0.006700376	0.0407726	-0.1440974	0	0	0
0	7.849204	-90.93114	-0.453911	0	0	0	0	0	0	0	0.3035951	1.853167	-6.529076	0	0	0
0	7.794489	-90.89593	-0.7760493	0	0	0	0	0	0	0	-3.479345	4.439367	-24.88717	0	0	0
0	7.598311	-90.98326	-1.063373	0	0	0	0	0	0	0	-9.452697	-6.132595	-18.70761	0	0	0
0	7.468905	-91.08523	-1.294928	0	0	0	0	0	0	0	-5.502885	-5.620145	-15.62496	0	0	0
0	7.355337	-91.18804	-1.901662	0	0	0	0	0	0	0	0.6020736	9.09594	-57.09872	0	0	0
0	7.218442	-91.38922	-1.981334	0	0	0	0	0	0	0	-3.332574	-7.080557	-3.6071	0	0	0
0	7.150811	-91.42796	-2.041699	0	0	0	0	0	0	0	-0.9700394	-0.1103163	-0.09457905	0	0	0
0	7.078582	-91.44337	-1.992561	0	0	0	0	0	0	0	-3.752836	-2.665328	8.866337	0	0	0
0	7.074255	-91.47411	-1.888416	0	0	0	0	0	0	0	-0.1698081	-1.128515	3.827353	0	0	0
0	7.07209	-91.48946	-1.836334	0	0	0	0	0	0	0	-0.002528838	-0.01778653	0.06042033	0	0	0
0	7.07209	-91.48946	-1.836334	0	0	0	0	0	0	0	-3.974793E-05	-0.0002795661	0.0009496787	0	0	0
0	7.076418	-91.45876	-1.940492	0	0	0	0	0	0	0	0.5768611	4.098797	-13.88188	0	0	0
0	7.085072	-91.39708	-2.148733	0	0	0	0	0	0	0	0.6172713	4.41228	-14.85433	0	0	0
0	7.085072	-91.39708	-2.148733	0	0	0	0	0	0	0	0.01633663	0.1167749	-0.393133	0	0	0
0	7.085072	-91.39708	-2.148733	0	0	0	0	0	0	0	5.1983E-05	0.0003715765	-0.001250945	0	0	0
0	7.085072	-91.39708	-2.148733	0	0	0	0	0	0	0	8.170617E-07	5.84039E-06	-1.966218E-05	0	0	0
0	7.085072	-91.39708	-2.148733	0	0	0	0	0	0	0	1.372384E-09	9.809856E-09	-3.302574E-08	0	0	0
0	7.089397	-91.36612	-2.252815	0	0	0	0	0	0	0	0.5384247	3.860183	-12.95692	0	0	0
0	7.098044	-91.30394	-2.460905	0	0	0	0	0	0	0	0.6817146	4.916635	-16.40512	0	0	0
0	7.117485	-91.1628	-2.928735	0	0	0	0	0	0	0	0.3723476	2.721309	-8.960361	0	0	0
0	7.126118	-91.09951	-3.136493	0	0	0	0	0	0	0	0.146468	1.076746	-3.52468	0	0	0
0	7.128276	-91.08364	-3.188416	0	0	0	0	0	0	0	0.02382538	0.1754058	-0.573346	0	0	0
0	7.128276	-91.08364	-3.188416	0	0	0	0	0	0	0	7.581211E-05	0.0005581393	-0.001824381	0	0	0
0	7.128276	-91.08364	-3.188416	0	0	0	0	0	0	0	2.412334E-07	1.775994E-06	-5.805161E-06	0	0	0
0	7.126118	-91.09951	-3.136493	0	0	0	0	0	0	0	-0.137522	-1.01098	3.309398	0	0	0
0	7.126118	-91.09951	-3.136493	0	0	0	0	0	0	0	-0.0006022957	-0.004427723	0.01449395	0	0	0
0	7.128276	-91.08364	-3.188416	0	0	0	0	0	0	0	0.1967045	1.448166	-4.733596	0	0	0
0	7.128276	-91.08364	-3.188416	0	0	0	0	0	0	0	0.0008614936	0.006342436	-0.02073141	0	0	0
0	7.130433	-91.06774	-3.240333	0	0	0	0	0	0	0	0.05538698	0.4083611	-1.33286	0	0	0
0	7.134748	-91.03589	-3.344148	0	0	0	0	0	0	0	0.3776277	2.79231	-9.087422	0	0	0
0	7.141216	-90.98795	-3.49982	0	0	0	0	0	0	0	0.1806827	1.341854	-4.34804	0	0	0
0	7.087619	-90.85918	-3.917589	0	0	0	0	0	0	0	-7.97027	5.258486	-17.2007	0	0	0
0	7.089752	-90.84299	-3.969415	0	0	0	0	0	0	0	-0.01982555	0.1377469	-0.4421682	0	0	0
0	7.018893	-90.84299	-3.972316	0	0	0	0	0	0	0	-2.421399	0.0002313676	-0.09936778	0	0	0
0	6.948034	-90.84299	-3.975188	0	0	0	0	0	0	0	-12.32534	5.348874E-07	-0.4969511	0	0	0
0	6.941764	-90.8915	-3.819684	0	0	0	0	0	0	0	-0.3554087	-1.658197	5.321404	0	0	0
0	6.939674	-90.90763	-3.767836	0	0	0	0	0	0	0	-0.01113402	-0.08451194	0.2718842	0	0	0
0	6.939888	-90.96178	-3.773163	0	0	0	0	0	0	0	0.02979395	-7.545415	-0.7389755	0	0	0
0	6.939888	-90.96178	-3.773163	0	0	0	0	0	0	0	0.0005882017	-0.1487641	-0.0145888	0	0	0
0	6.871392	-90.9998	-3.833155	0	0	0	0	0	0	0	-0.3528296	-3.551756	-0.3842341	0	0	0
0	6.80059	-90.9998	-3.835966	0	0	0	0	0	0	0	-2.63954	-0.04055997	-0.1084772	0	0	0
0	6.659186	-91.05396	-3.846783	0	0	0	0	0	0	0	-10.01616	-0.5003541	-0.4361247	0	0	0
0	6.655176	-91.08619	-3.743074	0	0	0	0	0	0	0	-0.4517506	-3.029327	9.752435	0	0	0
0	6.647151	-91.15041	-3.535578	0	0	0	0	0	0	0	-0.1408917	-1.12065	3.631637	0	0	0
0	6.641131	-91.19834	-3.379887	0	0	0	0	0	0	0	-0.09720027	-0.7722098	2.513405	0	0	0
0	6.639123	-91.21428	-3.327977	0	0	0	0	0	0	0	-0.03700311	-0.293551	0.9568458	0	0	0
0	6.641131	-91.19834	-3.379887	0	0	0	0	0	0	0	0.2631583	2.090709	-6.804886	0	0	0
0	6.641131	-91.19834	-3.379887	0	0	0	0	0	0	0	0.001050542	0.008346224	-0.02716547	0	0	0
0	6.643138	-91.18239	-3.43179	0	0	0	0	0	0	0	0.01319767	0.1050036	-0.3412723	0	0	0
0	6.572501	-91.18239	-3.434508	0	0	0	0	0	0	0	-0.4719554	0.0002427526	-0.01884722	0	0	0
0	6.572501	-91.18239	-3.434508	0	0	0	0	0	0	0	-0.0007927236	4.077413E-07	-3.165688E-05	0	0	0
0	6.572501	-91.18239	-3.434508	0	0	0	0	0	0	0	-1.245992E-05	6.408822E-09	-4.975786E-07	0	0	0
0	6.572501	-91.18239	-3.434508	0	0	0	0	0	0	0	-5.457337E-08	0	-2.087985E-09	0	0	0
0	6.572501	-91.18239	-3.434508	0	0	0	0	0	0	0	0	0	0	0	0	0
0	6.572501	-91.18239	-3.434508	0	0	0	0	0	0	0	0	0	0	0	0	0
0	6.572501	-91.18239	-3.434508	0	0	0	0	0	0	0	0	0	0	0	0	0
0	6.570515	-91.19834	-3.382603	0	0	0	0	0	0	0	-0.002065273	-0.01658428	0.05397975	0	0	0
0	6.570515	-91.19834	-3.382603	0	0	0	0	0	0	0	-2.520341E-06	-2.023851E-05	6.58738E-05	0	0	0
0	6.570313	-91.14419	-3.377321	0	0	0	0	0	0	0	-0.003766879	1.007121	0.09845439	0	0	0
0	6.570313	-91.14419	-3.377321	0	0	0	0	0	0	0	-2.270693E-05	0.006070976	0.0005934877	0	0	0
0	6.570313	-91.14419	-3.377321	0	0	0	0	0	0	0	-2.770994E-08	7.408674E-06	7.242508E-07	0	0	0
0	6.57011	-91.09004	-3.372016	0	0	0	0	0	0	0	-0.0007656775	0.2038571	0.0200124	0	0	0
0	6.571687	-90.96579	-3.413244	0	0	0	0	0	0	0	0.003197837	1.12506	-0.08358142	0	0	0
0	6.571482	-90.91164	-3.407873	0	0	0	0	0	0	0	-0.001992883	0.5285351	0.05208771	0	0	0
0	6.575246	-90.82552	-3.506269	0	0	0	0	0	0	0	0.3362037	4.05543	-8.787308	0	0	0
0	6.575039	-90.77138	-3.500854	0	0	0	0	0	0	0	-0.001838235	1.921066	0.04804568	0	0	0
0	6.574831	-90.71724	-3.495417	0	0	0	0	0	0	0	-0.01951623	5.073091	0.5100929	0	0	0
0	6.574831	-90.71724	-3.495417	0	0	0	0	0	0	0	-3.278059E-05	0.008521058	0.0008567815	0	0	0
0	6.574831	-90.71724	-3.495417	0	0	0	0	0	0	0	-7.578382E-08	1.969941E-05	1.980751E-06	0	0	0
0	6.576817	-90.70122	-3.547302	0	0	0	0	0	0	0	0.01971728	0.1592515	-0.5153478	0	0	0
0	6.576608	-90.64709	-3.541842	0	0	0	0	0	0	0	-0.006865425	1.835796	0.1794406	0	0	0
0	6.507889	-90.63104	-3.596411	0	0	0	0	0	0	0	-16.51387	0.5942919	-2.415785	0	0	0
0	6.509645	-90.56084	-3.642802	0	0	0	0	0	0	0	-0.06307211	9.504605	0.2700236	0	0	0
0	6.511608	-90.54476	-3.694668	0	0	0	0	0	0	0	0.01803153	0.3646755	-0.5066341	0	0	0
0	6.511399	-90.49063	-3.689164	0	0	0	0	0	0	0	-0.001400862	0.3793447	0.03691633	0	0	0
0	6.511399	-90.49063	-3.689164	0	0	0	0	0	0	0	-2.201856E-05	0.005962489	0.000580246	0	0	0
0	6.513153	-90.42039	-3.735498	0	0	0	0	0	0	0	0.4641061	6.522173	-12.26225	0	0	0
0	6.514905	-90.35014	-3.781803	0	0	0	0	0	0	0	0.112289	4.482935	-2.966813	0	0	0
0	6.518407	-90.20958	-3.874327	0	0	0	0	0	0	0	0.4768351	7.783562	-12.59857	0	0	0
0	6.519944	-90.08515	-3.914911	0	0	0	0	0	0	0	0.01920146	2.156708	-0.5073261	0	0	0
0	6.590778	-90.08515	-3.912215	0	0	0	0	0	0	0	0.9499265	0.002631923	0.03572432	0	0	0
0	6.590778	-90.08515	-3.912215	0	0	0	0	0	0	0	0.002196088	6.084612E-06	8.258929E-05	0	0	0
0	6.592761	-90.06894	-3.964041	0	0	0	0	0	0	0	0.2289432	1.873168	-5.983759	0	0	0
0	6.596726	-90.03645	-4.067672	0	0	0	0	0	0	0	0.09465942	0.7767127	-2.474099	0	0	0
0	6.612576	-89.90565	-4.481932	0	0	0	0	0	0	0	1.447993	12.01703	-37.84599	0	0	0
0	6.620494	-89.83975	-4.688902	0	0	0	0	0	0	0	0.3732969	3.115551	-9.756805	0	0	0
0	6.620494	-89.83975	-4.688902	0	0	0	0	0	0	0	0.0006270109	0.005233061	-0.0163881	0	0	0
0	6.620494	-89.83975	-4.688902	0	0	0	0	0	0	0	1.449556E-06	1.209805E-05	-3.788683E-05	0	0	0
0	6.620494	-89.83975	-4.688902	0	0	0	0	0	0	0	4.612471E-09	3.849588E-08	-1.205555E-07	0	0	0
0	6.620494	-89.83975	-4.688902	0	0	0	0	0	0	0	7.249819E-11	6.05073E-10	-1.894875E-09	0	0	0
0	6.620494	-89.83975	-4.688902	0	0	0	0	0	0	0	0	0	0	0	0	0
0	6.620494	-89.83975	-4.688902	0	0	0	0	0	0	0	0	0	0	0	0	0
0	6.620494	-89.83975	-4.688902	0	0	0	0	0	0	0	0	0	0	0	0	0
0	6.620494	-89.83975	-4.688902	0	0	0	0	0	0	0	0	0	0	0	0	0
0	6.620494	-89.83975	-4.688902	0	0	0	0	0	0	0	0	0	0	0	0	0
0	6.626646	-89.84422	-4.849694	0	0	0	0	0	0	0	0.6621786	1.823388	-17.30727	0	0	0
0	6.639788	-90.0691	-5.193177	0	0	0	0	0	0	0	0.6807919	-15.91646	-17.79376	0	0	0
0	6.587045	-90.18857	-5.687823	0	0	0	0	0	0	0	-0.4151664	-13.90693	-15.17645	0	0	0
0	6.596262	-90.49986	-5.931331	0	0	0	0	0	0	0	0.443266	-16.17373	-11.86946	0	0	0
0	6.531548	-90.77381	-6.119708	0	0	0	0	0	0	0	-12.14277	-9.814169	-4.22712	0	0	0
0	6.462462	-90.97346	-6.19414	0	0	0	0	0	0	0	-6.494448	-8.486607	-5.924277	0	0	0
0	6.179365	-91.04765	-6.317603	0	0	0	0	0	0	0	-17.96352	-4.954997	-13.17443	0	0	0
0	5.687264	-91.16137	-6.663504	0	0	0	0	0	0	0	-32.50497	-13.70584	-4.370944	0	0	0
0	5.334429	-91.36325	-6.904908	0	0	0	0	0	0	0	-24.04438	-24.5464	-13.91141	0	0	0
0	4.989627	-91.56848	-7.462807	0	0	0	0	0	0	0	-23.65301	-14.90303	-20.53571	0	0	0
0	4.853116	-91.91435	-7.76001	0	0	0	0	0	0	0	-2.218745	-22.45693	-18.39519	0	0	0
0	4.857606	-91.96983	-7.922936	0	0	0	0	0	0	0	0.0366294	-0.111079	-1.495496	0	0	0
0	4.857606	-91.96983	-7.922936	0	0	0	0	0	0	0	8.46817E-05	-0.000256798	-0.003457363	0	0	0
0	4.854775	-92.00517	-7.820208	0	0	0	0	0	0	0	-0.3889035	-4.849607	14.11254	0	0	0
0	4.850527	-92.05804	-7.666061	0	0	0	0	0	0	0	-0.1204073	-1.495501	4.369344	0	0	0
0	4.847694	-92.09318	-7.563261	0	0	0	0	0	0	0	-0.0268027	-0.3320133	0.9726171	0	0	0
0	4.920029	-92.09318	-7.561253	0	0	0	0	0	0	0	0.1024273	-0.0005576688	0.004499693	0	0	0
0	4.992363	-92.09318	-7.559215	0	0	0	0	0	0	0	0.1971258	-1.289247E-06	0.005598278	0	0	0
0	5.064696	-92.09318	-7.557147	0	0	0	0	0	0	0	0.9753666	-2.980546E-09	0.02808264	0	0	0
0	5.064696	-92.09318	-7.557147	0	0	0	0	0	0	0	0.001638282	0	4.716921E-05	0	0	0
0	5.137029	-92.09318	-7.555049	0	0	0	0	0	0	0	1.829106	0	0.05341614	0	0	0
0	5.137029	-92.09318	-7.555049	0	0	0	0	0	0	0	0.003072272	0	8.972084E-05	0	0	0
0	5.13853	-92.07562	-7.606451	0	0	0	0	0	0	0	0.01100669	0.1287524	-0.376654	0	0	0
0	5.140031	-92.05804	-7.657845	0	0	0	0	0	0	0	0.1084763	1.271429	-3.714508	0	0	0
0	5.144532	-92.00517	-7.811984	0	0	0	0	0	0	0	0.4599364	5.412344	-15.7494	0	0	0
0	5.150531	-91.93439	-8.017403	0	0	0	0	0	0	0	0.3303552	3.90812	-11.31221	0	0	0
0	5.156527	-91.86328	-8.222705	0	0	0	0	0	0	0	0.3573629	4.249969	-12.23702	0	0	0
0	5.167011	-91.73802	-8.581705	0	0	0	0	0	0	0	0.05157458	0.6190076	-1.766046	0	0	0
0	5.095732	-91.72005	-8.635072	0	0	0	0	0	0	0	-12.03052	2.170692	-6.53655	0	0	0
0	5.034956	-91.73818	-9.060018	0	0	0	0	0	0	0	-1.916488	-5.287266	-21.36698	0	0	0
0	4.690041	-91.97018	-9.824051	0	0	0	0	0	0	0	-22.56381	-2.561964	-75.59933	0	0	0
0	4.484059	-92.32729	-10.38041	0	0	0	0	0	0	0	-2.911207	-15.24662	-12.39189	0	0	0
0	4.4996	-92.21048	-10.99986	0	0	0	0	0	0	0	0.4478766	6.465823	-18.06841	0	0	0
0	4.644355	-92.19398	-10.89036	0	0	0	0	0	0	0	0.8317989	1.337681	9.840532	0	0	0
0	4.63623	-92.19824	-10.57676	0	0	0	0	0	0	0	-0.9049564	-9.567628	35.58322	0	0	0
0	4.48012	-92.3289	-10.2234	0	0	0	0	0	0	0	-5.786403	-5.054913	13.77163	0	0	0
0	4.185201	-92.34748	-10.17948	0	0	0	0	0	0	0	-6.858158	-0.0607698	0.006407525	0	0	0
0	4.185201	-92.34748	-10.17948	0	0	0	0	0	0	0	-0.01585504	-0.0001404907	1.481324E-05	0	0	0
0	4.185108	-92.29321	-10.17555	0	0	0	0	0	0	0	-0.0002841503	0.1451471	0.01055758	0	0	0
0	4.185108	-92.29321	-10.17555	0	0	0	0	0	0	0	-3.244911E-06	0.001657536	0.0001205644	0	0	0
0	4.238861	-91.80987	-9.349761	0	0	0	0	0	0	0	-0.3374491	13.1903	15.78873	0	0	0
0	4.236215	-91.73786	-9.238859	0	0	0	0	0	0	0	-0.2223117	-2.016126	9.329553	0	0	0
0	4.236215	-91.73786	-9.238859	0	0	0	0	0	0	0	-1.749479E-07	-1.584906E-06	7.334092E-06	0	0	0
0	4.236215	-91.73786	-9.238859	0	0	0	0	0	0	0	4.932072	0	0.1176499	0	0	0
0	4.236215	-91.73786	-9.238859	0	0	0	0	0	0	0	0.008284193	0	0.0001976116	0	0	0
0	4.234994	-91.75607	-9.187676	0	0	0	0	0	0	0	-0.02252451	-0.3359681	0.9450662	0	0	0
0	4.234994	-91.75607	-9.187676	0	0	0	0	0	0	0	-3.783346E-05	-0.0005643115	0.001587388	0	0	0
0	4.234891	-91.70183	-9.183365	0	0	0	0	0	0	0	-0.001921965	1.010568	0.08057183	0	0	0
0	4.234891	-91.70183	-9.183365	0	0	0	0	0	0	0	-8.417502E-06	0.004425915	0.000352875	0	0	0
0	4.307787	-91.64759	-9.177274	0	0	0	0	0	0	0	2.508411	0.08387423	0.06759185	0	0	0
0	4.380678	-91.59335	-9.171131	0	0	0	0	0	0	0	0.005798864	0.0001938983	0.0001587224	0	0	0
0	4.380678	-91.59335	-9.171131	0	0	0	0	0	0	0	9.114575E-05	3.047667E-06	2.494777E-06	0	0	0
0	4.387099	-91.55635	-9.431321	0	0	0	0	0	0	0	0.4317096	-6.583493	-17.49444	0	0	0
0	4.397191	-91.40927	-9.840268	0	0	0	0	0	0	0	0.6235127	9.077352	-25.26702	0	0	0
0	4.403492	-91.31667	-10.09562	0	0	0	0	0	0	0	0.4134462	6.094418	-16.75435	0	0	0
0	4.411047	-91.20487	-10.40178	0	0	0	0	0	0	0	0.4943626	7.343456	-20.03338	0	0	0
0	4.413671	-91.22167	-10.50811	0	0	0	0	0	0	0	0.02826419	-0.3026097	-1.145368	0	0	0
0	4.413671	-91.22167	-10.50811	0	0	0	0	0	0	0	0.000234505	-0.002510722	-0.009503001	0	0	0
0	4.413777	-91.27592	-10.51242	0	0	0	0	0	0	0	0.01827705	-9.339322	-0.7406528	0	0	0
0	4.423001	-91.36121	-10.88619	0	0	0	0	0	0	0	0.5613072	-11.88772	-22.74622	0	0	0
0	4.438984	-91.62141	-11.53389	0	0	0	0	0	0	0	0.980308	-8.205853	-39.72567	0	0	0
0	4.455767	-91.64227	-12.21398	0	0	0	0	0	0	0	1.585925	2.72605	-64.26746	0	0	0
0	4.46087	-91.61877	-12.42077	0	0	0	0	0	0	0	0.4318317	5.884399	-17.4994	0	0	0
0	4.387861	-91.65354	-12.47717	0	0	0	0	0	0	0	-12.83527	4.330865	-12.12506	0	0	0
0	4.386631	-91.67304	-12.42646	0	0	0	0	0	0	0	-0.1784976	-2.477855	6.447459	0	0	0
0	4.309967	-91.76624	-12.33066	0	0	0	0	0	0	0	-1.002599	-10.69721	9.851977	0	0	0
0	4.306336	-91.82448	-12.17844	0	0	0	0	0	0	0	-0.3417825	-5.454661	14.22576	0	0	0
0	4.227342	-91.90183	-11.97713	0	0	0	0	0	0	0	-1.626616	-3.788507	9.936522	0	0	0
0	4.22377	-91.95963	-11.82475	0	0	0	0	0	0	0	-0.3249253	-4.991131	13.18211	0	0	0
0	4.221387	-91.99806	-11.72313	0	0	0	0	0	0	0	-0.0508127	-0.8175278	2.164565	0	0	0
0	4.220196	-92.01725	-11.6723	0	0	0	0	0	0	0	-0.002390861	-0.03846933	0.1019809	0	0	0
0	4.294221	-92.01725	-11.67055	0	0	0	0	0	0	0	4.901026	-6.461531E-05	0.1170808	0	0	0
0	4.291795	-92.05556	-11.56888	0	0	0	0	0	0	0	-0.2081132	-3.412738	9.06954	0	0	0
0	4.358278	-92.1157	-11.25805	0	0	0	0	0	0	0	0.850036	-2.488962	20.28945	0	0	0
0	4.348393	-92.26711	-10.85068	0	0	0	0	0	0	0	-0.6060475	-9.271368	25.10329	0	0	0
0	4.485339	-92.30863	-10.43143	0	0	0	0	0	0	0	2.080738	0.2584632	21.6979	0	0	0
0	4.624229	-92.31178	-10.11362	0	0	0	0	0	0	0	2.200833	-2.338156	18.08962	0	0	0
0	4.618627	-92.22301	-9.897398	0	0	0	0	0	0	0	-0.3420826	6.896137	13.43994	0	0	0
0	4.615664	-92.09713	-9.78307	0	0	0	0	0	0	0	-0.368403	7.605873	14.22157	0	0	0
0	4.60983	-91.89941	-9.557927	0	0	0	0	0	0	0	-0.4077414	11.42315	15.73604	0	0	0
0	4.591816	-91.75639	-8.862712	0	0	0	0	0	0	0	-0.4822034	17.31996	18.60975	0	0	0
0	4.507354	-91.35802	-8.409963	0	0	0	0	0	0	0	-4.163828	32.1196	31.06557	0	0	0
0	4.343446	-91.22715	-7.662354	0	0	0	0	0	0	0	-13.21131	18.10094	10.56616	0	0	0
0	4.108415	-90.98389	-6.904014	0	0	0	0	0	0	0	-13.3214	7.165257	28.62908	0	0	0
0	3.95801	-90.85349	-6.629928	0	0	0	0	0	0	0	-4.687416	16.56753	11.49731	0	0	0
0	3.955451	-90.77951	-6.516798	0	0	0	0	0	0	0	-0.111254	5.796975	4.29603	0	0	0
0	4.097814	-90.68832	-6.451792	0	0	0	0	0	0	0	1.655202	-2.641526	12.89513	0	0	0
0	4.241321	-90.57999	-6.438124	0	0	0	0	0	0	0	1.925321	1.078897	0.1712041	0	0	0
0	4.31421	-90.4545	-6.47758	0	0	0	0	0	0	0	10.31798	15.30389	-5.790116	0	0	0
0	4.31421	-90.4545	-6.47758	0	0	0	0	0	0	0	0.05671208	0.04309215	-0.03573641	0	0	0
0	4.31421	-90.4545	-6.47758	0	0	0	0	0	0	0	0.0001804572	0.0001371188	-0.0001137129	0	0	0
0	4.31421	-90.4545	-6.47758	0	0	0	0	0	0	0	3.031064E-07	2.303126E-07	-1.909987E-07	0	0	0
0	4.31421	-90.4545	-6.47758	0	0	0	0	0	0	0	0	0	0	0	0	0
0	4.31421	-90.4545	-6.47758	0	0	0	0	0	0	0	0	0	0	0	0	0
0	4.31421	-90.4545	-6.47758	0	0	0	0	0	0	0	0	0	0	0	0	0
0	4.31421	-90.4545	-6.47758	0	0	0	0	0	0	0	0	0	0	0	0	0
0	4.31421	-90.4545	-6.47758	0	0	0	0	0	0	0	0	0	0	0	0	0
0	4.31421	-90.4545	-6.47758	0	0	0	0	0	0	0	0	0	0	0	0	0
0	4.386098	-90.4545	-6.475791	0	0	0	0	0	0	0	0.1478396	0	0.003709058	0	0	0
0	4.386098	-90.4545	-6.475791	0	0	0	0	0	0	0	0.0002483199	0	6.229948E-06	0	0	0
0	4.386098	-90.4545	-6.475791	0	0	0	0	0	0	0	5.740786E-07	0	1.440271E-08	0	0	0
0	4.529873	-90.4545	-6.472125	0	0	0	0	0	0	0	12.36461	0	0.3203835	0	0	0
0	4.675023	-90.43732	-6.519873	0	0	0	0	0	0	0	7.084673	1.493158	-4.289223	0	0	0
0	4.892179	-90.42011	-6.565496	0	0	0	0	0	0	0	17.34441	0.598946	-1.30902	0	0	0
0	4.965566	-90.40289	-6.614985	0	0	0	0	0	0	0	1.880391	0.1207834	-0.3079505	0	0	0
0	4.965566	-90.40289	-6.614985	0	0	0	0	0	0	0	0.004347183	0.0002792331	-0.0007119355	0	0	0
0	4.965566	-90.40289	-6.614985	0	0	0	0	0	0	0	7.30178E-06	4.69016E-07	-1.195808E-06	0	0	0
0	4.967028	-90.38565	-6.666494	0	0	0	0	0	0	0	0.01445147	0.1705889	-0.5092065	0	0	0
0	4.968489	-90.36839	-6.717996	0	0	0	0	0	0	0	0.01047412	0.1238068	-0.3690627	0	0	0
0	4.968489	-90.36839	-6.717996	0	0	0	0	0	0	0	1.759294E-05	0.000207953	-0.000619899	0	0	0
0	4.969951	-90.3511	-6.769491	0	0	0	0	0	0	0	0.001544891	0.01828569	-0.05443526	0	0	0
0	4.969951	-90.3511	-6.769491	0	0	0	0	0	0	0	1.764219E-05	0.000208817	-0.0006216342	0	0	0
0	5.256616	-89.35921	-6.715661	0	0	0	0	0	0	0	-0.01077885	3.480482	0.3589773	0	0	0
0	5.256279	-89.25098	-6.704452	0	0	0	0	0	0	0	-6.143301E-08	1.967937E-05	2.045957E-06	0	0	0
0	5.25611	-89.19685	-6.698814	0	0	0	0	0	0	0	-0.02295558	7.324516	0.7645098	0	0	0
0	5.472045	-89.19685	-6.692197	0	0	0	0	0	0	0	12.81531	0.02923587	0.4036777	0	0	0
0	5.615998	-89.19685	-6.687638	0	0	0	0	0	0	0	9.619568	9.302822E-05	0.3086489	0	0	0
0	5.615998	-89.19685	-6.687638	0	0	0	0	0	0	0	0.01615758	1.562556E-07	0.0005184245	0	0	0
0	5.615998	-89.19685	-6.687638	0	0	0	0	0	0	0	2.713921E-05	0	8.707484E-07	0	0	0
0	5.615998	-89.19685	-6.687638	0	0	0	0	0	0	0	4.558458E-08	0	1.462559E-09	0	0	0
0	5.615998	-89.19685	-6.687638	0	0	0	0	0	0	0	0	0	0	0	0	0
0	5.615816	-89.14275	-6.681979	0	0	0	0	0	0	0	-0.0009212673	0.2740322	0.02871377	0	0	0
0	5.615816	-89.14275	-6.681979	0	0	0	0	0	0	0	-5.553443E-06	0.001651879	0.0001730879	0	0	0
0	5.615816	-89.14275	-6.681979	0	0	0	0	0	0	0	-3.347642E-08	9.957605E-06	1.043382E-06	0	0	0
0	5.615816	-89.14275	-6.681979	0	0	0	0	0	0	0	-7.739248E-11	2.30205E-08	2.412144E-09	0	0	0
0	5.615816	-89.14275	-6.681979	0	0	0	0	0	0	0	0	0	0	0	0	0
0	5.62077	-89.0907	-6.836382	0	0	0	0	0	0	0	0.3154435	3.320829	-9.831642	0	0	0
0	5.624072	-89.05589	-6.939282	0	0	0	0	0	0	0	0.3011798	3.179197	-9.387077	0	0	0
0	5.625904	-89.09258	-6.996381	0	0	0	0	0	0	0	0.02194023	-0.2945061	-0.6838261	0	0	0
0	5.627554	-89.07512	-7.047813	0	0	0	0	0	0	0	0.003336053	0.03300367	-0.1039771	0	0	0
0	5.627554	-89.07512	-7.047813	0	0	0	0	0	0	0	5.603428E-06	5.543487E-05	-0.0001746459	0	0	0
0	5.631573	-89.25663	-7.173073	0	0	0	0	0	0	0	0.2935777	-9.899995	-9.150136	0	0	0
0	5.642698	-89.53014	-7.519809	0	0	0	0	0	0	0	0.6638053	-17.77356	-20.68927	0	0	0
0	5.586029	-89.6955	-8.016209	0	0	0	0	0	0	0	0.5543633	6.557007	-40.64747	0	0	0
0	5.59286	-89.73235	-8.231881	0	0	0	0	0	0	0	0.1191774	0.4985884	-3.80168	0	0	0
0	5.596273	-89.75066	-8.339641	0	0	0	0	0	0	0	0.3575895	3.205594	-11.29052	0	0	0
0	5.52378	-89.80482	-8.347122	0	0	0	0	0	0	0	-9.294399	-2.599396	-0.5765575	0	0	0
0	5.378778	-89.91315	-8.361931	0	0	0	0	0	0	0	-5.090127	-13.14099	-1.403281	0	0	0
0	5.160932	-89.96732	-8.373561	0	0	0	0	0	0	0	-17.4719	-1.827626	-0.6830865	0	0	0
0	5.161081	-90.02149	-8.378669	0	0	0	0	0	0	0	-0.03845246	-0.7107494	-0.06804905	0	0	0
0	5.161081	-90.02149	-8.378669	0	0	0	0	0	0	0	-4.692518E-05	-0.000867358	-8.304317E-05	0	0	0
0	5.159732	-90.09361	-8.332483	0	0	0	0	0	0	0	-0.1348774	-1.671497	4.618546	0	0	0
0	5.227828	-90.14729	-8.176491	0	0	0	0	0	0	0	9.453809	-4.877266	14.29658	0	0	0
0	5.294252	-90.21857	-7.969087	0	0	0	0	0	0	0	1.681439	-3.334376	9.684978	0	0	0
0	5.43292	-90.28951	-7.759323	0	0	0	0	0	0	0	9.971553	-2.03391	6.215767	0	0	0
0	5.502124	-90.32486	-7.654356	0	0	0	0	0	0	0	9.29513	-0.5757686	1.967543	0	0	0
0	5.572708	-90.28833	-7.595625	0	0	0	0	0	0	0	1.292292	-0.4981764	1.809836	0	0	0
0	5.638133	-90.25036	-7.377539	0	0	0	0	0	0	0	0.01259031	-1.368993	15.19835	0	0	0
0	5.695835	-90.01096	-6.927258	0	0	0	0	0	0	0	-0.4966604	16.54805	26.05526	0	0	0
0	5.672142	-89.6396	-6.19815	0	0	0	0	0	0	0	-1.355447	26.52683	41.7358	0	0	0
0	5.692932	-89.13644	-4.646532	0	0	0	0	0	0	0	-1.796467	29.01107	82.14323	0	0	0
0	5.78953	-88.55366	-3.287781	0	0	0	0	0	0	0	9.415493	24.30786	87.61263	0	0	0
0	5.81487	-88.28353	-1.960469	0	0	0	0	0	0	0	-1.876531	10.64018	74.70744	0	0	0
0	5.934668	-88.39877	-1.376112	0	0	0	0	0	0	0	16.33645	-3.520648	13.59185	0	0	0
0	5.993392	-88.49	-1.060848	0	0	0	0	0	0	0	7.485097	-7.905207	27.53387	0	0	0
0	6.204281	-88.47485	-1.105474	0	0	0	0	0	0	0	11.92686	0.3572424	-0.793515	0	0	0
0	6.347295	-88.39047	-1.19796	0	0	0	0	0	0	0	4.507326	2.90426	-9.288243	0	0	0
0	6.417012	-88.39047	-1.195336	0	0	0	0	0	0	0	1.731817	0.006714216	0.04368296	0	0	0
0	6.347295	-88.39047	-1.19796	0	0	0	0	0	0	0	-0.1861349	1.127758E-05	-0.007004975	0	0	0
0	6.347295	-88.39047	-1.19796	0	0	0	0	0	0	0	-0.002125604	1.287866E-07	-7.999469E-05	0	0	0
0	6.347295	-88.39047	-1.19796	0	0	0	0	0	0	0	-4.914115E-06	0	-1.839676E-07	0	0	0
0	6.351197	-88.36002	-1.30221	0	0	0	0	0	0	0	0.6142888	4.800504	-16.40879	0	0	0
0	6.3629	-88.26815	-1.61481	0	0	0	0	0	0	0	0.6590843	5.197358	-17.60536	0	0	0
0	6.304576	-88.17552	-1.929792	0	0	0	0	0	0	0	0.4538307	5.860169	-19.68365	0	0	0
0	6.314208	-88.09774	-2.189934	0	0	0	0	0	0	0	0.4123166	3.347049	-11.15342	0	0	0
0	6.181724	-88.08914	-2.409704	0	0	0	0	0	0	0	-10.40899	-4.016356	-3.749375	0	0	0
0	6.122667	-87.9946	-2.724053	0	0	0	0	0	0	0	-0.08928042	2.356894	-7.760343	0	0	0
0	6.126385	-87.96291	-2.827942	0	0	0	0	0	0	0	0.1274549	1.106523	-3.623085	0	0	0
0	6.063811	-88.00731	-3.051342	0	0	0	0	0	0	0	0.05426901	-10.2446	-11.8512	0	0	0
0	6.00649	-88.00319	-3.43016	0	0	0	0	0	0	0	-5.923237	-1.016319	-14.09029	0	0	0
0	6.014424	-88.1007	-3.657069	0	0	0	0	0	0	0	0.3961706	-5.555172	-13.42828	0	0	0
0	5.885569	-88.04095	-4.03115	0	0	0	0	0	0	0	-9.429434	-3.60724	-10.86087	0	0	0
0	5.891093	-88.04589	-4.192941	0	0	0	0	0	0	0	0.2064988	1.499756	-7.177303	0	0	0
0	5.759966	-88.05523	-4.521073	0	0	0	0	0	0	0	-6.208486	-1.551864	-5.697249	0	0	0
0	5.698225	-88.18854	-4.807363	0	0	0	0	0	0	0	-2.875756	-9.732389	-14.69744	0	0	0
0	5.569885	-88.27107	-5.2504	0	0	0	0	0	0	0	-9.399147	-6.068686	-13.72434	0	0	0
0	5.579154	-88.45716	-5.539296	0	0	0	0	0	0	0	0.389785	-10.30096	-13.81125	0	0	0
0	5.599979	-88.52325	-6.188382	0	0	0	0	0	0	0	0.7663476	-9.803478	-23.88732	0	0	0
0	5.543456	-88.5303	-6.672041	0	0	0	0	0	0	0	-1.940032	2.145873	-15.35676	0	0	0
0	5.479897	-88.55153	-6.943363	0	0	0	0	0	0	0	-2.00465	-6.711833	-20.35227	0	0	0
0	5.278069	-88.55598	-7.430161	0	0	0	0	0	0	0	-8.048712	-2.966678	-13.98742	0	0	0
0	5.075192	-88.61285	-7.921674	0	0	0	0	0	0	0	-6.470807	4.058182	-41.81223	0	0	0
0	4.935006	-88.72164	-8.09674	0	0	0	0	0	0	0	-1.598758	3.713708	-14.28768	0	0	0
0	4.864482	-88.92023	-8.172462	0	0	0	0	0	0	0	-0.1781572	-3.215861	-0.7323053	0	0	0
0	4.86509	-89.13675	-8.194527	0	0	0	0	0	0	0	0.03818454	-14.11273	-1.429033	0	0	0
0	4.865241	-89.19088	-8.199988	0	0	0	0	0	0	0	0.003280106	-1.185684	-0.1193886	0	0	0
0	4.938141	-89.29916	-8.208829	0	0	0	0	0	0	0	0.1050311	-0.4442672	-0.04145708	0	0	0
0	4.938442	-89.40745	-8.219597	0	0	0	0	0	0	0	0.03605809	-12.98584	-1.285932	0	0	0
0	4.93889	-89.56989	-8.235582	0	0	0	0	0	0	0	0.04378416	-16.00825	-1.565453	0	0	0
0	4.942345	-89.75066	-8.359141	0	0	0	0	0	0	0	0.02546229	-6.198655	-0.9103816	0	0	0
0	4.871381	-89.84103	-8.422795	0	0	0	0	0	0	0	-0.264176	-4.833264	-0.5247515	0	0	0
0	4.724631	-89.85899	-8.375474	0	0	0	0	0	0	0	-11.67794	-0.6383078	1.479576	0	0	0
0	4.724631	-89.85899	-8.375474	0	0	0	0	0	0	0	-0.04215052	-0.001072139	0.001882709	0	0	0
0	4.652097	-89.91315	-8.382554	0	0	0	0	0	0	0	-0.08961642	-6.586473	-0.6279293	0	0	0
0	4.724769	-89.91315	-8.380626	0	0	0	0	0	0	0	0.3723079	-0.01522694	0.008507148	0	0	0
0	4.724769	-89.91315	-8.380626	0	0	0	0	0	0	0	0.0004543433	-1.858208E-05	1.038162E-05	0	0	0
0	4.724769	-89.91315	-8.380626	0	0	0	0	0	0	0	1.050374E-06	-4.295901E-08	2.400076E-08	0	0	0
0	4.720655	-89.9669	-8.22678	0	0	0	0	0	0	0	-0.2673644	-3.48679	10.0008	0	0	0
0	4.643996	-90.02045	-8.074793	0	0	0	0	0	0	0	-12.95576	-1.868004	5.041709	0	0	0
0	4.635888	-90.12701	-7.766771	0	0	0	0	0	0	0	-0.5105829	-6.401772	18.58017	0	0	0
0	4.558144	-90.19762	-7.563168	0	0	0	0	0	0	0	-0.4357042	-3.160558	9.217113	0	0	0
0	4.552816	-90.26789	-7.357559	0	0	0	0	0	0	0	-0.08706004	-1.141024	3.347175	0	0	0
0	4.623713	-90.28541	-7.304252	0	0	0	0	0	0	0	0.6782072	-0.03483018	0.1202326	0	0	0
0	4.623713	-90.28541	-7.304252	0	0	0	0	0	0	0	0.001139156	-5.850277E-05	0.0002019497	0	0	0
0	4.623713	-90.28541	-7.304252	0	0	0	0	0	0	0	2.633559E-06	-1.352497E-07	4.668776E-07	0	0	0
0	4.623713	-90.28541	-7.304252	0	0	0	0	0	0	0	8.413231E-09	0	2.214599E-10	0	0	0
0	4.623713	-90.28541	-7.304252	0	0	0	0	0	0	0	0	0	0	0	0	0
0	4.623713	-90.28541	-7.304252	0	0	0	0	0	0	0	0	0	0	0	0	0
0	4.622359	-90.3029	-7.252825	0	0	0	0	0	0	0	-0.01780328	-0.2299467	0.6763444	0	0	0
0	4.619515	-90.28367	-7.144798	0	0	0	0	0	0	0	-0.3322517	-3.258002	12.6222	0	0	0
0	4.616671	-90.26435	-7.036721	0	0	0	0	0	0	0	-0.1365511	11.39157	5.187557	0	0	0
0	4.612606	-90.31646	-6.882313	0	0	0	0	0	0	0	-0.3277247	-4.151468	12.45022	0	0	0
0	4.610977	-90.22547	-6.820415	0	0	0	0	0	0	0	-0.07478526	1.878363	2.841082	0	0	0
0	4.682584	-90.063	-6.802716	0	0	0	0	0	0	0	0.6617944	13.46777	1.338946	0	0	0
0	4.754462	-90.00885	-6.795469	0	0	0	0	0	0	0	3.395472	0.3965716	0.1311505	0	0	0
0	4.896611	-89.86372	-6.723959	0	0	0	0	0	0	0	12.64771	8.252231	1.282841	0	0	0
0	5.107432	-89.69896	-6.541573	0	0	0	0	0	0	0	20.17796	12.39518	8.073374	0	0	0
0	5.452718	-89.40316	-6.073936	0	0	0	0	0	0	0	16.47475	14.70519	30.85179	0	0	0
0	5.64421	-89.08219	-5.338606	0	0	0	0	0	0	0	9.726421	18.44897	30.91131	0	0	0
0	5.624576	-88.94112	-4.73442	0	0	0	0	0	0	0	-0.6934114	3.455414	21.891	0	0	0
0	5.609048	-88.98116	-4.256567	0	0	0	0	0	0	0	-0.4222865	-3.148827	12.99625	0	0	0
0	5.676415	-88.95978	-4.144605	0	0	0	0	0	0	0	9.19017	-1.267303	7.635071	0	0	0
0	5.676415	-88.95978	-4.144605	0	0	0	0	0	0	0	0.0367159	-0.007147874	0.02946469	0	0	0
0	5.819814	-88.88937	-4.185595	0	0	0	0	0	0	0	3.498326	13.02123	0.61932	0	0	0
0	5.892529	-88.87302	-4.234974	0	0	0	0	0	0	0	0.8784292	1.547958	-4.525968	0	0	0
0	5.892529	-88.87302	-4.234974	0	0	0	0	0	0	0	0.003847197	0.006779488	-0.01982208	0	0	0
0	5.892529	-88.87302	-4.234974	0	0	0	0	0	0	0	6.461975E-06	1.138722E-05	-3.329431E-05	0	0	0
0	5.894088	-88.80257	-4.280655	0	0	0	0	0	0	0	0.004707816	0.05574315	-0.1378862	0	0	0
0	5.895647	-88.7321	-4.326306	0	0	0	0	0	0	0	0.0109108	0.4934371	-0.3195641	0	0	0
0	5.968439	-88.71568	-4.375634	0	0	0	0	0	0	0	0.1533166	0.1570524	-0.4845583	0	0	0
0	5.968227	-88.66161	-4.36949	0	0	0	0	0	0	0	-0.00242517	0.7069026	0.07932103	0	0	0
0	6.041058	-88.64517	-4.41878	0	0	0	0	0	0	0	12.7012	0.03300903	0.3440343	0	0	0
0	6.042868	-88.6287	-4.470531	0	0	0	0	0	0	0	0.03378533	0.1133759	-0.3553455	0	0	0
0	6.117592	-88.59571	-4.571515	0	0	0	0	0	0	0	8.99534	2.289311	-6.86081	0	0	0
0	6.117592	-88.59571	-4.571515	0	0	0	0	0	0	0	0.02158664	0.01242913	-0.03821279	0	0	0
0	6.121252	-88.56263	-4.67497	0	0	0	0	0	0	0	0.2312539	2.09253	-6.535362	0	0	0
0	6.123082	-88.54606	-4.726688	0	0	0	0	0	0	0	0.04832815	0.4380012	-1.366042	0	0	0
0	6.128569	-88.49622	-4.8818	0	0	0	0	0	0	0	0.351121	3.19566	-9.924882	0	0	0
0	6.134055	-88.44619	-5.036851	0	0	0	0	0	0	0	0.4888195	4.467555	-13.81711	0	0	0
0	6.077205	-88.31185	-5.452536	0	0	0	0	0	0	0	0.7358619	9.380322	-28.7009	0	0	0
0	6.029117	-88.14474	-6.131645	0	0	0	0	0	0	0	0.5428712	4.110587	-52.63785	0	0	0
0	6.059985	-88.01237	-7.024943	0	0	0	0	0	0	0	1.557037	3.559572	-45.12272	0	0	0
0	5.939091	-87.99931	-7.721706	0	0	0	0	0	0	0	-16.1196	0.1761082	-26.17704	0	0	0
0	5.881153	-88.07276	-8.158193	0	0	0	0	0	0	0	-12.4923	-5.328187	-23.12949	0	0	0
0	5.745265	-88.25325	-8.448367	0	0	0	0	0	0	0	-18.43264	-7.940835	-23.02799	0	0	0
0	5.462891	-88.32505	-8.73087	0	0	0	0	0	0	0	-15.66359	-9.75464	-3.862804	0	0	0
0	5.249325	-88.37872	-8.902407	0	0	0	0	0	0	0	-16.22341	-6.072055	-15.16875	0	0	0
0	4.893498	-88.32315	-9.225395	0	0	0	0	0	0	0	-12.16806	0.03484468	-3.43271	0	0	0
0	4.750192	-88.28642	-9.331606	0	0	0	0	0	0	0	-6.757549	0.2750323	-0.9590117	0	0	0
0	4.750192	-88.28642	-9.331606	0	0	0	0	0	0	0	-0.01135037	0.0004619601	-0.001610811	0	0	0
0	4.751709	-88.32214	-9.388355	0	0	0	0	0	0	0	0.04432346	-2.898614	-1.658641	0	0	0
0	4.543297	-88.3366	-9.819502	0	0	0	0	0	0	0	-20.59372	0.6276316	-24.93495	0	0	0
0	3.828899	-88.41573	-10.69096	0	0	0	0	0	0	0	-47.03282	-16.61642	-34.25994	0	0	0
0	2.73909	-88.50529	-11.66936	0	0	0	0	0	0	0	-55.97943	-12.88411	-38.99712	0	0	0
0	1.858084	-88.79462	-12.39163	0	0	0	0	0	0	0	-40.40633	-19.17833	-33.08993	0	0	0
0	1.043502	-89.26817	-12.9127	0	0	0	0	0	0	0	-38.31278	-29.27155	-22.22572	0	0	0
0	0.07481408	-89.84315	-13.59134	0	0	0	0	0	0	0	-56.15498	-26.75702	-46.59388	0	0	0
0	-1.126517	-90.12408	-14.28713	0	0	0	0	0	0	0	-63.06594	-7.995014	-39.14092	0	0	0
0	-2.18415	-90.19186	-14.8021	0	0	0	0	0	0	0	-43.31194	-3.656069	-18.58912	0	0	0
0	-2.941478	-90.25211	-15.05529	0	0	0	0	0	0	0	-33.08328	-12.81978	-2.62266	0	0	0
0	-3.320372	-90.21097	-15.14943	0	0	0	0	0	0	0	-19.16826	0.8536369	-2.131087	0	0	0
0	-3.394039	-90.30638	-15.05148	0	0	0	0	0	0	0	-0.5882302	-11.36623	4.336372	0	0	0
0	-3.314072	-90.4089	-14.80129	0	0	0	0	0	0	0	7.028878	-5.817452	14.14012	0	0	0
0	-3.007851	-90.53124	-14.50433	0	0	0	0	0	0	0	12.77081	-4.989808	12.1605	0	0	0
0	-2.704851	-90.59213	-14.35784	0	0	0	0	0	0	0	15.2731	-1.333946	3.092596	0	0	0
0	-2.478038	-90.57836	-14.25619	0	0	0	0	0	0	0	21.73432	-0.6814981	1.95251	0	0	0
0	-2.327168	-90.54432	-14.20371	0	0	0	0	0	0	0	2.064458	12.81333	1.192386	0	0	0
0	-2.177036	-90.54432	-14.20556	0	0	0	0	0	0	0	7.192553	0.05611768	-0.08043617	0	0	0
0	-2.026902	-90.54432	-14.20729	0	0	0	0	0	0	0	7.402784	0.0001297357	-0.08217949	0	0	0
0	-1.876766	-90.54432	-14.20889	0	0	0	0	0	0	0	12.91416	2.999296E-07	-0.1327618	0	0	0
0	-1.876766	-90.54432	-14.20889	0	0	0	0	0	0	0	0.202983	4.752223E-09	-0.002086733	0	0	0
0	-1.72663	-90.54432	-14.21037	0	0	0	0	0	0	0	9.391368	0	-0.08882221	0	0	0
0	-1.72663	-90.54432	-14.21037	0	0	0	0	0	0	0	0.02171144	0	-0.0002053437	0	0	0
0	-1.72663	-90.54432	-14.21037	0	0	0	0	0	0	0	5.019361E-05	0	-4.747239E-07	0	0	0
0	-1.72663	-90.54432	-14.21037	0	0	0	0	0	0	0	8.430808E-08	0	-7.973738E-10	0	0	0
0	-1.726591	-90.49006	-14.20633	0	0	0	0	0	0	0	0.001342691	1.89782	0.1419657	0	0	0
0	-1.801658	-90.49006	-14.2056	0	0	0	0	0	0	0	-3.589272	0.002315991	0.03559612	0	0	0
0	-2.101923	-90.49006	-14.20239	0	0	0	0	0	0	0	-16.0031	3.890072E-06	0.1842612	0	0	0
0	-2.628645	-90.28684	-14.28417	0	0	0	0	0	0	0	-29.2548	7.315152	-6.34611	0	0	0
0	-3.156577	-89.95476	-14.40616	0	0	0	0	0	0	0	-33.10799	14.2622	-2.616444	0	0	0
0	-3.611187	-89.71063	-14.58651	0	0	0	0	0	0	0	-26.20819	13.80378	-4.73146	0	0	0
0	-4.36819	-89.62891	-14.77146	0	0	0	0	0	0	0	-29.65221	1.791002	-3.662252	0	0	0
0	-5.35289	-89.54685	-14.94667	0	0	0	0	0	0	0	-47.09596	1.464944	-2.211084	0	0	0
0	-6.714935	-89.4851	-15.0528	0	0	0	0	0	0	0	-74.7919	2.747848	-3.967196	0	0	0
0	-8.074231	-89.41023	-15.04399	0	0	0	0	0	0	0	-56.69611	12.82704	3.500371	0	0	0
0	-8.599721	-89.43085	-14.96977	0	0	0	0	0	0	0	-25.51906	-3.493967	9.921914	0	0	0
0	-8.653696	-89.61557	-14.5139	0	0	0	0	0	0	0	0.8246698	-10.13079	24.95551	0	0	0
0	-8.475214	-89.85928	-13.91681	0	0	0	0	0	0	0	11.99833	-10.00338	24.47131	0	0	0
0	-8.547797	-89.87945	-13.86291	0	0	0	0	0	0	0	-12.46007	-0.1337495	0.9195684	0	0	0
0	-8.550161	-89.85928	-13.9133	0	0	0	0	0	0	0	-0.1283144	0.9655566	-2.409923	0	0	0
0	-8.564136	-89.68356	-14.21119	0	0	0	0	0	0	0	-0.09398004	0.809406	-2.003356	0	0	0
0	-8.489066	-89.68356	-14.2147	0	0	0	0	0	0	0	0.1028227	0.0009877528	-0.00723126	0	0	0
0	-8.484383	-89.72413	-14.11399	0	0	0	0	0	0	0	0.1692439	-1.462668	3.634612	0	0	0
0	-8.472669	-89.82521	-13.86207	0	0	0	0	0	0	0	0.3920844	-3.373343	8.432113	0	0	0
0	-8.46798	-89.8655	-13.76125	0	0	0	0	0	0	0	0.1671522	-1.434714	3.594754	0	0	0
0	-8.46798	-89.8655	-13.76125	0	0	0	0	0	0	0	0.000203983	-0.001750843	0.004386832	0	0	0
0	-8.542864	-89.8655	-13.75775	0	0	0	0	0	0	0	-17.221	-4.047687E-06	0.8078654	0	0	0
0	-8.542864	-89.8655	-13.75775	0	0	0	0	0	0	0	-0.03981239	-9.357647E-09	0.001867664	0	0	0
0	-8.542864	-89.8655	-13.75775	0	0	0	0	0	0	0	-9.20403E-05	0	4.317706E-06	0	0	0
0	-8.542864	-89.8655	-13.75775	0	0	0	0	0	0	0	-1.545962E-07	0	7.252269E-09	0	0	0
0	-8.617745	-89.8655	-13.75422	0	0	0	0	0	0	0	-0.7201475	0	0.03407965	0	0	0
0	-8.844831	-89.84537	-13.79387	0	0	0	0	0	0	0	-16.71209	0.1974384	0.316308	0	0	0
0	-9.441346	-89.8655	-13.71338	0	0	0	0	0	0	0	-9.037279	-0.9821281	2.935395	0	0	0
0	-9.503031	-89.96586	-13.45735	0	0	0	0	0	0	0	0.6960662	-6.620605	16.69149	0	0	0
0	-9.335332	-90.1055	-13.11176	0	0	0	0	0	0	0	10.05665	-6.530714	16.12108	0	0	0
0	-9.306726	-90.32289	-12.55571	0	0	0	0	0	0	0	0.8213513	-6.084268	15.66522	0	0	0
0	-9.436978	-90.45993	-12.19366	0	0	0	0	0	0	0	-4.578019	-7.228337	19.06022	0	0	0
0	-9.582765	-90.47942	-12.13519	0	0	0	0	0	0	0	-2.832636	-0.1440228	0.5258725	0	0	0
0	-9.791163	-90.46812	-11.86115	0	0	0	0	0	0	0	-13.84331	7.076451	4.452999	0	0	0
0	-10.00966	-90.27057	-11.78053	0	0	0	0	0	0	0	-13.90864	12.72532	6.802442	0	0	0
0	-10.07137	-90.13096	-11.5555	0	0	0	0	0	0	0	-2.241472	8.228736	7.972256	0	0	0
0	-10.14508	-90.07674	-11.54677	0	0	0	0	0	0	0	-0.991906	0.07075141	0.07395268	0	0	0
0	-10.29593	-90.05745	-11.58908	0	0	0	0	0	0	0	-3.411124	3.325671	-8.572443	0	0	0
0	-10.81687	-90.03815	-11.6094	0	0	0	0	0	0	0	-24.82876	0.6767678	-0.2900158	0	0	0
0	-11.18999	-90.01881	-11.63747	0	0	0	0	0	0	0	-20.24649	1.818267	-3.524765	0	0	0
0	-11.264	-90.01881	-11.63285	0	0	0	0	0	0	0	-0.1534059	0.004203561	-0.001458321	0	0	0
0	-11.18999	-90.01881	-11.63747	0	0	0	0	0	0	0	3.794819	7.060544E-06	-0.2359461	0	0	0
0	-11.12224	-89.98009	-11.74341	0	0	0	0	0	0	0	0.007469617	4.42212	-11.60546	0	0	0
0	-11.21204	-89.88293	-11.99205	0	0	0	0	0	0	0	-17.95674	4.818542	-11.45236	0	0	0
0	-11.22462	-89.80483	-12.1945	0	0	0	0	0	0	0	-0.5564133	3.120748	-8.066133	0	0	0
0	-11.08206	-89.71144	-12.30026	0	0	0	0	0	0	0	1.943926	0.2008016	-0.2648091	0	0	0
0	-10.78492	-89.71144	-12.31824	0	0	0	0	0	0	0	20.40647	0.0002450468	-1.218334	0	0	0
0	-10.7819	-89.73104	-12.26765	0	0	0	0	0	0	0	0.1437783	-0.134905	0.3411246	0	0	0
0	-10.77888	-89.75062	-12.21705	0	0	0	0	0	0	0	0.003455114	-0.02053955	0.05310157	0	0	0
0	-11.00162	-89.75062	-12.20362	0	0	0	0	0	0	0	-14.28751	-4.748437E-05	0.8706994	0	0	0
0	-11.1501	-89.75062	-12.19451	0	0	0	0	0	0	0	-10.15891	-5.422571E-07	0.6273969	0	0	0
0	-11.52157	-89.80483	-12.17579	0	0	0	0	0	0	0	-26.32725	-0.974982	1.597552	0	0	0
0	-12.10517	-89.86344	-11.98514	0	0	0	0	0	0	0	-35.96442	-3.263958	10.90877	0	0	0
0	-12.97662	-89.9607	-11.67019	0	0	0	0	0	0	0	-37.64818	-5.733882	17.75325	0	0	0
0	-13.84773	-89.8213	-11.38299	0	0	0	0	0	0	0	-35.24751	17.72841	8.354014	0	0	0
0	-14.63796	-89.64661	-11.04173	0	0	0	0	0	0	0	-34.56334	19.23769	13.34141	0	0	0
0	-15.26775	-89.29289	-10.5878	0	0	0	0	0	0	0	-31.03922	12.64815	26.36588	0	0	0
0	-15.57796	-88.97854	-9.896412	0	0	0	0	0	0	0	-9.104027	14.27199	39.41313	0	0	0
0	-15.64409	-88.80814	-8.971634	0	0	0	0	0	0	0	2.630489	12.33942	46.34976	0	0	0
0	-15.69572	-88.79439	-7.900926	0	0	0	0	0	0	0	3.888882	-13.95425	72.76685	0	0	0
0	-15.85986	-88.72108	-7.291518	0	0	0	0	0	0	0	-9.211068	-6.940335	57.59341	0	0	0
0	-15.97788	-88.48528	-6.988425	0	0	0	0	0	0	0	-10.88871	15.37929	21.47519	0	0	0
0	-16.02226	-88.14088	-6.679019	0	0	0	0	0	0	0	0.09683461	24.26689	8.944443	0	0	0
0	-16.00846	-87.74349	-6.528261	0	0	0	0	0	0	0	1.498207	23.60755	16.43197	0	0	0
0	-15.98218	-87.56081	-6.241206	0	0	0	0	0	0	0	0.6906885	14.27299	7.545704	0	0	0
0	-15.97519	-87.36209	-6.164814	0	0	0	0	0	0	0	0.03330142	0.748975	0.363789	0	0	0
0	-15.97049	-87.37952	-6.113563	0	0	0	0	0	0	0	0.009048909	-0.03082438	0.09885135	0	0	0
0	-15.89875	-87.37952	-6.120115	0	0	0	0	0	0	0	0.2650598	-9.808284E-05	-0.02383666	0	0	0
0	-15.89875	-87.37952	-6.120115	0	0	0	0	0	0	0	0.0004452098	-1.647456E-07	-4.003742E-05	0	0	0
0	-15.97049	-87.37952	-6.113563	0	0	0	0	0	0	0	-0.492886	0	0.04511906	0	0	0
0	-16.04223	-87.37952	-6.106981	0	0	0	0	0	0	0	-8.721476	0	0.8019853	0	0	0
0	-16.25743	-87.37952	-6.087059	0	0	0	0	0	0	0	-14.7429	0	1.37403	0	0	0
0	-16.45324	-87.44904	-5.861848	0	0	0	0	0	0	0	-1.907167	-4.275028	12.93391	0	0	0
0	-16.57147	-87.48144	-5.585503	0	0	0	0	0	0	0	-15.25653	-0.2334831	22.59252	0	0	0
0	-16.52196	-87.59869	-5.065786	0	0	0	0	0	0	0	2.25194	-2.992257	23.94255	0	0	0
0	-16.47666	-87.64299	-4.590387	0	0	0	0	0	0	0	2.820378	3.785095	29.60641	0	0	0
0	-16.43069	-87.63158	-4.107876	0	0	0	0	0	0	0	3.663693	0.8830222	38.45443	0	0	0
0	-16.40429	-87.55249	-3.830781	0	0	0	0	0	0	0	1.244535	7.601055	13.06274	0	0	0
0	-16.3582	-87.53847	-3.347027	0	0	0	0	0	0	0	2.181956	-2.742777	22.90199	0	0	0
0	-16.16572	-87.48492	-2.817551	0	0	0	0	0	0	0	9.360271	0.7171102	29.72788	0	0	0
0	-15.9814	-87.6293	-2.365577	0	0	0	0	0	0	0	11.54722	-5.061109	15.53242	0	0	0
0	-15.9378	-87.77197	-1.899842	0	0	0	0	0	0	0	1.309986	-4.084103	13.41539	0	0	0
0	-15.89838	-87.84336	-1.478707	0	0	0	0	0	0	0	2.555354	1.351781	27.29532	0	0	0
0	-15.87896	-87.90554	-1.271344	0	0	0	0	0	0	0	1.213044	-3.851913	12.9579	0	0	0
0	-15.94384	-87.92103	-1.212946	0	0	0	0	0	0	0	-0.294042	-0.2102327	0.7381372	0	0	0
0	-16.01356	-87.92103	-1.206375	0	0	0	0	0	0	0	-0.9468088	-0.0004860265	0.09106288	0	0	0
0	-16.01356	-87.92103	-1.206375	0	0	0	0	0	0	0	-0.003012736	-1.546632E-06	0.0002897611	0	0	0
0	-16.01356	-87.92103	-1.206375	0	0	0	0	0	0	0	-6.964995E-06	-3.575582E-09	6.698845E-07	0	0	0
0	-16.00866	-87.9365	-1.154517	0	0	0	0	0	0	0	0.4391435	-1.386106	4.649784	0	0	0
0	-16.00866	-87.9365	-1.154517	0	0	0	0	0	0	0	0.001015234	-0.003204471	0.01074961	0	0	0
0	-15.9292	-87.96738	-1.057345	0	0	0	0	0	0	0	0.5968236	-1.447466	4.8573	0	0	0
0	-15.9292	-87.96738	-1.057345	0	0	0	0	0	0	0	0.006815544	-0.01652963	0.0554689	0	0	0
0	-15.85954	-87.96738	-1.063881	0	0	0	0	0	0	0	6.058585	-2.776412E-05	-0.5670753	0	0	0
0	-15.72021	-87.96738	-1.076866	0	0	0	0	0	0	0	7.279099	-8.834513E-08	-0.6753882	0	0	0
0	-15.56593	-87.95955	-0.9273139	0	0	0	0	0	0	0	3.587662	3.463984	0.3685549	0	0	0
0	-15.56593	-87.95955	-0.9273139	0	0	0	0	0	0	0	0.006026045	0.005818308	0.0006190462	0	0	0
0	-15.70514	-87.95955	-0.9144552	0	0	0	0	0	0	0	-2.625052	1.345106E-05	0.2435673	0	0	0
0	-15.76023	-88.00552	-0.7522576	0	0	0	0	0	0	0	0.6674324	-3.279397	11.1697	0	0	0
0	-15.89441	-88.02079	-0.6873224	0	0	0	0	0	0	0	-3.263159	-0.5295871	2.123543	0	0	0
0	-15.96392	-88.02079	-0.6807724	0	0	0	0	0	0	0	-0.652091	-0.001224326	0.06578612	0	0	0
0	-15.96392	-88.02079	-0.6807724	0	0	0	0	0	0	0	-0.00109529	-2.056449E-06	0.0001104982	0	0	0
0	-15.96392	-88.02079	-0.6807724	0	0	0	0	0	0	0	-1.250788E-05	-2.348403E-08	1.261855E-06	0	0	0
0	-15.95901	-88.03605	-0.6288514	0	0	0	0	0	0	0	1.150067	-3.575888	12.17726	0	0	0
0	-15.94857	-88.01252	-0.518234	0	0	0	0	0	0	0	0.2645792	6.198704	2.801445	0	0	0
0	-15.91913	-88.10336	-0.2065043	0	0	0	0	0	0	0	1.800102	-5.487058	19.06002	0	0	0
0	-15.8277	-87.94759	0.02216174	0	0	0	0	0	0	0	1.177154	9.101578	7.311985	0	0	0
0	-15.78792	-88.01288	0.4452204	0	0	0	0	0	0	0	4.082995	-10.95283	43.414	0	0	0
0	-15.78302	-88.02769	0.4972715	0	0	0	0	0	0	0	0.01440551	-0.04029456	0.1531827	0	0	0
0	-15.85204	-88.02769	0.5037757	0	0	0	0	0	0	0	-2.395211	-9.315499E-05	0.2265702	0	0	0
0	-15.85204	-88.02769	0.5037757	0	0	0	0	0	0	0	-0.004023134	-1.564685E-07	0.0003805604	0	0	0
0	-15.84221	-88.05725	0.6078919	0	0	0	0	0	0	0	1.188653	-3.567618	12.58587	0	0	0
0	-15.83238	-88.08672	0.7120321	0	0	0	0	0	0	0	0.7696232	-2.302733	8.149002	0	0	0
0	-15.82746	-88.10143	0.7641112	0	0	0	0	0	0	0	0.0936729	-0.2798338	0.9918369	0	0	0
0	-15.79301	-88.20377	1.128831	0	0	0	0	0	0	0	0.3919356	-1.158031	4.149932	0	0	0
0	-15.75854	-88.30506	1.49384	0	0	0	0	0	0	0	1.963092	-5.736146	20.78581	0	0	0
0	-15.71353	-88.37978	1.970446	0	0	0	0	0	0	0	2.006682	-0.7746027	21.24735	0	0	0
0	-15.65859	-88.48076	2.552088	0	0	0	0	0	0	0	5.043491	-9.062504	53.40201	0	0	0
0	-15.64378	-88.52257	2.708953	0	0	0	0	0	0	0	0.6919555	-1.904718	7.326633	0	0	0
0	-15.64378	-88.52257	2.708953	0	0	0	0	0	0	0	0.001599698	-0.004403424	0.01693808	0	0	0
0	-15.64378	-88.52257	2.708953	0	0	0	0	0	0	0	1.95218E-06	-5.373688E-06	2.067027E-05	0	0	0
0	-15.64378	-88.52257	2.708953	0	0	0	0	0	0	0	4.509849E-09	-1.269552E-08	4.775164E-08	0	0	0
0	-15.6339	-88.55034	2.813557	0	0	0	0	0	0	0	0.9486966	-2.661846	10.04509	0	0	0
0	-15.58942	-88.67422	3.284556	0	0	0	0	0	0	0	0.842852	-2.329739	8.924371	0	0	0
0	-15.56963	-88.72872	3.494033	0	0	0	0	0	0	0	0.1848773	-0.507602	1.957536	0	0	0
0	-15.53499	-88.82327	3.860829	0	0	0	0	0	0	0	1.331263	-3.61209	14.09581	0	0	0
0	-15.53499	-88.82327	3.860829	0	0	0	0	0	0	0	0.00307768	-0.008350613	0.03258741	0	0	0
0	-15.53004	-88.83669	3.913251	0	0	0	0	0	0	0	0.8752763	-2.370831	9.26769	0	0	0
0	-15.52509	-88.85009	3.965677	0	0	0	0	0	0	0	0.8187789	-2.21402	8.669477	0	0	0
0	-15.51518	-88.87683	4.070548	0	0	0	0	0	0	0	1.224351	-3.299413	12.9638	0	0	0
0	-15.51023	-88.89017	4.122991	0	0	0	0	0	0	0	0.1238278	-0.3331234	1.311126	0	0	0
0	-15.50032	-88.91677	4.227893	0	0	0	0	0	0	0	0.6483378	-1.73819	6.864796	0	0	0
0	-15.49537	-88.93005	4.280353	0	0	0	0	0	0	0	0.2465755	-0.6599311	2.610816	0	0	0
0	-15.4805	-88.96973	4.437763	0	0	0	0	0	0	0	1.021652	-2.720216	10.81756	0	0	0
0	-15.45076	-89.04852	4.752727	0	0	0	0	0	0	0	0.7024964	-1.851042	7.438244	0	0	0
0	-15.36867	-89.08762	4.903948	0	0	0	0	0	0	0	0.7870625	-1.723847	6.951411	0	0	0
0	-15.35385	-89.12654	5.061555	0	0	0	0	0	0	0	0.7502699	-1.964203	7.976752	0	0	0
0	-15.3242	-89.20378	5.376912	0	0	0	0	0	0	0	3.45276	-8.946445	36.72016	0	0	0
0	-15.30377	-89.20088	5.594186	0	0	0	0	0	0	0	1.150036	-2.217576	12.23065	0	0	0
0	-15.28893	-89.23896	5.751997	0	0	0	0	0	0	0	0.6485078	-1.658196	6.896891	0	0	0
0	-15.27903	-89.26423	5.857229	0	0	0	0	0	0	0	0.1972699	-0.5029685	2.097969	0	0	0
0	-15.24373	-89.29805	6.232659	0	0	0	0	0	0	0	3.419769	-7.8675	36.3693	0	0	0
0	-15.1104	-89.29805	6.220177	0	0	0	0	0	0	0	15.827	-0.0007454301	-1.47159	0	0	0
0	-15.04309	-89.24409	6.220955	0	0	0	0	0	0	0	9.352742	7.475238	0.1087002	0	0	0
0	-15.0382	-89.25655	6.273621	0	0	0	0	0	0	0	1.222888	-2.989115	12.77874	0	0	0
0	-15.03266	-89.21503	6.33329	0	0	0	0	0	0	0	0.2574539	0.774273	2.77382	0	0	0
0	-15.01311	-89.26454	6.544024	0	0	0	0	0	0	0	1.314712	-3.31613	14.1695	0	0	0
0	-15.00268	-89.23521	6.656441	0	0	0	0	0	0	0	0.03796975	-0.09544261	0.4092245	0	0	0
0	-14.90632	-89.25463	6.97365	0	0	0	0	0	0	0	9.063149	-0.5315544	2.746019	0	0	0
0	-14.83511	-89.26678	7.020274	0	0	0	0	0	0	0	7.201275	-2.06634	8.392089	0	0	0
0	-14.83026	-89.27892	7.073019	0	0	0	0	0	0	0	0.1323121	-0.3038594	1.32147	0	0	0
0	-14.82541	-89.29102	7.125768	0	0	0	0	0	0	0	0.01848223	-0.04605043	0.2007945	0	0	0
0	-14.81991	-89.24917	7.185588	0	0	0	0	0	0	0	0.003994306	0.03008167	0.04343717	0	0	0
0	-14.81021	-89.27328	7.291111	0	0	0	0	0	0	0	0.8384938	-2.079406	9.118501	0	0	0
0	-14.8047	-89.23135	7.350967	0	0	0	0	0	0	0	0.6983721	3.27968	7.594697	0	0	0
0	-14.8047	-89.23135	7.350967	0	0	0	0	0	0	0	0.001614532	0.007582131	0.01755781	0	0	0
0	-14.795	-89.25533	7.45652	0	0	0	0	0	0	0	1.178746	-2.906719	12.8187	0	0	0
0	-14.70402	-89.26097	7.721536	0	0	0	0	0	0	0	11.84459	0.002651477	-0.3825819	0	0	0
0	-14.68468	-89.30824	7.932804	0	0	0	0	0	0	0	1.089183	-2.616773	11.7402	0	0	0
0	-14.67501	-89.33174	8.038466	0	0	0	0	0	0	0	1.129843	-2.740172	12.34184	0	0	0
0	-14.67436	-89.27781	8.045598	0	0	0	0	0	0	0	0.002484048	0.1431141	0.02713559	0	0	0
0	-14.60232	-89.18166	8.106747	0	0	0	0	0	0	0	1.254017	5.13309	0.5840831	0	0	0
0	-14.60232	-89.18166	8.106747	0	0	0	0	0	0	0	0.00111185	0.004551156	0.0005178662	0	0	0
0	-14.60232	-89.18166	8.106747	0	0	0	0	0	0	0	2.570432E-06	1.052159E-05	1.197229E-06	0	0	0
0	-14.5975	-89.19336	8.159592	0	0	0	0	0	0	0	0.8630841	-2.094646	9.471334	0	0	0
0	-14.5975	-89.19336	8.159592	0	0	0	0	0	0	0	0.001449686	-0.003518289	0.0159086	0	0	0
0	-14.5975	-89.19336	8.159592	0	0	0	0	0	0	0	1.769114E-06	-4.293518E-06	1.941394E-05	0	0	0
0	-14.56794	-89.20917	8.483959	0	0	0	0	0	0	0	0.6189619	-0.4697656	6.792378	0	0	0
0	-14.56794	-89.20917	8.483959	0	0	0	0	0	0	0	0.00196953	-0.001494789	0.02161328	0	0	0
0	-14.56794	-89.20917	8.483959	0	0	0	0	0	0	0	3.308137E-06	-2.510734E-06	3.630291E-05	0	0	0
0	-14.56312	-89.22071	8.536838	0	0	0	0	0	0	0	0.004905099	-0.01174278	0.05382769	0	0	0
0	-14.55831	-89.23224	8.589721	0	0	0	0	0	0	0	1.560935E-05	-3.729534E-05	0.0001712943	0	0	0
0	-14.55349	-89.24374	8.642608	0	0	0	0	0	0	0	0.02427431	-0.05788437	0.266382	0	0	0
0	-14.54867	-89.25523	8.6955	0	0	0	0	0	0	0	0.03373211	-0.08027882	0.3701702	0	0	0
0	-14.54867	-89.25523	8.6955	0	0	0	0	0	0	0	0.0001073352	-0.0002554464	0.001177878	0	0	0
0	-14.54385	-89.26669	8.748397	0	0	0	0	0	0	0	0.4383132	-1.041079	4.809971	0	0	0
0	-14.54385	-89.26669	8.748397	0	0	0	0	0	0	0	0.001919651	-0.004559543	0.02106591	0	0	0
0	-14.54385	-89.26669	8.748397	0	0	0	0	0	0	0	1.157174E-05	-2.748514E-05	0.0001269863	0	0	0
0	-14.60463	-89.27812	8.807291	0	0	0	0	0	0	0	-4.233801	-0.1527443	1.100568	0	0	0
0	-14.60463	-89.27812	8.807291	0	0	0	0	0	0	0	-0.009787915	-0.0003531219	0.002544348	0	0	0
0	-14.67023	-89.27812	8.81331	0	0	0	0	0	0	0	-1.684231	-2.274723E-07	0.1548749	0	0	0
0	-14.67023	-89.27812	8.81331	0	0	0	0	0	0	0	-0.007376315	-9.962453E-10	0.0006782953	0	0	0
0	-14.67023	-89.27812	8.81331	0	0	0	0	0	0	0	-1.238969E-05	0	1.139296E-06	0	0	0
0	-14.67023	-89.27812	8.81331	0	0	0	0	0	0	0	-2.081043E-08	0	1.913628E-09	0	0	0
0	-14.67023	-89.27812	8.81331	0	0	0	0	0	0	0	0	0	0	0	0	0
0	-14.6605	-89.30093	8.919119	0	0	0	0	0	0	0	0.009807812	-0.02295012	0.1066586	0	0	0
0	-14.6605	-89.30093	8.919119	0	0	0	0	0	0	0	3.120835E-05	-7.302705E-05	0.0003393864	0	0	0
0	-14.65564	-89.31231	8.97203	0	0	0	0	0	0	0	0.006772362	-0.0158157	0.07364847	0	0	0
0	-14.65564	-89.31231	8.97203	0	0	0	0	0	0	0	1.565669E-05	-3.656354E-05	0.0001702643	0	0	0
0	-14.65564	-89.31231	8.97203	0	0	0	0	0	0	0	2.629788E-08	-6.141423E-08	2.859857E-07	0	0	0
0	-14.65564	-89.31231	8.97203	0	0	0	0	0	0	0	0	0	0	0	0	0
0	-14.65564	-89.31231	8.97203	0	0	0	0	0	0	0	0	0	0	0	0	0
0	-14.64591	-89.33499	9.077867	0	0	0	0	0	0	0	0.9695199	-2.255127	10.54339	0	0	0
0	-14.62157	-89.39132	9.342539	0	0	0	0	0	0	0	0.02699283	-0.06215842	0.2935432	0	0	0
0	-14.6167	-89.40252	9.395487	0	0	0	0	0	0	0	0.01269584	-0.02917665	0.1380654	0	0	0
0	-14.61183	-89.4137	9.44844	0	0	0	0	0	0	0	0.06524347	-0.1496346	0.7095134	0	0	0
0	-14.61183	-89.4137	9.44844	0	0	0	0	0	0	0	0.0001095867	-0.000251335	0.00119174	0	0	0
0	-14.61183	-89.4137	9.44844	0	0	0	0	0	0	0	2.533481E-07	-5.810489E-07	2.755124E-06	0	0	0
0	-14.61183	-89.4137	9.44844	0	0	0	0	0	0	0	8.061509E-10	-1.848892E-09	8.766777E-09	0	0	0
0	-14.60209	-89.43599	9.554358	0	0	0	0	0	0	0	0.3196374	-0.7301124	3.476011	0	0	0
0	-14.59722	-89.44711	9.607325	0	0	0	0	0	0	0	0.03427855	-0.07813951	0.3727743	0	0	0
0	-14.59722	-89.44711	9.607325	0	0	0	0	0	0	0	7.924689E-05	-0.0001806469	0.0008617986	0	0	0
0	-14.59722	-89.44711	9.607325	0	0	0	0	0	0	0	1.331076E-07	-3.034249E-07	1.447527E-06	0	0	0
0	-14.59722	-89.44711	9.607325	0	0	0	0	0	0	0	1.62437E-10	-3.702824E-10	1.766479E-09	0	0	0
0	-14.59235	-89.4582	9.660295	0	0	0	0	0	0	0	0.2326782	-0.5293199	2.530342	0	0	0
0	-14.58261	-89.48032	9.76625	0	0	0	0	0	0	0	1.165292	-2.640105	12.67238	0	0	0
0	-14.58261	-89.48032	9.76625	0	0	0	0	0	0	0	0.003707945	-0.008400785	0.04032338	0	0	0
0	-14.58261	-89.48032	9.76625	0	0	0	0	0	0	0	3.287579E-06	-7.448396E-06	3.575196E-05	0	0	0
0	-14.58261	-89.48032	9.76625	0	0	0	0	0	0	0	5.522008E-09	-1.251076E-08	6.005105E-08	0	0	0
0	-14.58261	-89.48032	9.76625	0	0	0	0	0	0	0	0	0	0	0	0	0
0	-14.58261	-89.48032	9.76625	0	0	0	0	0	0	0	0	0	0	0	0	0
0	-14.63803	-89.50235	9.878228	0	0	0	0	0	0	0	-5.392793	-2.031018	10.37017	0	0	0
0	-14.54362	-89.56793	10.19025	0	0	0	0	0	0	0	14.69317	-0.1270019	-0.7261193	0	0	0
0	-14.53386	-89.58961	10.29629	0	0	0	0	0	0	0	0.5169302	-1.072151	5.25071	0	0	0
0	-14.52411	-89.61121	10.40235	0	0	0	0	0	0	0	0.4181012	-0.9238201	4.545934	0	0	0
0	-14.51923	-89.62198	10.45539	0	0	0	0	0	0	0	0.6455775	-1.423719	7.020561	0	0	0
0	-14.51923	-89.62198	10.45539	0	0	0	0	0	0	0	0.009236821	-0.02037035	0.1004491	0	0	0
0	-14.51923	-89.62198	10.45539	0	0	0	0	0	0	0	0.0001054817	-0.0002326232	0.001147098	0	0	0
0	-14.51436	-89.63273	10.50843	0	0	0	0	0	0	0	0.0360871	-0.07941727	0.392442	0	0	0
0	-14.51436	-89.63273	10.50843	0	0	0	0	0	0	0	0.0001580482	-0.0003478185	0.001718752	0	0	0
0	-14.51436	-89.63273	10.50843	0	0	0	0	0	0	0	1.92873E-07	-4.244578E-07	2.097467E-06	0	0	0
0	-14.51436	-89.63273	10.50843	0	0	0	0	0	0	0	2.353712E-10	-5.17984E-10	2.559629E-09	0	0	0
0	-14.51436	-89.63273	10.50843	0	0	0	0	0	0	0	0	0	0	0	0	0
0	-14.51436	-89.63273	10.50843	0	0	0	0	0	0	0	0	0	0	0	0	0
0	-14.51436	-89.63273	10.50843	0	0	0	0	0	0	0	0	0	0	0	0	0
0	-14.51436	-89.63273	10.50843	0	0	0	0	0	0	0	0	0	0	0	0	0
0	-14.51436	-89.63273	10.50843	0	0	0	0	0	0	0	0	0	0	0	0	0
0	-14.5046	-89.65415	10.61453	0	0	0	0	0	0	0	1.192749	-2.613851	12.97098	0	0	0
0	-14.49972	-89.66483	10.66758	0	0	0	0	0	0	0	0.6197051	-1.355185	6.739204	0	0	0
0	-14.49972	-89.66483	10.66758	0	0	0	0	0	0	0	0.001971895	-0.004312184	0.02144408	0	0	0
0	-14.49972	-89.66483	10.66758	0	0	0	0	0	0	0	8.636176E-06	-1.888578E-05	9.391719E-05	0	0	0
0	-14.49972	-89.66483	10.66758	0	0	0	0	0	0	0	1.357422E-07	-2.968441E-07	1.476178E-06	0	0	0
0	-14.49972	-89.66483	10.66758	0	0	0	0	0	0	0	3.138158E-10	-6.862593E-10	3.412702E-09	0	0	0
0	-14.49972	-89.66483	10.66758	0	0	0	0	0	0	0	0	0	0	0	0	0
0	-14.47044	-89.72845	10.986	0	0	0	0	0	0	0	0.4996401	-1.078755	5.433515	0	0	0
0	-14.47044	-89.72845	10.986	0	0	0	0	0	0	0	0.001155093	-0.002493921	0.01256148	0	0	0
0	-14.47044	-89.72845	10.986	0	0	0	0	0	0	0	1.940162E-06	-4.188934E-06	2.109898E-05	0	0	0
0	-14.47044	-89.72845	10.986	0	0	0	0	0	0	0	3.258808E-09	-7.035976E-09	3.543907E-08	0	0	0
0	-14.46068	-89.74949	11.09217	0	0	0	0	0	0	0	1.397413	-3.004184	15.19667	0	0	0
0	-14.44603	-89.78088	11.25147	0	0	0	0	0	0	0	1.021739	-2.182388	11.11127	0	0	0
0	-14.43626	-89.8017	11.35768	0	0	0	0	0	0	0	0.2117042	-0.4502344	2.302253	0	0	0
0	-14.43138	-89.81207	11.4108	0	0	0	0	0	0	0	0.04798256	-0.1018236	0.5218035	0	0	0
0	-14.4265	-89.82243	11.46392	0	0	0	0	0	0	0	0.06390121	-0.1353094	0.6949165	0	0	0
0	-14.4265	-89.82243	11.46392	0	0	0	0	0	0	0	0.00014773	-0.0003128152	0.001606543	0	0	0
0	-14.41673	-89.84307	11.57017	0	0	0	0	0	0	0	0.3325208	-0.7010355	3.616117	0	0	0
0	-14.37763	-89.92477	11.99533	0	0	0	0	0	0	0	1.183849	-2.452156	12.87419	0	0	0
0	-14.37763	-89.92477	11.99533	0	0	0	0	0	0	0	0.002736883	-0.005669018	0.02976321	0	0	0
0	-14.37274	-89.93488	12.0485	0	0	0	0	0	0	0	0.01806894	-0.03734364	0.1964971	0	0	0
0	-14.36785	-89.94498	12.10166	0	0	0	0	0	0	0	0.03305695	-0.06816749	0.3594896	0	0	0
0	-14.36785	-89.94498	12.10166	0	0	0	0	0	0	0	0.0001992689	-0.0004109168	0.00216702	0	0	0
0	-14.36296	-89.95505	12.15484	0	0	0	0	0	0	0	0.2415806	-0.4970555	2.627155	0	0	0
0	-14.35807	-89.9651	12.20801	0	0	0	0	0	0	0	0.42914	-0.8809842	4.666836	0	0	0
0	-14.35807	-89.9651	12.20801	0	0	0	0	0	0	0	0.0005236979	-0.001075103	0.00569514	0	0	0
0	-14.35318	-89.97513	12.26119	0	0	0	0	0	0	0	0.03301378	-0.06762212	0.3590202	0	0	0
0	-14.34829	-89.98513	12.31438	0	0	0	0	0	0	0	0.8333104	-1.703031	9.062132	0	0	0
0	-14.34829	-89.98513	12.31438	0	0	0	0	0	0	0	0.001926489	-0.003937153	0.0209503	0	0	0
0	-14.3434	-89.99512	12.36757	0	0	0	0	0	0	0	0.04650649	-0.09483081	0.5057514	0	0	0
0	-14.33851	-90.00508	12.42076	0	0	0	0	0	0	0	0.06739646	-0.1371169	0.7329269	0	0	0
0	-14.33851	-90.00508	12.42076	0	0	0	0	0	0	0	0.000113203	-0.0002303096	0.001231066	0	0	0
0	-14.32872	-90.02494	12.52716	0	0	0	0	0	0	0	0.8429098	-1.707124	9.166524	0	0	0
0	-14.17147	-90.084	12.83474	0	0	0	0	0	0	0	2.5964	-0.007183026	-0.1971689	0	0	0
0	-14.03877	-90.09377	12.87638	0	0	0	0	0	0	0	1.971949	-0.6619114	3.463542	0	0	0
0	-13.97005	-90.10351	12.92386	0	0	0	0	0	0	0	1.399349	-1.589241	8.637559	0	0	0
0	-13.90614	-90.10351	12.91813	0	0	0	0	0	0	0	2.013414	-0.01814865	-0.08006466	0	0	0
0	-13.90137	-90.11324	12.97138	0	0	0	0	0	0	0	0.07226348	-0.1294239	0.7088268	0	0	0
0	-13.89661	-90.12293	13.02463	0	0	0	0	0	0	0	0.01350797	-0.02744327	0.1508155	0	0	0
0	-13.89661	-90.12293	13.02463	0	0	0	0	0	0	0	3.122842E-05	-6.344475E-05	0.0003486629	0	0	0
0	-13.8912	-90.07869	13.0851	0	0	0	0	0	0	0	0.3089644	-0.4781105	3.453362	0	0	0
0	-13.82735	-90.07869	13.07941	0	0	0	0	0	0	0	7.856843	-0.0008030621	-0.6938307	0	0	0
0	-13.82735	-90.07869	13.07941	0	0	0	0	0	0	0	0.01816385	-1.85656E-06	-0.001604033	0	0	0
0	-13.75878	-90.08835	13.127	0	0	0	0	0	0	0	15.02788	-0.01387062	-1.254863	0	0	0
0	-13.74934	-90.1076	13.23354	0	0	0	0	0	0	0	0.2072741	-0.350952	1.94383	0	0	0
0	-13.74934	-90.1076	13.23354	0	0	0	0	0	0	0	0.003257907	-0.005516216	0.03055286	0	0	0
0	-13.64794	-90.18372	13.65423	0	0	0	0	0	0	0	4.21261	-3.865074	21.64997	0	0	0
0	-13.45183	-90.13922	13.69807	0	0	0	0	0	0	0	14.19089	-1.405868	7.976066	0	0	0
0	-13.2519	-90.15799	13.78825	0	0	0	0	0	0	0	18.145	-2.186308	10.99179	0	0	0
0	-13.18317	-90.11343	13.84341	0	0	0	0	0	0	0	1.587492	8.325757	5.980863	0	0	0
0	-13.11902	-90.05951	13.84529	0	0	0	0	0	0	0	0.2310589	4.754417	0.637127	0	0	0
0	-13.10934	-90.02423	13.95928	0	0	0	0	0	0	0	1.088766	1.564856	12.81775	0	0	0
0	-12.95483	-90.02572	14.27605	0	0	0	0	0	0	0	16.41529	3.427706	7.684424	0	0	0
0	-12.75088	-89.99921	14.42769	0	0	0	0	0	0	0	4.267093	-0.8909044	5.562912	0	0	0
0	-12.55663	-90.00831	14.46547	0	0	0	0	0	0	0	6.237039	-0.2324915	0.8689429	0	0	0
0	-12.49275	-89.9544	14.4677	0	0	0	0	0	0	0	0.2457844	0.3890998	0.03610988	0	0	0
0	-12.42888	-89.9005	14.46998	0	0	0	0	0	0	0	7.69877	0.1054241	-0.6072317	0	0	0
0	-12.22996	-89.86472	14.569	0	0	0	0	0	0	0	18.35431	0.03817807	-1.058138	0	0	0
0	-11.90135	-89.89172	14.70447	0	0	0	0	0	0	0	15.78806	-2.521605	13.8877	0	0	0
0	-11.70773	-89.90069	14.74334	0	0	0	0	0	0	0	13.55596	-0.01101682	-0.9670429	0	0	0
0	-11.70773	-89.90069	14.74334	0	0	0	0	0	0	0	0.01654292	-1.344497E-05	-0.001180124	0	0	0
0	-11.70773	-89.90069	14.74334	0	0	0	0	0	0	0	2.778645E-05	-2.258295E-08	-1.982205E-06	0	0	0
0	-11.70365	-89.90962	14.79678	0	0	0	0	0	0	0	0.1899278	-0.4162172	2.491873	0	0	0
0	-11.69958	-89.91854	14.85023	0	0	0	0	0	0	0	0.07132838	-0.1559196	0.9358362	0	0	0
0	-11.69551	-89.92744	14.90368	0	0	0	0	0	0	0	0.105028	-0.2290064	1.377979	0	0	0
0	-11.49017	-89.96279	15.10323	0	0	0	0	0	0	0	20.13144	-2.687047	14.91748	0	0	0
0	-11.04517	-89.97158	15.12427	0	0	0	0	0	0	0	20.57527	-0.1239683	-0.7235121	0	0	0
0	-10.6522	-90.0065	15.3115	0	0	0	0	0	0	0	27.64259	-2.955811	16.37221	0	0	0
0	-10.13451	-90.04107	15.49141	0	0	0	0	0	0	0	33.05688	-2.81958	15.4395	0	0	0
0	-9.548634	-90.09227	15.7763	0	0	0	0	0	0	0	39.95914	-2.502273	13.39104	0	0	0
0	-9.162514	-90.11758	15.91396	0	0	0	0	0	0	0	16.61903	-1.976965	11.65528	0	0	0
0	-8.648832	-90.15101	16.09906	0	0	0	0	0	0	0	23.76862	-0.2575276	0.3156293	0	0	0
0	-8.264434	-90.17586	16.23906	0	0	0	0	0	0	0	17.51896	-1.090631	6.159523	0	0	0
0	-7.87243	-90.22496	16.54101	0	0	0	0	0	0	0	19.45407	-0.2751717	0.8148607	0	0	0
0	-7.611947	-90.25726	16.74294	0	0	0	0	0	0	0	10.79959	-0.9142944	5.58433	0	0	0
0	-7.411774	-90.29713	17.00209	0	0	0	0	0	0	0	5.642001	-2.822712	18.90444	0	0	0
0	-7.162827	-90.29713	16.99011	0	0	0	0	0	0	0	1.858597	-0.004741191	-0.05574012	0	0	0
0	-7.033352	-90.31293	17.09167	0	0	0	0	0	0	0	1.116309	-1.338472	9.093811	0	0	0
0	-6.963728	-90.33646	17.24993	0	0	0	0	0	0	0	0.5355477	-1.48386	10.20142	0	0	0
0	-6.958777	-90.35204	17.35737	0	0	0	0	0	0	0	0.6384603	-2.002589	13.85103	0	0	0
0	-6.953825	-90.36753	17.46482	0	0	0	0	0	0	0	0.2518541	-0.7855471	5.464764	0	0	0
0	-6.953825	-90.36753	17.46482	0	0	0	0	0	0	0	0.0004230283	-0.00131945	0.009178934	0	0	0
0	-6.953825	-90.36753	17.46482	0	0	0	0	0	0	0	9.779782E-07	-3.050372E-06	2.122032E-05	0	0	0
0	-6.953825	-90.36753	17.46482	0	0	0	0	0	0	0	1.642669E-09	-5.123582E-09	3.564288E-08	0	0	0
0	-6.953825	-90.36753	17.46482	0	0	0	0	0	0	0	0	0	0	0	0	0
0	-6.953825	-90.36753	17.46482	0	0	0	0	0	0	0	0	0	0	0	0	0
0	-6.953825	-90.36753	17.46482	0	0	0	0	0	0	0	0	0	0	0	0	0
0	-6.953825	-90.36753	17.46482	0	0	0	0	0	0	0	0	0	0	0	0	0
0	-6.953825	-90.36753	17.46482	0	0	0	0	0	0	0	0	0	0	0	0	0
0	-6.953825	-90.36753	17.46482	0	0	0	0	0	0	0	0	0	0	0	0	0
0	-6.954167	-90.42143	17.45738	0	0	0	0	0	0	0	-0.0003514873	-0.05533916	-0.007626628	0	0	0
0	-6.954167	-90.42143	17.45738	0	0	0	0	0	0	0	-3.116396E-07	-4.906541E-05	-6.762004E-06	0	0	0
0	-6.954167	-90.42143	17.45738	0	0	0	0	0	0	0	-7.204641E-10	-1.134319E-07	-1.563274E-08	0	0	0
0	-6.830071	-90.42143	17.45172	0	0	0	0	0	0	0	14.94892	0	-0.6766292	0	0	0
0	-6.641553	-90.42914	17.49714	0	0	0	0	0	0	0	9.903075	-0.9576021	6.258607	0	0	0
0	-6.265191	-90.49841	17.58129	0	0	0	0	0	0	0	17.58922	-2.083721	8.705967	0	0	0
0	-5.891096	-90.50605	17.62005	0	0	0	0	0	0	0	21.05886	-0.07599884	-0.346899	0	0	0
0	-5.389452	-90.52885	17.76279	0	0	0	0	0	0	0	38.36897	-1.699415	10.71372	0	0	0
0	-4.834324	-90.62909	17.67532	0	0	0	0	0	0	0	29.87375	-3.882463	-8.63502	0	0	0
0	-4.029207	-90.73692	17.63694	0	0	0	0	0	0	0	33.82146	-1.528495	-1.140544	0	0	0
0	-3.534834	-90.78323	17.5634	0	0	0	0	0	0	0	42.66766	-0.1811761	-3.719511	0	0	0
0	-2.852765	-90.78323	17.54895	0	0	0	0	0	0	0	24.91809	-0.0005765005	-0.4800374	0	0	0
0	-2.354995	-90.79841	17.64798	0	0	0	0	0	0	0	22.87176	-0.9596418	6.464589	0	0	0
0	-2.105715	-90.86742	17.74463	0	0	0	0	0	0	0	13.26176	-0.2120801	0.5546077	0	0	0
0	-2.043056	-90.87494	17.79759	0	0	0	0	0	0	0	0.07449685	-0.04044004	0.2877277	0	0	0
0	-2.043786	-90.86742	17.74378	0	0	0	0	0	0	0	-0.1252516	1.291828	-9.236116	0	0	0
0	-1.982565	-90.85989	17.68914	0	0	0	0	0	0	0	6.990985	0.8646531	-6.256748	0	0	0
0	-1.920613	-90.85989	17.68834	0	0	0	0	0	0	0	7.809664	0.001452321	-0.1099111	0	0	0
0	-1.919927	-90.86742	17.74215	0	0	0	0	0	0	0	0.132995	-0.9428416	6.740456	0	0	0
0	-1.917869	-90.88991	17.90359	0	0	0	0	0	0	0	0.1254107	-1.360626	9.815556	0	0	0
0	-1.916497	-90.90479	18.01124	0	0	0	0	0	0	0	0.01681347	-0.1817259	1.318874	0	0	0
0	-1.916497	-90.90479	18.01124	0	0	0	0	0	0	0	3.886872E-05	-0.0004201233	0.00304904	0	0	0
0	-1.916497	-90.90479	18.01124	0	0	0	0	0	0	0	9.602566E-09	-1.03792E-07	7.532691E-07	0	0	0
0	-1.915125	-90.91957	18.1189	0	0	0	0	0	0	0	0.03300353	-0.3545778	2.588948	0	0	0
0	-1.911693	-90.95616	18.38809	0	0	0	0	0	0	0	0.1624175	-1.718514	12.74077	0	0	0
0	-1.785153	-90.9922	18.65584	0	0	0	0	0	0	0	8.876883	-0.162869	1.120668	0	0	0
0	-1.47745	-91.04612	18.64522	0	0	0	0	0	0	0	16.52408	-0.07387761	-0.1701387	0	0	0
0	-1.046536	-91.04612	18.64158	0	0	0	0	0	0	0	22.67034	-9.015601E-05	-0.1584855	0	0	0
0	-0.6771735	-91.04612	18.63946	0	0	0	0	0	0	0	20.98022	-2.868755E-07	-0.09489814	0	0	0
0	-0.3075855	-91.06039	18.74598	0	0	0	0	0	0	0	16.67	-2.036081	15.39425	0	0	0
0	0	-91.06039	18.74566	0	0	0	0	0	0	0	7.216255	-0.006478789	0.04909329	0	0	0
0	0.06151713	-91.06039	18.74568	0	0	0	0	0	0	0	0.1297431	-7.906344E-06	0.0001132609	0	0	0
0	0	-91.06039	18.74566	0	0	0	0	0	0	0	-2.120504	-1.327995E-08	1.006294E-07	0	0	0
0	0	-91.06039	18.74566	0	0	0	0	0	0	0	-0.003561721	0	0	0	0	0
0	0	-91.06039	18.74566	0	0	0	0	0	0	0	-8.234168E-06	0	0	0	0	0
0	0	-91.06748	18.79954	0	0	0	0	0	0	0	-1.38256E-08	-0.4962681	3.772343	0	0	0