0	0.1807757	-87.48989	21.80646	0	0	0	0	0	0	0	0	0	0	0	0	0
0	0.1807757	-87.48989	21.80646	0	0	0	0	0	0	0	0	0	0	0	0	0
0	0.1808423	-87.48379	21.75246	0	0	0	0	0	0	0	0.001701682	0.1563681	-1.379447	0	0	0
0	0.1808423	-87.48379	21.75246	0	0	0	0	0	0	0	3.934033E-06	0.0003614998	-0.003189074	0	0	0
0	0.180898	-87.42397	21.70732	0	0	0	0	0	0	0	0.0009251024	1.476015	-0.7499226	0	0	0
0	0.1808871	-87.37029	21.7162	0	0	0	0	0	0	0	-0.0001397535	0.7206606	0.1132894	0	0	0
0	0.1808871	-87.37029	21.7162	0	0	0	0	0	0	0	-2.34738E-07	0.001210463	0.0001902874	0	0	0
0	0.1809537	-87.36414	21.66221	0	0	0	0	0	0	0	0.01595641	1.476933	-12.93486	0	0	0
0	0.1810093	-87.30428	21.61712	0	0	0	0	0	0	0	0.00100465	1.977813	-0.8144071	0	0	0
0	0.1810759	-87.29808	21.56313	0	0	0	0	0	0	0	0.001746682	0.2036125	-1.415925	0	0	0
0	0.1207173	-87.29808	21.56307	0	0	0	0	0	0	0	-0.1563941	0.0006478928	-0.004634083	0	0	0
0	0.1207173	-87.29808	21.56307	0	0	0	0	0	0	0	-0.001785973	7.39874E-06	-5.291982E-05	0	0	0
0	0.1207173	-87.29808	21.56307	0	0	0	0	0	0	0	-1.481803E-05	6.138657E-08	-4.390702E-07	0	0	0
0	0.1207173	-87.29808	21.56307	0	0	0	0	0	0	0	-3.205701E-07	1.06708E-09	-9.542049E-09	0	0	0
0	0.1207173	-87.29808	21.56307	0	0	0	0	0	0	0	-5.038796E-09	0	-4.143896E-12	0	0	0
0	0.1207173	-87.29808	21.56307	0	0	0	0	0	0	0	0	0	0	0	0	0
0	0.1207173	-87.29808	21.56307	0	0	0	0	0	0	0	0	0	0	0	0	0
0	0.1207173	-87.29808	21.56307	0	0	0	0	0	0	0	0	0	0	0	0	0
0	0.1207173	-87.29808	21.56307	0	0	0	0	0	0	0	0	0	0	0	0	0
0	0.1207173	-87.29808	21.56307	0	0	0	0	0	0	0	0	0	0	0	0	0
0	0.1207173	-87.29808	21.56307	0	0	0	0	0	0	0	0	0	0	0	0	0
0	0.1207173	-87.29808	21.56307	0	0	0	0	0	0	0	0	0	0	0	0	0
0	0.1207173	-87.29808	21.56307	0	0	0	0	0	0	0	0	0	0	0	0	0
0	0.1207173	-87.29808	21.56307	0	0	0	0	0	0	0	0	0	0	0	0	0
0	0.1207173	-87.29808	21.56307	0	0	0	0	0	0	0	0	0	0	0	0	0
0	0.1207173	-87.29808	21.56307	0	0	0	0	0	0	0	0	0	0	0	0	0
0	0.1206729	-87.30428	21.61705	0	0	0	0	0	0	0	-0.0005791067	-0.08069347	0.7041684	0	0	0
0	0.1206729	-87.30428	21.61705	0	0	0	0	0	0	0	-2.536274E-06	-0.0003534078	0.003083999	0	0	0
0	0.1206729	-87.30428	21.61705	0	0	0	0	0	0	0	-4.260073E-09	-5.936041E-07	5.180063E-06	0	0	0
0	0.1206729	-87.30428	21.61705	0	0	0	0	0	0	0	-3.534538E-11	-4.925071E-09	4.297844E-08	0	0	0
0	0.1810093	-87.30428	21.61712	0	0	0	0	0	0	0	2.019076	0	0.002490727	0	0	0
0	0.1810093	-87.30428	21.61712	0	0	0	0	0	0	0	0.02305724	0	2.844335E-05	0	0	0
0	0.1810093	-87.30428	21.61712	0	0	0	0	0	0	0	0.0001009822	0	1.245714E-07	0	0	0
0	0.1810093	-87.30428	21.61712	0	0	0	0	0	0	0	1.153187E-06	0	1.422568E-09	0	0	0
0	0.1810093	-87.30428	21.61712	0	0	0	0	0	0	0	6.951463E-09	0	8.575306E-12	0	0	0
0	0.1810093	-87.30428	21.61712	0	0	0	0	0	0	0	0	0	0	0	0	0
0	0.1810093	-87.30428	21.61712	0	0	0	0	0	0	0	0	0	0	0	0	0
0	0.1810093	-87.30428	21.61712	0	0	0	0	0	0	0	0	0	0	0	0	0
0	0.1810759	-87.29808	21.56313	0	0	0	0	0	0	0	0.005895771	0.5496562	-4.779332	0	0	0
0	0.2415233	-87.29186	21.50924	0	0	0	0	0	0	0	0.6045276	0.8458499	-7.327486	0	0	0
0	0.301904	-87.29186	21.50935	0	0	0	0	0	0	0	0.1656402	0.004639277	-0.03985437	0	0	0
0	0.3622847	-87.29186	21.50949	0	0	0	0	0	0	0	0.4336182	5.297914E-05	0.0006108078	0	0	0
0	0.3622847	-87.29186	21.50949	0	0	0	0	0	0	0	0.001899089	2.320292E-07	2.675114E-06	0	0	0
0	0.3622847	-87.29186	21.50949	0	0	0	0	0	0	0	2.984961E-05	3.647003E-09	4.204708E-08	0	0	0
0	0.3622847	-87.29186	21.50949	0	0	0	0	0	0	0	1.3073E-07	0	3.225369E-10	0	0	0
0	0.3624178	-87.28562	21.45551	0	0	0	0	0	0	0	0.0004948773	0.0232341	-0.2005827	0	0	0
0	0.422976	-87.27936	21.40169	0	0	0	0	0	0	0	0.5994015	0.4286598	-3.685825	0	0	0
0	0.422976	-87.27936	21.40169	0	0	0	0	0	0	0	0.002625159	0.001877373	-0.01614256	0	0	0
0	0.422976	-87.27936	21.40169	0	0	0	0	0	0	0	4.126189E-05	2.950829E-05	-0.0002537266	0	0	0
0	0.422976	-87.27936	21.40169	0	0	0	0	0	0	0	1.807119E-07	1.292355E-07	-1.111229E-06	0	0	0
0	0.422976	-87.27936	21.40169	0	0	0	0	0	0	0	5.37496E-12	2.170713E-10	-1.867343E-09	0	0	0
0	0.422976	-87.27936	21.40169	0	0	0	0	0	0	0	0	0	0	0	0	0
0	0.422976	-87.27936	21.40169	0	0	0	0	0	0	0	0	0	0	0	0	0
0	0.422976	-87.27936	21.40169	0	0	0	0	0	0	0	0	0	0	0	0	0
0	0.483401	-87.27936	21.40188	0	0	0	0	0	0	0	2.126563	0	0.006995547	0	0	0
0	0.483401	-87.27936	21.40188	0	0	0	0	0	0	0	0.009313563	0	3.063793E-05	0	0	0
0	0.483401	-87.27936	21.40188	0	0	0	0	0	0	0	2.153157E-05	0	7.083031E-08	0	0	0
0	0.483401	-87.27936	21.40188	0	0	0	0	0	0	0	6.411315E-07	0	2.109068E-09	0	0	0
0	0.5438259	-87.27936	21.40209	0	0	0	0	0	0	0	3.962741	0	0.01466534	0	0	0
0	0.5438259	-87.27936	21.40209	0	0	0	0	0	0	0	0.01735535	0	6.422879E-05	0	0	0
0	0.6646753	-87.27936	21.40259	0	0	0	0	0	0	0	1.143764	0	0.005173493	0	0	0
0	0.7858128	-87.27307	21.34921	0	0	0	0	0	0	0	3.275947	0.1143613	-0.9628095	0	0	0
0	0.8462593	-87.27307	21.34955	0	0	0	0	0	0	0	0.5985211	0.0005008606	-0.0008478634	0	0	0
0	0.8462593	-87.27307	21.34955	0	0	0	0	0	0	0	0.001383691	1.157915E-06	-1.960133E-06	0	0	0
0	0.84657	-87.26676	21.29558	0	0	0	0	0	0	0	0.04216912	0.857126	-7.321256	0	0	0
0	0.8468807	-87.26044	21.24161	0	0	0	0	0	0	0	0.07332352	1.496397	-12.73673	0	0	0
0	0.8471913	-87.25408	21.18764	0	0	0	0	0	0	0	0.04274281	0.8753699	-7.42469	0	0	0
0	0.8471913	-87.25408	21.18764	0	0	0	0	0	0	0	0.0004379066	0.008968297	-0.07606708	0	0	0
0	0.9080371	-87.24771	21.13404	0	0	0	0	0	0	0	2.903238	0.1574148	-1.312634	0	0	0
0	1.029484	-87.24132	21.08088	0	0	0	0	0	0	0	2.485661	0.04614588	-0.3713145	0	0	0
0	1.27171	-87.24132	21.08277	0	0	0	0	0	0	0	10.83957	0.0001066824	0.09270529	0	0	0
0	1.27171	-87.24132	21.08277	0	0	0	0	0	0	0	0.2552658	1.21828E-06	0.002194059	0	0	0
0	1.336571	-87.45779	20.60748	0	0	0	0	0	0	0	0.0001403345	-0.03887177	-0.01104039	0	0	0
0	1.336571	-87.45779	20.60748	0	0	0	0	0	0	0	4.909421E-12	-3.312444E-09	-5.4268E-10	0	0	0
0	1.337547	-87.44458	20.49961	0	0	0	0	0	0	0	0.03196304	0.4340952	-3.533147	0	0	0
0	1.337626	-87.49828	20.49082	0	0	0	0	0	0	0	0.0009134262	-0.5212857	-0.1009687	0	0	0
0	1.337626	-87.49828	20.49082	0	0	0	0	0	0	0	2.111705E-06	-0.001205135	-0.0002334247	0	0	0
0	1.338114	-87.49164	20.4369	0	0	0	0	0	0	0	0.04503397	0.6136534	-4.977987	0	0	0
0	1.338681	-87.53868	20.3742	0	0	0	0	0	0	0	0.1223717	-7.843004	-13.52679	0	0	0
0	1.338681	-87.53868	20.3742	0	0	0	0	0	0	0	0.001923422	-0.1232753	-0.2126122	0	0	0
0	1.339736	-87.579	20.25762	0	0	0	0	0	0	0	0.05619604	-5.817506	-6.211826	0	0	0
0	1.340224	-87.57227	20.2037	0	0	0	0	0	0	0	0.04318648	0.4927953	-4.773768	0	0	0
0	1.341278	-87.61246	20.08715	0	0	0	0	0	0	0	0.00488914	-0.1423865	-0.5404382	0	0	0
0	1.342411	-87.70629	19.96196	0	0	0	0	0	0	0	0.08178975	-8.873227	-9.040916	0	0	0
0	1.342898	-87.69946	19.90805	0	0	0	0	0	0	0	0.03310547	0.3816345	-3.659428	0	0	0
0	1.343386	-87.6926	19.85415	0	0	0	0	0	0	0	0.07970343	1.121627	-8.810297	0	0	0
0	1.343952	-87.73943	19.7916	0	0	0	0	0	0	0	0.006946091	-0.1876727	-0.7678104	0	0	0
0	1.34403	-87.79316	19.78297	0	0	0	0	0	0	0	0.009613507	-6.549505	-1.062663	0	0	0
0	1.34403	-87.79316	19.78297	0	0	0	0	0	0	0	3.059008E-05	-0.02084046	-0.003381381	0	0	0
0	1.344108	-87.84688	19.77436	0	0	0	0	0	0	0	0.001437298	-0.9925899	-0.1588768	0	0	0
0	1.344185	-87.90061	19.76577	0	0	0	0	0	0	0	0.0002991872	-0.2071593	-0.0330717	0	0	0
0	1.344185	-87.90061	19.76577	0	0	0	0	0	0	0	6.916761E-07	-0.0004789213	-7.645683E-05	0	0	0
0	1.344185	-87.90061	19.76577	0	0	0	0	0	0	0	1.087167E-08	-7.52762E-06	-1.201738E-06	0	0	0
0	1.344263	-87.95434	19.7572	0	0	0	0	0	0	0	0.01850493	-12.84661	-2.045506	0	0	0
0	1.344263	-87.95434	19.7572	0	0	0	0	0	0	0	0.0004003315	-0.2779207	-0.04425205	0	0	0
0	1.34434	-88.00807	19.74866	0	0	0	0	0	0	0	0.001979983	-1.378177	-0.2188643	0	0	0
0	1.344417	-88.06181	19.74013	0	0	0	0	0	0	0	0.005242558	-3.658746	-0.5795045	0	0	0
0	1.344494	-88.11555	19.73163	0	0	0	0	0	0	0	0.001083815	-0.7583899	-0.1198033	0	0	0
0	1.344083	-88.17618	19.77705	0	0	0	0	0	0	0	-0.008628957	-2.72589	0.9538319	0	0	0
0	1.344083	-88.17618	19.77705	0	0	0	0	0	0	0	-0.000186677	-0.05897133	0.02063499	0	0	0
0	1.343596	-88.18304	19.83095	0	0	0	0	0	0	0	-0.08508411	-1.194644	9.405069	0	0	0
0	1.343596	-88.18304	19.83095	0	0	0	0	0	0	0	-0.0001967018	-0.00276184	0.02174312	0	0	0
0	1.343108	-88.18987	19.88486	0	0	0	0	0	0	0	-0.01675489	-0.234449	1.85206	0	0	0
0	1.34262	-88.19669	19.93877	0	0	0	0	0	0	0	-0.009051335	-0.1262399	1.000521	0	0	0
0	1.342133	-88.20348	19.99268	0	0	0	0	0	0	0	-0.00655213	-0.09108344	0.7242627	0	0	0
0	1.341234	-88.27074	20.09205	0	0	0	0	0	0	0	-0.07956176	-5.923139	8.794638	0	0	0
0	1.33977	-88.29085	20.25381	0	0	0	0	0	0	0	-0.09870535	-1.355447	10.91074	0	0	0
0	1.277476	-88.31076	20.41506	0	0	0	0	0	0	0	-0.8750706	-1.166048	9.515619	0	0	0
0	1.27701	-88.31735	20.469	0	0	0	0	0	0	0	-0.006665541	-0.06830433	0.5596902	0	0	0
0	1.27701	-88.31735	20.469	0	0	0	0	0	0	0	-0.0001442009	-0.00147768	0.01210822	0	0	0
0	1.277083	-88.37111	20.46056	0	0	0	0	0	0	0	0.002586602	-1.911564	-0.2995457	0	0	0
0	1.277083	-88.37111	20.46056	0	0	0	0	0	0	0	4.344761E-06	-0.003210773	-0.0005031343	0	0	0
0	1.277083	-88.37111	20.46056	0	0	0	0	0	0	0	9.400241E-08	-6.946104E-05	-1.088571E-05	0	0	0
0	1.277083	-88.37111	20.46056	0	0	0	0	0	0	0	4.11696E-10	-3.042138E-07	-4.767543E-08	0	0	0
0	1.277083	-88.37111	20.46056	0	0	0	0	0	0	0	6.470982E-12	-4.781592E-09	-7.49356E-10	0	0	0
0	1.277156	-88.42487	20.45215	0	0	0	0	0	0	0	0.000512582	-0.3797743	-0.05935829	0	0	0
0	1.277622	-88.41827	20.39821	0	0	0	0	0	0	0	0.05886026	0.8302166	-6.816165	0	0	0
0	1.278087	-88.41165	20.34428	0	0	0	0	0	0	0	0.0170185	0.2421103	-1.970785	0	0	0
0	1.279557	-88.44543	20.17411	0	0	0	0	0	0	0	0.0434598	-6.217961	-5.032754	0	0	0
0	1.280954	-88.42526	20.01235	0	0	0	0	0	0	0	0.1537986	2.124872	-17.81026	0	0	0
0	1.281957	-88.46546	19.89616	0	0	0	0	0	0	0	0.03760774	-8.71241	-4.355071	0	0	0
0	1.343976	-88.45182	19.78889	0	0	0	0	0	0	0	8.435106	1.088015	-10.06931	0	0	0
0	1.343976	-88.45182	19.78889	0	0	0	0	0	0	0	0.04604909	0.002515329	-0.02303856	0	0	0
0	1.344464	-88.44496	19.73499	0	0	0	0	0	0	0	0.009434821	0.1227257	-0.9632371	0	0	0
0	1.467381	-88.54562	19.66557	0	0	0	0	0	0	0	6.050298	-6.53569	-4.561578	0	0	0
0	1.714416	-88.51788	19.45262	0	0	0	0	0	0	0	19.07551	2.161725	-18.50956	0	0	0
0	2.14854	-88.52228	19.07276	0	0	0	0	0	0	0	26.86221	2.112479	-17.63562	0	0	0
0	2.828975	-88.54012	18.80647	0	0	0	0	0	0	0	34.77981	0.3104823	-2.48043	0	0	0
0	3.572374	-88.61855	18.59043	0	0	0	0	0	0	0	33.29641	-9.565216	-1.419462	0	0	0
0	4.129995	-88.71142	18.48063	0	0	0	0	0	0	0	33.09112	-8.21403	-1.079943	0	0	0
0	4.501844	-88.81162	18.42115	0	0	0	0	0	0	0	22.88032	-9.763389	-4.360642	0	0	0
0	4.74844	-88.81162	18.42876	0	0	0	0	0	0	0	16.90577	-0.4330414	0.3926723	0	0	0
0	4.8138	-88.85059	18.315	0	0	0	0	0	0	0	1.28865	0.6190676	-5.247893	0	0	0
0	4.817253	-88.83567	18.2074	0	0	0	0	0	0	0	0.1853725	0.7469215	-5.378613	0	0	0
0	4.82243	-88.81313	18.04604	0	0	0	0	0	0	0	0.2916411	1.275201	-9.086463	0	0	0
0	4.889477	-88.79038	17.8867	0	0	0	0	0	0	0	1.82069	1.191042	-8.361562	0	0	0
0	5.075084	-88.79038	17.89285	0	0	0	0	0	0	0	15.59584	0.002000544	0.5119202	0	0	0
0	5.137228	-88.84418	17.88684	0	0	0	0	0	0	0	4.103521	-1.867798	-0.1413102	0	0	0
0	5.07563	-88.89799	17.87666	0	0	0	0	0	0	0	-14.35819	-6.661808	-1.484429	0	0	0
0	5.075902	-88.9518	17.8686	0	0	0	0	0	0	0	-0.0222048	-0.3905433	-0.05921668	0	0	0
0	5.014291	-89.00562	17.8585	0	0	0	0	0	0	0	-1.979133	-0.9955553	-0.2145692	0	0	0
0	5.012767	-89.06703	17.90425	0	0	0	0	0	0	0	-0.1334693	-0.8982356	3.511294	0	0	0
0	4.949397	-89.12843	17.94799	0	0	0	0	0	0	0	-0.2011863	-1.018659	3.448062	0	0	0
0	4.949397	-89.12843	17.94799	0	0	0	0	0	0	0	-0.0003379241	-0.001710999	0.005791564	0	0	0
0	4.949397	-89.12843	17.94799	0	0	0	0	0	0	0	-3.858991E-06	-1.953909E-05	6.61379E-05	0	0	0
0	4.947627	-89.13599	18.00177	0	0	0	0	0	0	0	-0.2193173	-0.9353478	6.664603	0	0	0
0	4.944087	-89.15105	18.10934	0	0	0	0	0	0	0	-0.04240249	-0.1797675	1.288525	0	0	0
0	4.942317	-89.15854	18.16313	0	0	0	0	0	0	0	-0.03332313	-0.1408543	1.012622	0	0	0
0	4.942317	-89.15854	18.16313	0	0	0	0	0	0	0	-0.0002764786	-0.001168653	0.008401616	0	0	0
0	4.940547	-89.16601	18.21693	0	0	0	0	0	0	0	-0.04461597	-0.1880248	1.355788	0	0	0
0	4.940547	-89.16601	18.21693	0	0	0	0	0	0	0	-5.444678E-05	-0.0002294547	0.001654526	0	0	0
0	4.940547	-89.16601	18.21693	0	0	0	0	0	0	0	-6.217657E-07	-2.620304E-06	1.889418E-05	0	0	0
0	4.940547	-89.16601	18.21693	0	0	0	0	0	0	0	-5.158725E-09	-2.174038E-08	1.567631E-07	0	0	0
0	4.940547	-89.16601	18.21693	0	0	0	0	0	0	0	-1.116027E-10	-4.703268E-10	3.391378E-09	0	0	0
0	4.940547	-89.16601	18.21693	0	0	0	0	0	0	0	0	0	0	0	0	0
0	4.942317	-89.15854	18.16313	0	0	0	0	0	0	0	0.01784907	0.07544664	-0.5423967	0	0	0
0	4.949397	-89.12843	17.94799	0	0	0	0	0	0	0	0.560865	2.399072	-17.04354	0	0	0
0	4.900041	-89.12873	17.56161	0	0	0	0	0	0	0	-0.7969312	2.402225	-23.87395	0	0	0
0	4.912267	-89.07413	17.18538	0	0	0	0	0	0	0	0.5100718	2.314919	-15.80855	0	0	0
0	4.924488	-89.01845	16.80931	0	0	0	0	0	0	0	1.049968	4.830635	-32.31181	0	0	0
0	4.933214	-88.97803	16.54078	0	0	0	0	0	0	0	0.7199457	3.35836	-22.15481	0	0	0
0	4.950658	-88.89554	16.00398	0	0	0	0	0	0	0	1.006032	4.822076	-30.95852	0	0	0
0	5.0186	-88.87036	15.84506	0	0	0	0	0	0	0	1.473447	3.115219	-19.81334	0	0	0
0	5.02213	-88.85347	15.73776	0	0	0	0	0	0	0	0.138202	0.6503859	-4.120193	0	0	0
0	5.023896	-88.84499	15.68412	0	0	0	0	0	0	0	0.1687226	0.8113562	-5.126474	0	0	0
0	5.029191	-88.81942	15.52321	0	0	0	0	0	0	0	0.7038292	3.411839	-21.38792	0	0	0
0	5.095606	-88.80227	15.41803	0	0	0	0	0	0	0	0.6705506	0.1745107	-1.067108	0	0	0
0	5.158491	-88.80227	15.42014	0	0	0	0	0	0	0	7.852982	0.002742936	0.2477656	0	0	0
0	5.223206	-88.79366	15.36866	0	0	0	0	0	0	0	2.955092	0.08277891	-0.414554	0	0	0
0	5.223206	-88.79366	15.36866	0	0	0	0	0	0	0	0.04644774	0.001301108	-0.006515903	0	0	0
0	5.223206	-88.79366	15.36866	0	0	0	0	0	0	0	0.000203424	5.698374E-06	-2.853726E-05	0	0	0
0	5.223206	-88.79366	15.36866	0	0	0	0	0	0	0	3.197392E-06	8.956626E-08	-4.485449E-07	0	0	0
0	5.223206	-88.79366	15.36866	0	0	0	0	0	0	0	7.347921E-09	0	2.508783E-10	0	0	0
0	5.223206	-88.79366	15.36866	0	0	0	0	0	0	0	0	0	0	0	0	0
0	5.223206	-88.79366	15.36866	0	0	0	0	0	0	0	0	0	0	0	0	0
0	5.221103	-88.74844	15.43025	0	0	0	0	0	0	0	-0.2448788	3.995915	7.172201	0	0	0
0	5.211948	-88.79117	15.6984	0	0	0	0	0	0	0	-0.4705722	-2.165045	13.78249	0	0	0
0	5.19702	-88.80457	16.13562	0	0	0	0	0	0	0	-0.6697491	-2.329885	19.61614	0	0	0
0	5.187857	-88.84586	16.404	0	0	0	0	0	0	0	-0.4028226	-1.787963	11.79818	0	0	0
0	5.237349	-88.90277	16.78201	0	0	0	0	0	0	0	-0.3824774	-2.358638	15.73764	0	0	0
0	5.299673	-88.90277	16.78418	0	0	0	0	0	0	0	0.5869591	-0.04414838	0.315346	0	0	0
0	5.30127	-88.84089	16.73849	0	0	0	0	0	0	0	0.03295043	7.307994	-0.8004174	0	0	0
0	5.306622	-88.76276	16.58543	0	0	0	0	0	0	0	0.2813024	1.752764	-8.044756	0	0	0
0	5.308218	-88.7008	16.53979	0	0	0	0	0	0	0	0.4163686	11.19433	-11.90776	0	0	0
0	5.308218	-88.7008	16.53979	0	0	0	0	0	0	0	0.002509889	0.06747994	-0.07178054	0	0	0
0	5.308218	-88.7008	16.53979	0	0	0	0	0	0	0	4.215754E-06	0.0001133432	-0.0001205667	0	0	0
0	5.30634	-88.70895	16.59349	0	0	0	0	0	0	0	-0.2609504	-1.131372	7.462943	0	0	0
0	5.366842	-88.71707	16.64937	0	0	0	0	0	0	0	3.776439	-0.7755568	5.269916	0	0	0
0	5.423456	-88.74133	16.81269	0	0	0	0	0	0	0	1.888317	-1.468938	9.877292	0	0	0
0	5.594477	-88.80505	17.24921	0	0	0	0	0	0	0	11.56166	-1.21662	8.737897	0	0	0
0	5.828453	-88.85965	17.63477	0	0	0	0	0	0	0	15.93464	-2.871934	20.63137	0	0	0
0	6.112033	-88.95075	18.2922	0	0	0	0	0	0	0	16.08339	-3.113331	23.13512	0	0	0
0	6.508739	-89.06019	19.11734	0	0	0	0	0	0	0	15.95424	-5.7152	43.90842	0	0	0
0	6.73226	-89.12348	19.61268	0	0	0	0	0	0	0	14.90563	-2.446963	19.71391	0	0	0
0	6.95378	-89.13119	20.11666	0	0	0	0	0	0	0	4.967986	-0.2618529	2.77543	0	0	0
0	6.956306	-89.12444	20.0628	0	0	0	0	0	0	0	0.367406	0.9010299	-7.17662	0	0	0
0	6.966032	-89.04343	19.85549	0	0	0	0	0	0	0	1.247432	10.94191	-26.57725	0	0	0
0	6.998477	-88.89878	19.16385	0	0	0	0	0	0	0	2.1035	7.008137	-44.84012	0	0	0
0	7.085279	-88.82637	18.62881	0	0	0	0	0	0	0	9.509515	5.814546	-42.06217	0	0	0
0	7.185333	-88.71364	17.82541	0	0	0	0	0	0	0	5.811482	5.322034	-37.04332	0	0	0
0	7.332598	-88.64364	17.34793	0	0	0	0	0	0	0	10.76456	6.586675	-44.48813	0	0	0
0	7.645759	-88.63575	17.30963	0	0	0	0	0	0	0	23.20126	0.2355586	-0.4308591	0	0	0
0	7.832077	-88.63575	17.31918	0	0	0	0	0	0	0	15.22182	0.005096024	0.7546334	0	0	0
0	8.143453	-88.74335	17.31939	0	0	0	0	0	0	0	22.37939	-2.069183	0.8947465	0	0	0
0	8.329757	-88.74335	17.32955	0	0	0	0	0	0	0	12.84733	-0.04476426	0.7018646	0	0	0
0	8.528155	-88.71158	17.12526	0	0	0	0	0	0	0	5.463572	1.122447	-7.258617	0	0	0
0	8.670938	-88.66327	16.81042	0	0	0	0	0	0	0	15.08189	3.546714	-22.64973	0	0	0
0	8.811126	-88.62241	16.54946	0	0	0	0	0	0	0	4.535548	2.595717	-16.71148	0	0	0
0	9.020624	-88.56428	16.1852	0	0	0	0	0	0	0	12.82826	5.723046	-35.96787	0	0	0
0	9.436213	-88.51595	15.55706	0	0	0	0	0	0	0	26.88142	5.7434	-50.55624	0	0	0
0	9.927858	-88.38384	14.78224	0	0	0	0	0	0	0	34.66787	12.14945	-70.6759	0	0	0
0	10.64063	-88.23502	13.64095	0	0	0	0	0	0	0	43.35146	11.60264	-70.82391	0	0	0
0	11.55961	-88.11951	12.45769	0	0	0	0	0	0	0	47.72583	4.719676	-64.41943	0	0	0
0	12.32808	-88.02161	11.70524	0	0	0	0	0	0	0	54.20196	1.126608	-52.70361	0	0	0
0	12.9572	-88.01488	11.15137	0	0	0	0	0	0	0	44.38335	-2.229501	-36.62933	0	0	0
0	13.37273	-88.00523	10.85728	0	0	0	0	0	0	0	29.80356	-5.523174	-18.78264	0	0	0
0	13.71566	-88.01629	10.66492	0	0	0	0	0	0	0	9.381114	-2.388781	-1.213607	0	0	0
0	13.78118	-88.07013	10.66272	0	0	0	0	0	0	0	0.08543961	-0.4007789	-0.05420353	0	0	0
0	13.77723	-88.13469	10.70795	0	0	0	0	0	0	0	-1.061664	-5.215413	12.17527	0	0	0
0	13.6847	-88.19858	11.0208	0	0	0	0	0	0	0	-1.61331	-3.494945	17.48412	0	0	0
0	13.65699	-88.26168	11.33947	0	0	0	0	0	0	0	-2.134191	-4.824379	24.5195	0	0	0
0	13.62531	-88.38815	11.70362	0	0	0	0	0	0	0	-1.423874	-3.320217	16.36978	0	0	0
0	13.67114	-88.42918	11.92187	0	0	0	0	0	0	0	7.743983	-2.778556	15.24335	0	0	0
0	13.66185	-88.44956	12.02821	0	0	0	0	0	0	0	0.05509684	-0.08444088	0.4496903	0	0	0
0	13.73079	-88.43938	11.98067	0	0	0	0	0	0	0	0.03315336	0.07172893	-0.374202	0	0	0
0	13.73546	-88.42918	11.9275	0	0	0	0	0	0	0	0.01240666	0.02713916	-0.1412791	0	0	0
0	13.73546	-88.42918	11.9275	0	0	0	0	0	0	0	5.433662E-05	0.0001188595	-0.0006187508	0	0	0
0	13.73615	-88.48302	11.91971	0	0	0	0	0	0	0	0.08829902	-6.959821	-1.005569	0	0	0
0	13.73615	-88.48302	11.91971	0	0	0	0	0	0	0	0.001387872	-0.1093935	-0.0158054	0	0	0
0	13.68576	-88.45229	11.7546	0	0	0	0	0	0	0	-6.164316	3.445973	-18.49884	0	0	0
0	13.69573	-88.48553	11.64052	0	0	0	0	0	0	0	0.9531199	-5.194601	-12.30622	0	0	0
0	13.64515	-88.45447	11.47548	0	0	0	0	0	0	0	-0.1731465	0.5855237	-3.439934	0	0	0
0	13.65507	-88.4875	11.36147	0	0	0	0	0	0	0	0.2648046	-8.725231	-3.129803	0	0	0
0	13.66431	-88.4666	11.25522	0	0	0	0	0	0	0	0.4454848	0.9690183	-5.121988	0	0	0
0	13.66431	-88.4666	11.25522	0	0	0	0	0	0	0	0.003696141	0.008039844	-0.0424966	0	0	0
0	13.66499	-88.52045	11.2475	0	0	0	0	0	0	0	0.01685288	-1.349097	-0.1937529	0	0	0
0	13.66566	-88.57432	11.23979	0	0	0	0	0	0	0	0.1552133	-12.49319	-1.784443	0	0	0
0	13.66632	-88.62817	11.23211	0	0	0	0	0	0	0	0.08316321	-6.713385	-0.956104	0	0	0
0	13.60172	-88.62817	11.22651	0	0	0	0	0	0	0	-0.4878238	-0.1055201	-0.05737054	0	0	0
0	13.49592	-88.6294	10.94214	0	0	0	0	0	0	0	-7.864331	-6.94765	-12.41585	0	0	0
0	13.44478	-88.59756	10.77731	0	0	0	0	0	0	0	-1.223433	1.112738	-5.800957	0	0	0
0	13.32416	-88.57622	10.66012	0	0	0	0	0	0	0	-5.92718	0.2943023	-1.972905	0	0	0
0	13.32481	-88.63009	10.65248	0	0	0	0	0	0	0	-0.009489378	-0.03851143	-0.008837764	0	0	0
0	13.32161	-88.74851	10.69036	0	0	0	0	0	0	0	-0.1881822	-10.0895	2.226729	0	0	0
0	13.31712	-88.75917	10.74345	0	0	0	0	0	0	0	-0.02403397	-0.0793289	0.2844382	0	0	0
0	13.31712	-88.75917	10.74345	0	0	0	0	0	0	0	-0.0005199441	-0.001716184	0.006153475	0	0	0
0	13.32161	-88.74851	10.69036	0	0	0	0	0	0	0	1.085377	2.581372	-12.84531	0	0	0
0	13.3261	-88.73783	10.63727	0	0	0	0	0	0	0	0.1232253	0.2936894	-1.458357	0	0	0
0	13.34404	-88.69489	10.42496	0	0	0	0	0	0	0	0.776949	1.867396	-9.195098	0	0	0
0	13.34404	-88.69489	10.42496	0	0	0	0	0	0	0	0.00179619	0.00431714	-0.02125769	0	0	0
0	13.34404	-88.69489	10.42496	0	0	0	0	0	0	0	2.823227E-05	6.785622E-05	-0.0003341255	0	0	0
0	13.34404	-88.69489	10.42496	0	0	0	0	0	0	0	8.983479E-08	2.159178E-07	-1.063184E-06	0	0	0
0	13.34404	-88.69489	10.42496	0	0	0	0	0	0	0	1.508917E-10	3.62668E-10	-1.785785E-09	0	0	0
0	13.34404	-88.69489	10.42496	0	0	0	0	0	0	0	0	0	0	0	0	0
0	13.34404	-88.69489	10.42496	0	0	0	0	0	0	0	0	0	0	0	0	0
0	13.34404	-88.69489	10.42496	0	0	0	0	0	0	0	0	0	0	0	0	0
0	13.353	-88.67329	10.31883	0	0	0	0	0	0	0	0.7874164	1.900489	-9.318977	0	0	0
0	13.36197	-88.65161	10.21271	0	0	0	0	0	0	0	0.0731876	0.1773816	-0.8661665	0	0	0
0	13.30586	-88.62984	10.10113	0	0	0	0	0	0	0	0.4595625	1.558949	-7.596129	0	0	0
0	13.30586	-88.62984	10.10113	0	0	0	0	0	0	0	0.02065258	0.05734648	-0.2791112	0	0	0
0	13.30586	-88.62984	10.10113	0	0	0	0	0	0	0	0.0002358463	0.0006548794	-0.003187365	0	0	0
0	13.30586	-88.62984	10.10113	0	0	0	0	0	0	0	7.504603E-07	2.083819E-06	-1.014216E-05	0	0	0
0	13.30586	-88.62984	10.10113	0	0	0	0	0	0	0	1.431159E-09	3.500104E-09	-1.702101E-08	0	0	0
0	13.31478	-88.60798	9.995052	0	0	0	0	0	0	0	0.7540379	1.851751	-8.9679	0	0	0
0	13.31924	-88.59702	9.942019	0	0	0	0	0	0	0	0.2811929	0.6919735	-3.344275	0	0	0
0	13.26741	-88.564	9.777474	0	0	0	0	0	0	0	-13.14458	4.399223	-22.37902	0	0	0
0	13.26741	-88.564	9.777474	0	0	0	0	0	0	0	-0.1936142	0.1014699	-0.5070139	0	0	0
0	13.26741	-88.564	9.777474	0	0	0	0	0	0	0	-0.0006160783	0.0003228761	-0.001613313	0	0	0
0	13.26741	-88.564	9.777474	0	0	0	0	0	0	0	-1.424281E-06	7.464413E-07	-3.729738E-06	0	0	0
0	13.21103	-88.54188	9.665998	0	0	0	0	0	0	0	-8.688682	1.002478	-5.552444	0	0	0
0	13.15896	-88.50854	9.501554	0	0	0	0	0	0	0	-10.33449	1.759623	-9.280568	0	0	0
0	13.05005	-88.45254	9.225819	0	0	0	0	0	0	0	-1.209283	2.923971	-13.95649	0	0	0
0	13.01055	-88.38461	8.902645	0	0	0	0	0	0	0	-0.1109949	1.283166	-6.017513	0	0	0
0	12.95358	-88.3618	8.791402	0	0	0	0	0	0	0	-0.2162702	1.723232	-8.054385	0	0	0
0	12.95358	-88.3618	8.791402	0	0	0	0	0	0	0	-0.001303687	0.01038772	-0.04855222	0	0	0
0	12.95358	-88.3618	8.791402	0	0	0	0	0	0	0	-2.049118E-05	0.0001632728	-0.0007631371	0	0	0
0	12.95358	-88.3618	8.791402	0	0	0	0	0	0	0	-8.974383E-08	7.150749E-07	-3.34226E-06	0	0	0
0	12.95358	-88.3618	8.791402	0	0	0	0	0	0	0	8.558701E-10	2.275361E-09	-1.054237E-08	0	0	0
0	12.96218	-88.33891	8.685513	0	0	0	0	0	0	0	1.080552	2.884075	-13.30995	0	0	0
0	12.97077	-88.31592	8.579643	0	0	0	0	0	0	0	0.6152714	1.648692	-7.578743	0	0	0
0	12.99655	-88.24644	8.262147	0	0	0	0	0	0	0	0.1964332	0.5325836	-2.419611	0	0	0
0	12.93926	-88.22311	8.151018	0	0	0	0	0	0	0	-7.907999	0.5189486	-3.002647	0	0	0
0	12.88614	-88.18795	7.987044	0	0	0	0	0	0	0	-1.24903	2.809825	-12.82521	0	0	0
0	12.89949	-88.20647	7.820844	0	0	0	0	0	0	0	2.1679	5.034361	-27.10305	0	0	0
0	12.84193	-88.18279	7.709825	0	0	0	0	0	0	0	-0.492687	1.09986	-4.983149	0	0	0
0	12.84193	-88.18279	7.709825	0	0	0	0	0	0	0	-0.007743987	0.01728745	-0.07832446	0	0	0
0	12.84193	-88.18279	7.709825	0	0	0	0	0	0	0	-2.464129E-05	5.500849E-05	-0.0002492276	0	0	0
0	12.78489	-88.21291	7.59129	0	0	0	0	0	0	0	0.2069205	0.2969335	-3.788702	0	0	0
0	12.79329	-88.18906	7.485596	0	0	0	0	0	0	0	0.1816035	0.511747	-2.302171	0	0	0
0	12.74386	-88.1411	7.269013	0	0	0	0	0	0	0	1.057475	3.429341	-15.0649	0	0	0
0	12.69425	-88.0928	7.052523	0	0	0	0	0	0	0	-1.561572	2.154875	-9.569994	0	0	0
0	12.69425	-88.0928	7.052523	0	0	0	0	0	0	0	-0.03378271	0.0466181	-0.2070352	0	0	0
0	12.62793	-88.0928	7.047316	0	0	0	0	0	0	0	-6.074335	0.0001077741	-0.4760148	0	0	0
0	12.62793	-88.0928	7.047316	0	0	0	0	0	0	0	-0.01404295	2.491576E-07	-0.001100475	0	0	0
0	12.63206	-88.08067	6.994511	0	0	0	0	0	0	0	0.07448243	0.2196526	-0.9553062	0	0	0
0	12.64033	-88.05634	6.888915	0	0	0	0	0	0	0	0.5418798	1.597497	-6.921706	0	0	0
0	12.64446	-88.04414	6.836124	0	0	0	0	0	0	0	0.5324507	1.572625	-6.801254	0	0	0
0	12.64446	-88.04414	6.836124	0	0	0	0	0	0	0	0.002331939	0.00688752	-0.029787	0	0	0
0	12.64446	-88.04414	6.836124	0	0	0	0	0	0	0	5.391094E-06	1.592292E-05	-6.886309E-05	0	0	0
0	12.64446	-88.04414	6.836124	0	0	0	0	0	0	0	1.166298E-07	3.44473E-07	-1.489769E-06	0	0	0
0	12.64446	-88.04414	6.836124	0	0	0	0	0	0	0	2.696306E-10	7.9637E-10	-3.444124E-09	0	0	0
0	12.64446	-88.04414	6.836124	0	0	0	0	0	0	0	0	0	0	0	0	0
0	12.64505	-88.09802	6.82859	0	0	0	0	0	0	0	0.005503325	-0.5035046	-0.07029667	0	0	0
0	12.64564	-88.15191	6.821078	0	0	0	0	0	0	0	0.079819	-7.324476	-1.019567	0	0	0
0	12.64564	-88.15191	6.821078	0	0	0	0	0	0	0	1.395215E-06	-0.0001280299	-1.782176E-05	0	0	0
0	12.64564	-88.15191	6.821078	0	0	0	0	0	0	0	8.41042E-09	-7.717701E-07	-1.074304E-07	0	0	0
0	12.64564	-88.15191	6.821078	0	0	0	0	0	0	0	6.978038E-11	-6.403296E-09	-8.913389E-10	0	0	0
0	12.64622	-88.2058	6.813588	0	0	0	0	0	0	0	0.0008534499	-0.07854961	-0.01090153	0	0	0
0	12.64622	-88.2058	6.813588	0	0	0	0	0	0	0	1.341441E-05	-0.001234632	-0.0001713488	0	0	0
0	12.64622	-88.2058	6.813588	0	0	0	0	0	0	0	4.268451E-08	-3.928586E-06	-5.452301E-07	0	0	0
0	12.64622	-88.2058	6.813588	0	0	0	0	0	0	0	9.868021E-11	-9.082305E-09	-1.260491E-09	0	0	0
0	12.64622	-88.2058	6.813588	0	0	0	0	0	0	0	0	0	0	0	0	0
0	12.60504	-88.18607	6.484283	0	0	0	0	0	0	0	-13.52192	6.983216	-31.56915	0	0	0
0	12.63848	-88.14059	6.054918	0	0	0	0	0	0	0	1.133215	-0.160919	-15.02769	0	0	0
0	12.54617	-88.06833	5.51018	0	0	0	0	0	0	0	-0.237923	4.435688	-19.71219	0	0	0
0	12.44091	-88.03265	5.123916	0	0	0	0	0	0	0	-2.180155	1.985807	-16.51431	0	0	0
0	12.31119	-88.07366	5.053718	0	0	0	0	0	0	0	-11.99815	-2.302858	-2.268204	0	0	0
0	12.24515	-88.18148	5.03397	0	0	0	0	0	0	0	-1.149032	-9.504893	-1.386579	0	0	0
0	12.2457	-88.2354	5.026654	0	0	0	0	0	0	0	0.02341655	-2.588333	-0.3509474	0	0	0
0	12.2457	-88.2354	5.026654	0	0	0	0	0	0	0	0.0003680582	-0.04068306	-0.005516144	0	0	0
0	12.24624	-88.28931	5.019359	0	0	0	0	0	0	0	0.006938892	-0.6850882	-0.09254808	0	0	0
0	12.24624	-88.28931	5.019359	0	0	0	0	0	0	0	1.16553E-05	-0.001150714	-0.0001554491	0	0	0
0	12.24624	-88.28931	5.019359	0	0	0	0	0	0	0	1.957691E-08	-1.932805E-06	-2.611013E-07	0	0	0
0	12.24624	-88.28931	5.019359	0	0	0	0	0	0	0	3.288251E-11	-3.246451E-09	-4.385608E-10	0	0	0
0	12.24624	-88.28931	5.019359	0	0	0	0	0	0	0	0	0	0	0	0	0
0	12.25019	-88.27641	4.966723	0	0	0	0	0	0	0	0.05194315	0.1700169	-0.6927764	0	0	0
0	12.25414	-88.26348	4.914093	0	0	0	0	0	0	0	0.05250901	0.1721724	-0.7003235	0	0	0
0	12.26597	-88.22456	4.756233	0	0	0	0	0	0	0	0.5281125	1.74079	-7.043544	0	0	0
0	12.28623	-88.2132	4.485967	0	0	0	0	0	0	0	0.0803386	0.1192491	-1.071492	0	0	0
0	12.22277	-88.20008	4.428344	0	0	0	0	0	0	0	-2.310187	0.1239068	-0.6779574	0	0	0
0	12.22724	-88.24086	4.368514	0	0	0	0	0	0	0	0.01221791	-0.8454687	-0.5255389	0	0	0
0	12.22724	-88.24086	4.368514	0	0	0	0	0	0	0	2.05219E-05	-0.001420098	-0.0008827256	0	0	0
0	12.22777	-88.29478	4.361285	0	0	0	0	0	0	0	0.026003	-2.605359	-0.3487437	0	0	0
0	12.22831	-88.34872	4.354078	0	0	0	0	0	0	0	0.02574456	-2.587486	-0.3452647	0	0	0
0	12.16088	-88.34872	4.349063	0	0	0	0	0	0	0	-1.701526	-0.05597711	-0.1336809	0	0	0
0	12.16088	-88.34872	4.349063	0	0	0	0	0	0	0	-0.005414236	-0.0001781186	-0.0004253713	0	0	0
0	12.09731	-88.33555	4.2915	0	0	0	0	0	0	0	-11.38056	0.125554	-1.342938	0	0	0
0	12.10119	-88.32236	4.238928	0	0	0	0	0	0	0	-0.02851345	0.0266511	-0.1088474	0	0	0
0	12.10119	-88.32236	4.238928	0	0	0	0	0	0	0	-0.0006168538	0.0005765642	-0.002354781	0	0	0
0	12.10119	-88.32236	4.238928	0	0	0	0	0	0	0	-3.718424E-06	3.475556E-06	-1.419473E-05	0	0	0
0	12.10119	-88.32236	4.238928	0	0	0	0	0	0	0	-4.246327E-08	3.96898E-08	-1.620996E-07	0	0	0
0	12.16867	-88.32236	4.243918	0	0	0	0	0	0	0	0.4880491	0	0.03618946	0	0	0
0	12.16477	-88.33555	4.296488	0	0	0	0	0	0	0	-0.5202243	-1.78407	7.119705	0	0	0
0	12.16088	-88.34872	4.349063	0	0	0	0	0	0	0	-0.1403375	-0.4736198	1.893211	0	0	0
0	12.15308	-88.37498	4.45423	0	0	0	0	0	0	0	-0.2124837	-0.7143825	2.865554	0	0	0
0	12.14528	-88.40115	4.559418	0	0	0	0	0	0	0	-0.06405206	-0.2145967	0.8638029	0	0	0
0	12.14528	-88.40115	4.559418	0	0	0	0	0	0	0	-0.001006762	-0.003373001	0.01357714	0	0	0
0	12.14474	-88.34723	4.566626	0	0	0	0	0	0	0	-0.01276809	1.285935	0.1721898	0	0	0
0	12.14084	-88.36028	4.619227	0	0	0	0	0	0	0	-0.9385582	-3.110264	12.65735	0	0	0
0	12.13694	-88.37332	4.671834	0	0	0	0	0	0	0	-0.007787903	-0.02576263	0.1050273	0	0	0
0	12.13694	-88.37332	4.671834	0	0	0	0	0	0	0	-8.893549E-05	-0.0002942015	0.001199379	0	0	0
0	12.1325	-88.33241	4.731677	0	0	0	0	0	0	0	-0.307065	12.17224	4.141062	0	0	0
0	12.1247	-88.35837	4.836917	0	0	0	0	0	0	0	-0.5603725	-1.751593	7.557155	0	0	0
0	12.1208	-88.37132	4.889546	0	0	0	0	0	0	0	-0.5086684	-1.685126	6.859875	0	0	0
0	12.1208	-88.37132	4.889546	0	0	0	0	0	0	0	-0.007995181	-0.02648659	0.1078226	0	0	0
0	12.1208	-88.37132	4.889546	0	0	0	0	0	0	0	-3.501595E-05	-0.0001160015	0.0004722233	0	0	0
0	12.18801	-88.37132	4.894544	0	0	0	0	0	0	0	4.622671	-2.509552E-06	0.3446985	0	0	0
0	12.18801	-88.37132	4.894544	0	0	0	0	0	0	0	0.01470929	-7.991102E-09	0.001096827	0	0	0
0	12.18801	-88.37132	4.894544	0	0	0	0	0	0	0	0.0001679757	0	1.252506E-05	0	0	0
0	12.18016	-88.39716	4.999813	0	0	0	0	0	0	0	-0.5252657	-1.725698	7.044436	0	0	0
0	12.16839	-88.43575	5.157756	0	0	0	0	0	0	0	-0.9991295	-3.265116	13.39949	0	0	0
0	12.14035	-88.47111	5.533724	0	0	0	0	0	0	0	-1.758995	-4.970982	23.59017	0	0	0
0	12.11677	-88.5468	5.849967	0	0	0	0	0	0	0	-1.709201	-5.44572	22.92238	0	0	0
0	12.08083	-88.60497	6.331949	0	0	0	0	0	0	0	-3.419803	2.332074	45.86355	0	0	0
0	12.0769	-88.61732	6.38472	0	0	0	0	0	0	0	-0.005246368	-0.004856671	0.07035992	0	0	0
0	12.0769	-88.61732	6.38472	0	0	0	0	0	0	0	-3.162536E-05	-2.927624E-05	0.0004241329	0	0	0
0	12.07635	-88.5634	6.392015	0	0	0	0	0	0	0	-0.0262134	2.594263	0.3515522	0	0	0
0	12.01367	-88.55105	6.334291	0	0	0	0	0	0	0	-0.4590538	0.6563948	-2.603913	0	0	0
0	11.89203	-88.51389	6.166169	0	0	0	0	0	0	0	-8.08899	1.238917	-5.881914	0	0	0
0	11.84457	-88.45151	5.897559	0	0	0	0	0	0	0	0.1048904	3.575204	-15.11976	0	0	0
0	11.73757	-88.36327	5.518837	0	0	0	0	0	0	0	-8.135019	7.1269	-30.36119	0	0	0
0	11.69379	-88.34072	5.190603	0	0	0	0	0	0	0	-14.18432	4.152571	-22.58977	0	0	0
0	11.61233	-88.2132	4.436831	0	0	0	0	0	0	0	-6.750911	10.93262	-59.395	0	0	0
0	11.50012	-88.18807	4.104554	0	0	0	0	0	0	0	-11.66423	6.38428	-37.04828	0	0	0
0	11.15003	-88.20279	3.259777	0	0	0	0	0	0	0	-24.09714	-0.4562629	-63.9348	0	0	0
0	10.71734	-88.25428	2.570201	0	0	0	0	0	0	0	-29.1144	-9.877716	-69.01922	0	0	0
0	10.02661	-88.32582	1.538075	0	0	0	0	0	0	0	-44.95285	0.6885284	-66.94913	0	0	0
0	9.457582	-88.25774	0.6442767	0	0	0	0	0	0	0	-47.70496	-0.1181038	-71.08678	0	0	0
0	8.542569	-88.03151	-0.4066598	0	0	0	0	0	0	0	-57.33424	14.72969	-64.08492	0	0	0
0	7.810409	-87.83537	-1.121473	0	0	0	0	0	0	0	-61.89309	15.54416	-56.30753	0	0	0
0	6.853576	-87.69746	-1.632447	0	0	0	0	0	0	0	-62.82011	5.329146	-20.55846	0	0	0
0	5.878751	-87.72057	-1.780069	0	0	0	0	0	0	0	-43.98584	-7.520338	-2.771733	0	0	0
0	5.389242	-87.77454	-1.803113	0	0	0	0	0	0	0	-40.99128	-5.031308	-1.940723	0	0	0
0	4.89854	-87.95195	-1.786198	0	0	0	0	0	0	0	-27.85822	-12.48932	1.089782	0	0	0
0	4.684536	-88.05216	-1.642586	0	0	0	0	0	0	0	-7.57255	-4.692738	10.00483	0	0	0
0	4.611806	-88.08287	-1.540288	0	0	0	0	0	0	0	-0.6119757	-1.860814	6.247112	0	0	0
0	4.680229	-88.09819	-1.486264	0	0	0	0	0	0	0	16.35753	-1.421075	5.291183	0	0	0
0	4.680229	-88.09819	-1.486264	0	0	0	0	0	0	0	0.02747506	-0.002386919	0.008887376	0	0	0
0	4.680229	-88.09819	-1.486264	0	0	0	0	0	0	0	0.0004318492	-3.751727E-05	0.0001396906	0	0	0
0	4.678792	-88.11349	-1.434144	0	0	0	0	0	0	0	-0.0005673987	-0.006040416	0.02059128	0	0	0
0	4.67717	-88.07478	-1.375278	0	0	0	0	0	0	0	-0.03623787	4.841253	1.315001	0	0	0
0	4.67411	-88.05128	-1.264245	0	0	0	0	0	0	0	-0.2663606	4.146703	9.665702	0	0	0
0	4.672673	-88.06651	-1.2121	0	0	0	0	0	0	0	-0.01552226	-0.1337167	0.5632722	0	0	0
0	4.672486	-88.01252	-1.205316	0	0	0	0	0	0	0	-0.01276311	3.60697	0.4631481	0	0	0
0	4.672486	-88.01252	-1.205316	0	0	0	0	0	0	0	-5.589774E-05	0.01579721	0.002028419	0	0	0
0	4.672486	-88.01252	-1.205316	0	0	0	0	0	0	0	-2.448116E-07	6.918596E-05	8.883729E-06	0	0	0
0	4.672486	-88.01252	-1.205316	0	0	0	0	0	0	0	-7.289595E-09	2.060105E-06	2.64525E-07	0	0	0
0	4.672486	-88.01252	-1.205316	0	0	0	0	0	0	0	-2.275492E-11	6.559894E-09	8.257313E-10	0	0	0
0	4.672486	-88.01252	-1.205316	0	0	0	0	0	0	0	0	0	0	0	0	0
0	4.672486	-88.01252	-1.205316	0	0	0	0	0	0	0	0	0	0	0	0	0
0	4.672486	-88.01252	-1.205316	0	0	0	0	0	0	0	0	0	0	0	0	0
0	4.672486	-88.01252	-1.205316	0	0	0	0	0	0	0	0	0	0	0	0	0
0	4.672486	-88.01252	-1.205316	0	0	0	0	0	0	0	0	0	0	0	0	0
0	4.673923	-87.9973	-1.25746	0	0	0	0	0	0	0	0.3491526	3.699919	-12.67006	0	0	0
0	4.681106	-87.92091	-1.518091	0	0	0	0	0	0	0	0.5441051	5.809501	-19.7445	0	0	0
0	4.688283	-87.84398	-1.778565	0	0	0	0	0	0	0	0.3619071	3.893243	-13.13289	0	0	0
0	4.69134	-87.86704	-1.889495	0	0	0	0	0	0	0	0.3093834	-0.2496521	-11.22691	0	0	0
0	4.69421	-87.83604	-1.993615	0	0	0	0	0	0	0	0.03971983	0.4184292	-1.441354	0	0	0
0	4.624348	-87.89002	-2.002294	0	0	0	0	0	0	0	-4.600008	-0.073677	-0.135915	0	0	0
0	4.624531	-87.94402	-2.009034	0	0	0	0	0	0	0	-0.02179108	-4.840928	-0.6043968	0	0	0
0	4.624531	-87.94402	-2.009034	0	0	0	0	0	0	0	-0.0002488475	-0.05528192	-0.006902028	0	0	0
0	4.624531	-87.94402	-2.009034	0	0	0	0	0	0	0	-1.500092E-06	-0.0003332424	-4.160474E-05	0	0	0
0	4.623118	-87.95953	-1.956976	0	0	0	0	0	0	0	-0.2535708	-2.781562	9.341072	0	0	0
0	4.623118	-87.95953	-1.956976	0	0	0	0	0	0	0	-0.003985592	-0.04372022	0.1468217	0	0	0
0	4.623118	-87.95953	-1.956976	0	0	0	0	0	0	0	-1.745543E-05	-0.0001914782	0.0006430252	0	0	0
0	4.623118	-87.95953	-1.956976	0	0	0	0	0	0	0	-2.74362E-07	-3.009629E-06	1.010698E-05	0	0	0
0	4.623118	-87.95953	-1.956976	0	0	0	0	0	0	0	-8.730171E-10	-9.576606E-09	3.216031E-08	0	0	0
0	4.621705	-87.97502	-1.904912	0	0	0	0	0	0	0	-0.06816083	-0.7465797	2.510917	0	0	0
0	4.621705	-87.97502	-1.904912	0	0	0	0	0	0	0	-0.0002985194	-0.003269745	0.01099689	0	0	0
0	4.620291	-87.99049	-1.852842	0	0	0	0	0	0	0	-0.09848198	-1.077084	3.627891	0	0	0
0	4.620291	-87.99049	-1.852842	0	0	0	0	0	0	0	-0.0004313149	-0.004717233	0.01588883	0	0	0
0	4.620291	-87.99049	-1.852842	0	0	0	0	0	0	0	-6.779349E-06	-7.414482E-05	0.0002497385	0	0	0
0	4.550303	-87.99049	-1.854727	0	0	0	0	0	0	0	-8.864942	-3.247271E-07	-0.2369969	0	0	0
0	4.550303	-87.99049	-1.854727	0	0	0	0	0	0	0	-0.139338	-5.104016E-09	-0.003725085	0	0	0
0	4.4105	-88.04449	-1.865131	0	0	0	0	0	0	0	-4.815251	-7.230973	-1.023634	0	0	0
0	4.271988	-88.08301	-1.92747	0	0	0	0	0	0	0	-12.55813	-0.262831	-1.30797	0	0	0
0	4.133377	-88.12152	-1.989668	0	0	0	0	0	0	0	-14.39094	-12.57622	-2.651638	0	0	0
0	3.853197	-88.12152	-1.996236	0	0	0	0	0	0	0	-20.31117	-0.02907434	-0.4647572	0	0	0
0	3.714238	-88.106	-2.051412	0	0	0	0	0	0	0	-8.945025	0.03071049	-0.2982539	0	0	0
0	3.714238	-88.106	-2.051412	0	0	0	0	0	0	0	-0.1405967	0.0004827034	-0.004687914	0	0	0
0	3.714238	-88.106	-2.051412	0	0	0	0	0	0	0	-0.0004473772	1.535957E-06	-1.491689E-05	0	0	0
0	3.714238	-88.106	-2.051412	0	0	0	0	0	0	0	-7.031814E-06	2.419571E-08	-2.34455E-07	0	0	0
0	3.644311	-88.16	-2.059578	0	0	0	0	0	0	0	-4.707469	-2.615103	-0.4224636	0	0	0
0	3.436324	-88.18292	-2.174689	0	0	0	0	0	0	0	-15.89379	-3.298736	-14.41286	0	0	0
0	3.087602	-88.15175	-2.285486	0	0	0	0	0	0	0	-19.72171	2.644441	-9.436015	0	0	0
0	2.73844	-88.12048	-2.395544	0	0	0	0	0	0	0	-13.82077	3.930048	-13.29016	0	0	0
0	2.457594	-88.12048	-2.399817	0	0	0	0	0	0	0	-14.62571	0.009085683	-0.2407189	0	0	0
0	2.457594	-88.12048	-2.399817	0	0	0	0	0	0	0	-0.229885	0.0001428075	-0.003783587	0	0	0
0	2.457594	-88.12048	-2.399817	0	0	0	0	0	0	0	-0.0005314598	3.301603E-07	-8.747088E-06	0	0	0
0	2.457594	-88.12048	-2.399817	0	0	0	0	0	0	0	-1.228656E-06	7.632813E-10	-2.022196E-08	0	0	0
0	2.457594	-88.12048	-2.399817	0	0	0	0	0	0	0	0	0	0	0	0	0
0	2.457499	-88.06648	-2.393185	0	0	0	0	0	0	0	-0.002418278	1.365887	0.1680181	0	0	0
0	2.457499	-88.06648	-2.393185	0	0	0	0	0	0	0	-4.061879E-06	0.002294222	0.000282213	0	0	0
0	2.458152	-87.99682	-2.438558	0	0	0	0	0	0	0	0.1772472	4.437506	-12.31486	0	0	0
0	2.389191	-87.85744	-2.530216	0	0	0	0	0	0	0	0.09266221	11.77586	-6.627405	0	0	0
0	2.249255	-87.78772	-2.577411	0	0	0	0	0	0	0	-6.318118	1.563526	-1.846162	0	0	0
0	2.179547	-87.71798	-2.623582	0	0	0	0	0	0	0	-0.3575713	0.3644327	-0.7021483	0	0	0
0	2.17946	-87.66399	-2.616818	0	0	0	0	0	0	0	-0.001597412	0.2884803	0.03382437	0	0	0
0	2.179374	-87.61001	-2.610032	0	0	0	0	0	0	0	-0.01031966	6.428009	0.8093675	0	0	0
0	2.179287	-87.55602	-2.603223	0	0	0	0	0	0	0	-0.008213203	5.100075	0.6442809	0	0	0
0	2.179113	-87.44807	-2.58954	0	0	0	0	0	0	0	-0.006290303	3.880563	0.4934401	0	0	0
0	2.177257	-87.15573	-2.443952	0	0	0	0	0	0	0	-0.1152941	18.62158	9.044191	0	0	0
0	2.174818	-86.93303	-2.252635	0	0	0	0	0	0	0	-0.1630267	5.226615	12.78856	0	0	0
0	2.1734	-86.91034	-2.141443	0	0	0	0	0	0	0	-0.1614605	-3.528425	12.6657	0	0	0
0	2.243506	-86.91034	-2.140534	0	0	0	0	0	0	0	0.2688301	-0.01545321	0.059018	0	0	0
0	2.243506	-86.91034	-2.140534	0	0	0	0	0	0	0	0.0003280649	-1.885821E-05	7.202219E-05	0	0	0
0	2.314318	-86.89472	-2.191638	0	0	0	0	0	0	0	8.765827	2.080658	-6.809566	0	0	0
0	2.314318	-86.89472	-2.191638	0	0	0	0	0	0	0	0.02056441	0.01143081	-0.03778513	0	0	0
0	2.314318	-86.89472	-2.191638	0	0	0	0	0	0	0	3.454116E-05	1.919984E-05	-6.346608E-05	0	0	0
0	2.314318	-86.89472	-2.191638	0	0	0	0	0	0	0	3.944496E-07	2.192564E-07	-7.247634E-07	0	0	0
0	2.313612	-86.91034	-2.139597	0	0	0	0	0	0	0	-0.08702387	-1.923283	6.412773	0	0	0
0	2.2436	-86.96429	-2.147651	0	0	0	0	0	0	0	-0.1340945	-0.7263359	-0.0762383	0	0	0
0	2.2436	-86.96429	-2.147651	0	0	0	0	0	0	0	-0.001531319	-0.008294536	-0.0008706183	0	0	0
0	2.2436	-86.96429	-2.147651	0	0	0	0	0	0	0	-3.54018E-06	-1.917573E-05	-2.01274E-06	0	0	0
0	2.2436	-86.96429	-2.147651	0	0	0	0	0	0	0	-2.134037E-08	-1.155922E-07	-1.213289E-08	0	0	0
0	2.242915	-86.97988	-2.095604	0	0	0	0	0	0	0	-0.04516208	-1.027776	3.431997	0	0	0
0	2.242915	-86.97988	-2.095604	0	0	0	0	0	0	0	-0.000104408	-0.002376064	0.007934265	0	0	0
0	2.242915	-86.97988	-2.095604	0	0	0	0	0	0	0	-1.64107E-06	-3.734665E-05	0.0001247097	0	0	0
0	2.242915	-86.97988	-2.095604	0	0	0	0	0	0	0	-5.221869E-09	-1.188366E-07	3.968249E-07	0	0	0
0	2.243008	-87.03383	-2.102698	0	0	0	0	0	0	0	0.0004843721	-0.2803325	-0.03680884	0	0	0
0	2.242323	-87.04941	-2.050645	0	0	0	0	0	0	0	-0.06083182	-1.382683	4.622787	0	0	0
0	2.242323	-87.04941	-2.050645	0	0	0	0	0	0	0	-0.0001406341	-0.003196556	0.01068719	0	0	0
0	2.241046	-87.13445	-1.953592	0	0	0	0	0	0	0	-0.1278754	-3.103873	9.717621	0	0	0
0	2.309241	-87.34278	-1.817506	0	0	0	0	0	0	0	9.331162	-12.63631	7.039831	0	0	0
0	2.304147	-87.78959	-1.442179	0	0	0	0	0	0	0	-0.1286582	-15.02751	12.24739	0	0	0
0	2.373332	-87.85884	-1.395928	0	0	0	0	0	0	0	0.6590926	-0.9326417	1.417886	0	0	0
0	2.303533	-87.85884	-1.39689	0	0	0	0	0	0	0	-0.2585593	-0.004084628	0.002660674	0	0	0
0	2.303533	-87.85884	-1.39689	0	0	0	0	0	0	0	-0.0005977505	-9.44305E-06	6.15108E-06	0	0	0
0	2.303533	-87.85884	-1.39689	0	0	0	0	0	0	0	-9.39536E-06	-1.484246E-07	9.668184E-08	0	0	0
0	2.303533	-87.85884	-1.39689	0	0	0	0	0	0	0	-2.988626E-08	0	-4.055684E-10	0	0	0
0	2.303533	-87.85884	-1.39689	0	0	0	0	0	0	0	0	0	0	0	0	0
0	2.303533	-87.85884	-1.39689	0	0	0	0	0	0	0	0	0	0	0	0	0
0	2.303533	-87.85884	-1.39689	0	0	0	0	0	0	0	0	0	0	0	0	0
0	2.303533	-87.85884	-1.39689	0	0	0	0	0	0	0	0	0	0	0	0	0
0	2.303533	-87.85884	-1.39689	0	0	0	0	0	0	0	0	0	0	0	0	0
0	2.303533	-87.85884	-1.39689	0	0	0	0	0	0	0	0	0	0	0	0	0
0	2.303533	-87.85884	-1.39689	0	0	0	0	0	0	0	0	0	0	0	0	0
0	2.30424	-87.84357	-1.449031	0	0	0	0	0	0	0	0.0852266	1.841795	-6.280332	0	0	0
0	2.306362	-87.7976	-1.605417	0	0	0	0	0	0	0	0.1248536	2.710377	-9.200439	0	0	0
0	2.307777	-87.76685	-1.709643	0	0	0	0	0	0	0	0.1337925	2.913161	-9.859143	0	0	0
0	2.308484	-87.75144	-1.761746	0	0	0	0	0	0	0	0.01366617	0.2980097	-1.007057	0	0	0
0	2.308577	-87.80542	-1.768577	0	0	0	0	0	0	0	0.0008928932	-0.5107583	-0.06579714	0	0	0
0	2.307962	-87.87481	-1.723281	0	0	0	0	0	0	0	-0.0005244556	-0.2962471	0.03864704	0	0	0
0	2.307255	-87.8902	-1.671171	0	0	0	0	0	0	0	-1.212739E-06	-0.00068481	8.936654E-05	0	0	0
0	2.307255	-87.8902	-1.671171	0	0	0	0	0	0	0	-1.006197E-08	-5.681797E-06	7.414648E-07	0	0	0
0	2.307255	-87.8902	-1.671171	0	0	0	0	0	0	0	-8.348312E-11	-4.714127E-08	6.151856E-09	0	0	0
0	2.307255	-87.8902	-1.671171	0	0	0	0	0	0	0	0	0	0	0	0	0
0	2.376343	-87.85158	-1.611284	0	0	0	0	0	0	0	0.008541116	6.703856	0.8473356	0	0	0
0	2.376343	-87.85158	-1.611284	0	0	0	0	0	0	0	5.501974E-06	0.004318457	0.0005458325	0	0	0
0	2.376343	-87.85158	-1.611284	0	0	0	0	0	0	0	3.317567E-08	2.603206E-05	3.289624E-06	0	0	0
0	2.376343	-87.85158	-1.611284	0	0	0	0	0	0	0	-7.722895E-11	4.372496E-08	5.523584E-09	0	0	0
0	2.376343	-87.85158	-1.611284	0	0	0	0	0	0	0	0	0	0	0	0	0
0	2.376343	-87.85158	-1.611284	0	0	0	0	0	0	0	0	0	0	0	0	0
0	2.376343	-87.85158	-1.611284	0	0	0	0	0	0	0	0	0	0	0	0	0
0	2.377072	-87.83621	-1.6634	0	0	0	0	0	0	0	0.04994516	1.053927	-3.572188	0	0	0
0	2.3778	-87.82083	-1.71551	0	0	0	0	0	0	0	0.09879527	2.087876	-7.066055	0	0	0
0	2.379257	-87.78999	-1.81971	0	0	0	0	0	0	0	0.1479805	3.136708	-10.58389	0	0	0
0	2.38217	-87.72807	-2.028035	0	0	0	0	0	0	0	0.1272921	2.714332	-9.104211	0	0	0
0	2.385809	-87.65018	-2.288299	0	0	0	0	0	0	0	0.257151	5.524229	-18.392	0	0	0
0	2.319878	-87.55602	-2.601373	0	0	0	0	0	0	0	0.2020544	6.680933	-22.04869	0	0	0
0	2.324815	-87.44521	-2.965207	0	0	0	0	0	0	0	0.5230693	11.84778	-38.7001	0	0	0
0	2.189969	-87.35519	-3.441194	0	0	0	0	0	0	0	-12.03106	10.5013	-34.96162	0	0	0
0	2.051862	-87.32842	-3.709121	0	0	0	0	0	0	0	-18.87379	-3.496137	-12.00336	0	0	0
0	1.912663	-87.26345	-3.918152	0	0	0	0	0	0	0	-13.08466	1.55395	-5.451095	0	0	0
0	1.771662	-87.35513	-3.985008	0	0	0	0	0	0	0	-9.919718	-6.659673	-1.951115	0	0	0
0	1.700864	-87.40913	-3.992442	0	0	0	0	0	0	0	-4.876431	-3.699328	-0.5298853	0	0	0
0	1.630123	-87.51712	-4.006502	0	0	0	0	0	0	0	-0.5178474	-5.035615	-0.6265782	0	0	0
0	1.55931	-87.57112	-4.013812	0	0	0	0	0	0	0	-9.596422	-9.292034	-1.229997	0	0	0
0	1.488434	-87.57112	-4.014439	0	0	0	0	0	0	0	-2.608852	-0.05601282	-0.02941958	0	0	0
0	1.204566	-87.58742	-3.964818	0	0	0	0	0	0	0	-11.53186	-1.09942	3.418646	0	0	0
0	1.062854	-87.58742	-3.96575	0	0	0	0	0	0	0	-0.6068887	-0.001846649	0.002134199	0	0	0
0	1.062854	-87.58742	-3.96575	0	0	0	0	0	0	0	-0.0007406123	-2.253279E-06	2.604487E-06	0	0	0
0	1.062534	-87.6037	-3.913908	0	0	0	0	0	0	0	-0.00825302	-0.4196701	1.337747	0	0	0
0	1.062534	-87.6037	-3.913908	0	0	0	0	0	0	0	-1.907975E-05	-0.0009702146	0.003092672	0	0	0
0	1.062215	-87.61995	-3.862058	0	0	0	0	0	0	0	-0.0008448356	-0.04290792	0.1369694	0	0	0
0	1.062215	-87.61995	-3.862058	0	0	0	0	0	0	0	-9.647766E-06	-0.0004899953	0.001564149	0	0	0
0	1.061895	-87.63618	-3.810202	0	0	0	0	0	0	0	-0.001186063	-0.06015228	0.192291	0	0	0
0	1.061854	-87.58218	-3.803548	0	0	0	0	0	0	0	-0.005698041	7.46561	0.9237977	0	0	0
0	1.061854	-87.58218	-3.803548	0	0	0	0	0	0	0	-5.922174E-05	0.07770383	0.009601354	0	0	0
0	1.061854	-87.58218	-3.803548	0	0	0	0	0	0	0	-9.947226E-08	0.0001305158	1.612699E-05	0	0	0
0	1.061813	-87.52818	-3.796871	0	0	0	0	0	0	0	-0.002750718	3.600843	0.4459614	0	0	0
0	1.061813	-87.52818	-3.796871	0	0	0	0	0	0	0	-1.658145E-05	0.02170605	0.002688277	0	0	0
0	1.061813	-87.52818	-3.796871	0	0	0	0	0	0	0	-7.262068E-08	9.506453E-05	1.177366E-05	0	0	0
0	0.9910258	-87.52818	-3.797293	0	0	0	0	0	0	0	-0.1920966	3.024943E-07	-0.001105833	0	0	0
0	0.9910258	-87.52818	-3.797293	0	0	0	0	0	0	0	-0.003019348	4.754565E-09	-1.738134E-05	0	0	0
0	0.9910258	-87.52818	-3.797293	0	0	0	0	0	0	0	-1.322363E-05	0	-7.612645E-08	0	0	0
0	0.9907272	-87.5444	-3.74543	0	0	0	0	0	0	0	-0.0004208849	-0.02283587	0.07310499	0	0	0
0	0.9907272	-87.5444	-3.74543	0	0	0	0	0	0	0	-6.614931E-06	-0.0003589312	0.001149054	0	0	0
0	0.9906887	-87.4904	-3.738732	0	0	0	0	0	0	0	-0.008937912	12.49412	1.55257	0	0	0
0	0.9199259	-87.4904	-3.739125	0	0	0	0	0	0	0	-1.643986	0.1036624	0.004093761	0	0	0
0	0.7781044	-87.39861	-3.67449	0	0	0	0	0	0	0	-10.25733	6.746119	3.498668	0	0	0
0	0.6366065	-87.34462	-3.668307	0	0	0	0	0	0	0	-19.2484	5.341568	0.6576282	0	0	0
0	0.6359549	-87.23112	-3.492232	0	0	0	0	0	0	0	-0.1190734	7.060101	15.64405	0	0	0
0	0.6350846	-87.07952	-3.257064	0	0	0	0	0	0	0	-0.09634035	14.24672	25.77278	0	0	0
0	0.6320705	-87.04782	-2.442624	0	0	0	0	0	0	0	-0.2321376	-11.06393	62.72538	0	0	0
0	0.5601054	-87.14996	-1.915338	0	0	0	0	0	0	0	-1.937192	-12.84864	48.51212	0	0	0
0	0.4885924	-87.30392	-1.394442	0	0	0	0	0	0	0	-0.978229	-4.150797	14.16962	0	0	0
0	0.3488876	-87.3192	-1.34264	0	0	0	0	0	0	0	-9.683733	-2.166161	7.378712	0	0	0
0	0.2094613	-87.28862	-1.447155	0	0	0	0	0	0	0	0.0003285907	0.07856538	-0.2675206	0	0	0
0	0.209423	-87.46578	-1.416103	0	0	0	0	0	0	0	0.008312155	1.97415	-6.738143	0	0	0
0	0.2098988	-87.52012	-1.801838	0	0	0	0	0	0	0	0.01278569	-4.330378	-10.36456	0	0	0
0	0.2099886	-87.66659	-1.874624	0	0	0	0	0	0	0	0.0008971284	-3.948364	-0.7272457	0	0	0
0	0.2100223	-87.88251	-1.901904	0	0	0	0	0	0	0	0.001985462	-12.818	-1.60949	0	0	0
0	0.2100555	-88.09848	-1.928831	0	0	0	0	0	0	0	0.002626068	-17.18816	-2.128789	0	0	0
0	0.2102005	-88.17552	-2.046335	0	0	0	0	0	0	0	0.02153922	3.545836	-17.4605	0	0	0
0	0.2105216	-88.09774	-2.306656	0	0	0	0	0	0	0	0.02194758	5.33163	-17.79153	0	0	0
0	0.2108425	-88.01943	-2.566817	0	0	0	0	0	0	0	0.03483894	8.532065	-28.24175	0	0	0
0	0.2109708	-87.98796	-2.670837	0	0	0	0	0	0	0	0.001177448	0.289207	-0.9544835	0	0	0
0	0.14069	-87.97219	-2.72291	0	0	0	0	0	0	0	-0.03910986	0.009131195	-0.0301241	0	0	0
0	0.14069	-87.97219	-2.72291	0	0	0	0	0	0	0	-9.041616E-05	2.110996E-05	-6.964242E-05	0	0	0
0	0.1406472	-87.98796	-2.67091	0	0	0	0	0	0	0	-4.313526E-05	-0.01583648	0.05226587	0	0	0
0	0.1406472	-87.98796	-2.67091	0	0	0	0	0	0	0	-6.779942E-07	-0.0002489157	0.0008215078	0	0	0
0	0.1406472	-87.98796	-2.67091	0	0	0	0	0	0	0	-2.958908E-09	-1.090159E-06	3.597903E-06	0	0	0
0	0.1406472	-87.98796	-2.67091	0	0	0	0	0	0	0	-6.401237E-11	-2.358427E-08	7.783625E-08	0	0	0
0	0.1406418	-87.93396	-2.664255	0	0	0	0	0	0	0	-9.59174E-05	0.9448638	0.1166314	0	0	0
0	0.1406418	-87.93396	-2.664255	0	0	0	0	0	0	0	-5.781947E-07	0.005695684	0.0007030594	0	0	0
0	0.1406418	-87.93396	-2.664255	0	0	0	0	0	0	0	-6.602808E-09	6.504298E-05	8.028725E-06	0	0	0
0	0.2109626	-87.93396	-2.664183	0	0	0	0	0	0	0	0.369287	2.848644E-07	0.0004555866	0	0	0
0	0.2109626	-87.93396	-2.664183	0	0	0	0	0	0	0	0.004217145	3.253065E-09	5.202661E-06	0	0	0
0	0.2109544	-87.87996	-2.657506	0	0	0	0	0	0	0	-0.00100095	7.148575	0.8853615	0	0	0
0	0.2108902	-87.89571	-2.605499	0	0	0	0	0	0	0	-0.0005882047	-0.08825472	0.4770559	0	0	0
0	0.2108902	-87.89571	-2.605499	0	0	0	0	0	0	0	-9.245321E-06	-0.001387176	0.0074983	0	0	0
0	0.210882	-87.84171	-2.5988	0	0	0	0	0	0	0	-0.0001479458	0.9648421	0.1199304	0	0	0
0	0.2108737	-87.78772	-2.59208	0	0	0	0	0	0	0	-0.001946487	12.65554	1.577895	0	0	0
0	0.1405825	-87.78772	-2.592152	0	0	0	0	0	0	0	-0.1376803	0.05542663	0.00679738	0	0	0
0	0.1406197	-87.71798	-2.637416	0	0	0	0	0	0	0	0.003513546	3.467603	-6.904286	0	0	0
0	0.140748	-87.67062	-2.793398	0	0	0	0	0	0	0	0.008455122	3.135802	-10.28944	0	0	0
0	0.1410044	-87.57531	-3.105187	0	0	0	0	0	0	0	0.02460238	9.184261	-29.91544	0	0	0
0	0.1411325	-87.52737	-3.260994	0	0	0	0	0	0	0	0.008939991	3.35191	-10.87064	0	0	0
0	0.07065166	-87.46316	-3.468689	0	0	0	0	0	0	0	-0.9327623	3.324274	-10.71932	0	0	0
0	0	-87.39861	-3.67625	0	0	0	0	0	0	0	-3.522988	1.163045	-3.728681	0	0	0
0	-0.070737	-87.39861	-3.676235	0	0	0	0	0	0	0	-0.962988	0.005093709	-0.01593427	0	0	0
0	-0.141474	-87.39861	-3.676192	0	0	0	0	0	0	0	-0.4878948	1.177589E-05	0.0003634905	0	0	0
0	-0.2830332	-87.38242	-3.727887	0	0	0	0	0	0	0	-10.66737	2.157855	-6.890567	0	0	0
0	-0.4248055	-87.34997	-3.831316	0	0	0	0	0	0	0	-9.653289	2.671617	-8.504627	0	0	0
0	-0.6379997	-87.33881	-4.044764	0	0	0	0	0	0	0	-15.20883	4.240475	-15.15483	0	0	0
0	-0.8516875	-87.27333	-4.251098	0	0	0	0	0	0	0	-15.06937	4.313192	-13.54929	0	0	0
0	-1.065246	-87.24046	-4.353502	0	0	0	0	0	0	0	-9.051494	2.899373	-9.069465	0	0	0
0	-1.350924	-87.17448	-4.558604	0	0	0	0	0	0	0	-13.96603	5.645284	-17.55853	0	0	0
0	-1.564691	-87.15793	-4.608561	0	0	0	0	0	0	0	-13.49152	0.6695007	-1.970317	0	0	0
0	-1.707952	-87.12476	-4.710703	0	0	0	0	0	0	0	-4.155628	0.9386357	-2.884284	0	0	0
0	-1.923884	-87.16618	-4.928776	0	0	0	0	0	0	0	-7.751631	-5.171125	-18.68442	0	0	0
0	-2.214583	-87.30203	-5.371987	0	0	0	0	0	0	0	-16.5862	-12.47714	-41.25344	0	0	0
0	-2.870527	-87.65828	-6.15605	0	0	0	0	0	0	0	-36.42331	-27.45563	-46.34055	0	0	0
0	-3.458646	-87.8119	-6.859029	0	0	0	0	0	0	0	-44.28601	-6.621562	-51.5947	0	0	0
0	-4.197114	-87.89033	-7.599671	0	0	0	0	0	0	0	-40.81445	0.2940466	-45.20217	0	0	0
0	-4.643677	-87.83819	-8.062698	0	0	0	0	0	0	0	-38.76319	11.92416	-41.32626	0	0	0
0	-5.23478	-87.76643	-8.41125	0	0	0	0	0	0	0	-33.12239	3.810786	-11.95706	0	0	0
0	-5.530312	-87.71218	-8.55605	0	0	0	0	0	0	0	-20.62747	2.153495	-5.494543	0	0	0
0	-5.816025	-87.71235	-8.387083	0	0	0	0	0	0	0	-13.68605	-5.2562	16.54906	0	0	0
0	-5.875037	-87.85608	-7.974648	0	0	0	0	0	0	0	-0.4409212	-8.745228	25.1461	0	0	0
0	-5.930231	-88.03387	-7.459034	0	0	0	0	0	0	0	-3.568108	-11.71282	34.1924	0	0	0
0	-5.915034	-88.30025	-7.008511	0	0	0	0	0	0	0	0.6901911	-22.53176	23.48196	0	0	0
0	-5.897678	-88.47405	-6.493968	0	0	0	0	0	0	0	0.3314983	-3.346846	9.83726	0	0	0
0	-5.897477	-88.41998	-6.487999	0	0	0	0	0	0	0	0.05414029	12.52297	1.605263	0	0	0
0	-5.897275	-88.3659	-6.48201	0	0	0	0	0	0	0	0.005245592	1.395124	0.1555127	0	0	0
0	-5.96896	-88.31182	-6.473558	0	0	0	0	0	0	0	-1.291867	3.535351	0.4383321	0	0	0
0	-5.89319	-88.23818	-6.360915	0	0	0	0	0	0	0	9.897778	8.58897	20.2555	0	0	0
0	-5.871501	-88.22721	-5.717923	0	0	0	0	0	0	0	1.131543	8.109413	32.91677	0	0	0
0	-5.775011	-88.24667	-4.972619	0	0	0	0	0	0	0	5.383927	9.345295	21.65254	0	0	0
0	-5.757571	-88.35843	-4.449186	0	0	0	0	0	0	0	0.5008177	0.5691853	14.79647	0	0	0
0	-5.757571	-88.35843	-4.449186	0	0	0	0	0	0	0	0.005719186	0.006499923	0.1689712	0	0	0
0	-5.757152	-88.25034	-4.436611	0	0	0	0	0	0	0	0.0198967	5.108371	0.5971383	0	0	0
0	-5.756941	-88.1963	-4.43029	0	0	0	0	0	0	0	0.0008065708	0.2066005	0.02420722	0	0	0
0	-5.756941	-88.1963	-4.43029	0	0	0	0	0	0	0	1.267757E-05	0.003247319	0.0003804858	0	0	0
0	-5.753492	-88.22921	-4.326774	0	0	0	0	0	0	0	0.3730184	-3.554119	11.19522	0	0	0
0	-5.715282	-88.5316	-3.179997	0	0	0	0	0	0	0	0.4306388	-3.975897	12.92455	0	0	0
0	-5.701226	-88.60464	-2.758144	0	0	0	0	0	0	0	0.01574734	-0.1437025	0.4726172	0	0	0
0	-5.699495	-88.62042	-2.706179	0	0	0	0	0	0	0	0.08381747	-0.7637576	2.515573	0	0	0
0	-5.69755	-88.58216	-2.647821	0	0	0	0	0	0	0	0.06377929	4.393159	1.914177	0	0	0
0	-5.623815	-88.61363	-2.546185	0	0	0	0	0	0	0	3.682261	-2.061555	6.778533	0	0	0
0	-5.623815	-88.61363	-2.546185	0	0	0	0	0	0	0	0.07966125	-0.04459924	0.1466453	0	0	0
0	-5.623603	-88.5596	-2.539777	0	0	0	0	0	0	0	0.0005553394	0.0770607	0.009639744	0	0	0
0	-5.623392	-88.50557	-2.533346	0	0	0	0	0	0	0	0.007489717	1.907836	0.2274834	0	0	0
0	-5.552915	-88.45155	-2.529191	0	0	0	0	0	0	0	1.784927	12.72775	1.466449	0	0	0
0	-5.552915	-88.45155	-2.529191	0	0	0	0	0	0	0	0.03861472	0.2753494	0.03172485	0	0	0
0	-5.552493	-88.3435	-2.516219	0	0	0	0	0	0	0	0.01142217	2.88705	0.3478134	0	0	0
0	-5.552281	-88.28948	-2.5097	0	0	0	0	0	0	0	0.01886211	4.800795	0.5803619	0	0	0
0	-5.553971	-88.27376	-2.561686	0	0	0	0	0	0	0	-0.005950366	0.06150284	-0.18311	0	0	0
0	-5.483482	-88.21974	-2.557414	0	0	0	0	0	0	0	0.3543494	0.2075269	0.01299518	0	0	0
0	-5.41608	-88.08021	-2.650461	0	0	0	0	0	0	0	11.46945	9.748067	-13.78432	0	0	0
0	-5.348392	-87.8866	-2.736716	0	0	0	0	0	0	0	15.86343	10.56865	-6.375393	0	0	0
0	-5.279231	-87.76276	-2.777488	0	0	0	0	0	0	0	4.461335	5.45022	-7.174477	0	0	0
0	-5.067727	-87.65479	-2.770413	0	0	0	0	0	0	0	19.58422	2.057498	-0.4021166	0	0	0
0	-4.714275	-87.61662	-2.721747	0	0	0	0	0	0	0	22.62274	-0.1290653	0.08172187	0	0	0
0	-4.573585	-87.61662	-2.725566	0	0	0	0	0	0	0	11.39387	-0.002792171	-0.2893526	0	0	0
0	-4.289586	-87.64822	-2.628908	0	0	0	0	0	0	0	13.35551	-1.530193	4.709308	0	0	0
0	-4.077424	-87.66399	-2.582084	0	0	0	0	0	0	0	15.7495	-3.814035	12.21553	0	0	0
0	-3.584308	-87.67974	-2.541117	0	0	0	0	0	0	0	24.24149	-0.5636722	1.355013	0	0	0
0	-3.231837	-87.64148	-2.489336	0	0	0	0	0	0	0	23.9182	-0.1671744	1.366958	0	0	0
0	-2.808511	-87.61888	-2.38595	0	0	0	0	0	0	0	28.88519	-1.025755	3.649747	0	0	0
0	-2.243241	-87.58902	-2.120379	0	0	0	0	0	0	0	29.27791	-2.463959	9.430925	0	0	0
0	-1.819867	-87.66659	-1.865026	0	0	0	0	0	0	0	26.66547	-1.640273	5.26022	0	0	0
0	-1.467203	-87.75896	-1.55575	0	0	0	0	0	0	0	11.63235	-1.435609	4.780806	0	0	0
0	-1.326657	-87.78959	-1.45263	0	0	0	0	0	0	0	2.182192	-2.241417	7.626892	0	0	0
0	-1.325842	-87.82012	-1.348335	0	0	0	0	0	0	0	0.08292102	-2.196482	7.512721	0	0	0
0	-1.670104	-87.9565	-0.8756258	0	0	0	0	0	0	0	-4.418663	-2.27207	7.92285	0	0	0
0	-1.66952	-87.91756	-0.8165399	0	0	0	0	0	0	0	-0.01285808	-0.2070192	1.442859	0	0	0
0	-1.667254	-87.81563	-0.5868777	0	0	0	0	0	0	0	0.02419471	1.616835	2.457902	0	0	0
0	-1.73604	-87.72265	-0.5199889	0	0	0	0	0	0	0	-1.619264	1.617187	9.743041	0	0	0
0	-1.804695	-87.5757	-0.4459273	0	0	0	0	0	0	0	-1.206879	12.31713	4.159843	0	0	0
0	-1.874025	-87.52175	-0.4380983	0	0	0	0	0	0	0	-0.3551783	0.4073415	0.06053043	0	0	0
0	-1.943349	-87.4678	-0.4302187	0	0	0	0	0	0	0	-16.47593	0.5284935	0.2593358	0	0	0
0	-1.942747	-87.4827	-0.3779657	0	0	0	0	0	0	0	-0.3353699	-0.5070448	1.825682	0	0	0
0	-1.942747	-87.4827	-0.3779657	0	0	0	0	0	0	0	-0.001067144	-0.001613411	0.0058093	0	0	0
0	-2.012127	-87.4827	-0.3771526	0	0	0	0	0	0	0	-8.306728	-3.490419E-05	0.09918591	0	0	0
0	-2.149464	-87.45849	-0.2638014	0	0	0	0	0	0	0	-13.54528	-0.06264749	0.6784634	0	0	0
0	-2.357464	-87.45849	-0.2610216	0	0	0	0	0	0	0	-18.66652	-0.0001448316	0.2621586	0	0	0
0	-2.426797	-87.45849	-0.2600379	0	0	0	0	0	0	0	-2.667271	-2.276444E-06	0.0384083	0	0	0
0	-2.496129	-87.45849	-0.2590258	0	0	0	0	0	0	0	-0.2578113	-9.969988E-09	0.003816781	0	0	0
0	-2.496129	-87.45849	-0.2590258	0	0	0	0	0	0	0	-0.004052242	0	5.999038E-05	0	0	0
0	-2.496129	-87.45849	-0.2590258	0	0	0	0	0	0	0	-1.289419E-05	0	1.908887E-07	0	0	0
0	-2.566256	-87.44363	-0.3102477	0	0	0	0	0	0	0	-0.1555808	0.379969	-1.33379	0	0	0
0	-2.569435	-87.384	-0.5192375	0	0	0	0	0	0	0	-0.2144946	4.030349	-14.08213	0	0	0
0	-2.711663	-87.32404	-0.7259569	0	0	0	0	0	0	0	-9.387512	3.92402	-13.47938	0	0	0
0	-2.993446	-87.26373	-0.9300539	0	0	0	0	0	0	0	-16.88023	0.8889285	-2.770424	0	0	0
0	-3.41739	-87.17262	-1.235132	0	0	0	0	0	0	0	-29.85582	2.190408	-6.892244	0	0	0
0	-3.772994	-87.08075	-1.54049	0	0	0	0	0	0	0	-27.10007	7.226811	-23.9012	0	0	0
0	-4.269829	-86.98812	-1.841421	0	0	0	0	0	0	0	-31.91703	4.869982	-15.56488	0	0	0
0	-4.841479	-86.86342	-2.242724	0	0	0	0	0	0	0	-31.04386	6.039052	-19.1757	0	0	0
0	-5.203499	-86.80714	-2.603402	0	0	0	0	0	0	0	-26.94333	-5.897747	-23.08657	0	0	0
0	-5.70766	-86.69588	-2.951246	0	0	0	0	0	0	0	-30.54305	5.510853	-17.10427	0	0	0
0	-6.139561	-86.61577	-3.19609	0	0	0	0	0	0	0	-19.54997	2.617018	-7.756638	0	0	0
0	-6.355278	-86.63752	-3.299204	0	0	0	0	0	0	0	-15.31529	0.2994388	-1.618141	0	0	0
0	-6.425859	-86.63752	-3.296576	0	0	0	0	0	0	0	-0.1868252	0.000952811	4.074836E-05	0	0	0
0	-6.425859	-86.63752	-3.296576	0	0	0	0	0	0	0	-0.000431912	2.202757E-06	9.420413E-08	0	0	0
0	-6.423918	-86.65363	-3.244716	0	0	0	0	0	0	0	0.09567236	-0.7931776	2.555767	0	0	0
0	-6.423918	-86.65363	-3.244716	0	0	0	0	0	0	0	0.0003044285	-0.002523883	0.008132423	0	0	0
0	-6.420034	-86.68578	-3.140976	0	0	0	0	0	0	0	0.04523212	-0.3738933	1.208234	0	0	0
0	-6.410321	-86.76578	-2.881512	0	0	0	0	0	0	0	0.445197	-3.653495	11.89203	0	0	0
0	-6.402546	-86.8294	-2.673824	0	0	0	0	0	0	0	0.6434538	-5.249821	17.18784	0	0	0
0	-6.38893	-86.93993	-2.310121	0	0	0	0	0	0	0	0.9706397	-7.838438	25.92758	0	0	0
0	-6.373355	-87.06496	-1.894077	0	0	0	0	0	0	0	1.411031	-11.26079	37.69124	0	0	0
0	-6.431539	-87.15785	-1.579148	0	0	0	0	0	0	0	-5.655975	-6.181166	21.11883	0	0	0
0	-6.415766	-87.28051	-1.162404	0	0	0	0	0	0	0	0.1412225	-1.309314	4.476415	0	0	0
0	-6.401952	-87.38673	-0.7974275	0	0	0	0	0	0	0	0.3218445	-2.461975	8.505244	0	0	0
0	-6.402219	-87.44067	-0.8044955	0	0	0	0	0	0	0	0.002321173	-0.3016437	0.06134787	0	0	0
0	-6.400245	-87.45576	-0.7523313	0	0	0	0	0	0	0	0.003718655	-0.02964026	0.09825151	0	0	0
0	-6.392345	-87.5159	-0.5436132	0	0	0	0	0	0	0	0.4910751	-3.727112	12.97481	0	0	0
0	-6.37258	-87.66476	-0.02139184	0	0	0	0	0	0	0	0.6424848	-4.801424	16.97524	0	0	0
0	-6.350812	-87.82604	0.5537465	0	0	0	0	0	0	0	0.4943428	-3.631141	13.06114	0	0	0
0	-6.340909	-87.89851	0.8154106	0	0	0	0	0	0	0	0.773021	-5.633309	20.42417	0	0	0
0	-6.332982	-87.95609	1.024848	0	0	0	0	0	0	0	0.02328204	-0.1685863	0.61514	0	0	0
0	-6.330732	-87.91648	1.08429	0	0	0	0	0	0	0	0.002572517	0.1926895	0.06796905	0	0	0
0	-6.330732	-87.91648	1.08429	0	0	0	0	0	0	0	5.565327E-05	0.004168603	0.001470428	0	0	0
0	-6.330732	-87.91648	1.08429	0	0	0	0	0	0	0	1.770881E-07	1.326445E-05	4.678885E-06	0	0	0
0	-6.330732	-87.91648	1.08429	0	0	0	0	0	0	0	2.974475E-10	2.227974E-08	7.858927E-09	0	0	0
0	-6.330732	-87.91648	1.08429	0	0	0	0	0	0	0	0	0	0	0	0	0
0	-6.330732	-87.91648	1.08429	0	0	0	0	0	0	0	0	0	0	0	0	0
0	-6.330732	-87.91648	1.08429	0	0	0	0	0	0	0	0	0	0	0	0	0
0	-6.32875	-87.9308	1.136669	0	0	0	0	0	0	0	0.06976038	-0.5035225	1.843155	0	0	0
0	-6.324784	-87.95938	1.241446	0	0	0	0	0	0	0	0.3477565	-2.502017	9.188155	0	0	0
0	-6.322801	-87.97363	1.293844	0	0	0	0	0	0	0	0.2472022	-1.775695	6.531386	0	0	0
0	-6.322801	-87.97363	1.293844	0	0	0	0	0	0	0	0.0003016714	-0.002166956	0.00797053	0	0	0
0	-6.322801	-87.97363	1.293844	0	0	0	0	0	0	0	9.599154E-07	-6.895233E-06	2.536214E-05	0	0	0
0	-6.322801	-87.97363	1.293844	0	0	0	0	0	0	0	1.508782E-08	-1.083783E-07	3.986387E-07	0	0	0
0	-6.322801	-87.97363	1.293844	0	0	0	0	0	0	0	0	0	0	0	0	0
0	-6.322801	-87.97363	1.293844	0	0	0	0	0	0	0	0	0	0	0	0	0
0	-6.322801	-87.97363	1.293844	0	0	0	0	0	0	0	0	0	0	0	0	0
0	-6.320817	-87.98787	1.346247	0	0	0	0	0	0	0	0.4822696	-3.458644	12.74215	0	0	0
0	-6.308375	-87.96494	1.674988	0	0	0	0	0	0	0	0.5961418	3.849406	15.7508	0	0	0
0	-6.296192	-87.9952	1.996868	0	0	0	0	0	0	0	0.6922167	-2.035673	18.28922	0	0	0
0	-6.275506	-87.97201	2.543433	0	0	0	0	0	0	0	0.8915731	6.475442	23.55645	0	0	0
0	-6.257056	-87.98707	3.030906	0	0	0	0	0	0	0	0.5304876	0.8657085	14.01613	0	0	0
0	-6.238031	-87.89258	3.533556	0	0	0	0	0	0	0	0.6196905	2.853944	16.37299	0	0	0
0	-6.228943	-87.73026	3.773669	0	0	0	0	0	0	0	0.714187	9.361922	18.8697	0	0	0
0	-6.209868	-87.63335	4.277657	0	0	0	0	0	0	0	0.6621818	7.510789	17.49566	0	0	0
0	-6.256003	-87.54765	4.837738	0	0	0	0	0	0	0	-8.61079	1.976154	16.56217	0	0	0
0	-6.237247	-87.55489	5.327981	0	0	0	0	0	0	0	0.7044203	-2.462296	30.79586	0	0	0
0	-6.232619	-87.47247	5.448935	0	0	0	0	0	0	0	0.451315	6.454856	12.06368	0	0	0
0	-6.291135	-87.46899	5.670493	0	0	0	0	0	0	0	-4.342588	4.641223	1.727818	0	0	0
0	-6.290836	-87.41513	5.67822	0	0	0	0	0	0	0	-0.05361078	2.707908	0.4057819	0	0	0
0	-6.290536	-87.36127	5.685969	0	0	0	0	0	0	0	0.04092915	7.398789	1.066216	0	0	0
0	-6.357423	-87.36127	5.68857	0	0	0	0	0	0	0	-15.62503	0.3800196	0.6655291	0	0	0
0	-6.357423	-87.36127	5.68857	0	0	0	0	0	0	0	-0.04971869	0.001209219	0.002117706	0	0	0
0	-6.357423	-87.36127	5.68857	0	0	0	0	0	0	0	-0.0007814717	1.900635E-05	3.328576E-05	0	0	0
0	-6.424309	-87.36127	5.691198	0	0	0	0	0	0	0	-1.65018	8.324082E-08	0.0651749	0	0	0
0	-6.424309	-87.36127	5.691198	0	0	0	0	0	0	0	-0.003814971	0	0.0001506746	0	0	0
0	-6.426395	-87.34872	5.638373	0	0	0	0	0	0	0	-0.05281081	0.3179919	-1.336026	0	0	0
0	-6.426395	-87.34872	5.638373	0	0	0	0	0	0	0	-0.0001680434	0.001011847	-0.004251221	0	0	0
0	-6.428481	-87.33614	5.585553	0	0	0	0	0	0	0	-0.002773157	0.01674217	-0.07021431	0	0	0
0	-6.428481	-87.33614	5.585553	0	0	0	0	0	0	0	-6.411125E-06	3.870541E-05	-0.000162325	0	0	0
0	-6.428481	-87.33614	5.585553	0	0	0	0	0	0	0	-1.07685E-08	6.501183E-08	-2.726505E-07	0	0	0
0	-6.434739	-87.29826	5.427123	0	0	0	0	0	0	0	-0.2060501	1.250718	-5.217038	0	0	0
0	-6.505946	-87.2729	5.324191	0	0	0	0	0	0	0	-8.219645	0.4550105	-1.566107	0	0	0
0	-6.508052	-87.26019	5.271402	0	0	0	0	0	0	0	-0.02307044	0.02558619	-0.1053997	0	0	0
0	-6.510159	-87.24744	5.218619	0	0	0	0	0	0	0	-0.02878292	0.172854	-0.7158418	0	0	0
0	-6.512265	-87.2347	5.165841	0	0	0	0	0	0	0	-0.1866104	1.131129	-4.676055	0	0	0
0	-6.512265	-87.2347	5.165841	0	0	0	0	0	0	0	-0.0004314132	0.002615002	-0.01081034	0	0	0
0	-6.512265	-87.2347	5.165841	0	0	0	0	0	0	0	-4.926608E-06	2.986253E-05	-0.0001234508	0	0	0
0	-6.512265	-87.2347	5.165841	0	0	0	0	0	0	0	-2.157674E-08	1.307869E-07	-5.406692E-07	0	0	0
0	-6.512265	-87.2347	5.165841	0	0	0	0	0	0	0	-3.391402E-10	2.055691E-09	-8.498166E-09	0	0	0
0	-6.516477	-87.20911	5.0603	0	0	0	0	0	0	0	-0.2221838	1.351569	-5.567476	0	0	0
0	-6.529107	-87.13187	4.743805	0	0	0	0	0	0	0	-0.7861173	4.833107	-19.69851	0	0	0
0	-6.537523	-87.07995	4.532913	0	0	0	0	0	0	0	-0.8740156	5.411401	-21.90106	0	0	0
0	-6.550141	-87.00141	4.216734	0	0	0	0	0	0	0	-0.4275801	2.675161	-10.71429	0	0	0
0	-6.554346	-86.97507	4.111384	0	0	0	0	0	0	0	-0.1349041	0.8469588	-3.380423	0	0	0
0	-6.562752	-86.92211	3.900749	0	0	0	0	0	0	0	-0.6354765	4.017282	-15.92375	0	0	0
0	-6.564853	-86.90881	3.848103	0	0	0	0	0	0	0	-0.2742072	1.736431	-6.871076	0	0	0
0	-6.571463	-86.92266	3.682451	0	0	0	0	0	0	0	-0.3676535	2.260948	-9.212651	0	0	0
0	-6.651901	-86.84207	3.369512	0	0	0	0	0	0	0	-3.174886	4.887097	-18.94715	0	0	0
0	-6.724024	-86.81503	3.267088	0	0	0	0	0	0	0	-1.813469	3.305119	-12.78275	0	0	0
0	-6.864155	-86.78791	3.167527	0	0	0	0	0	0	0	-9.701949	1.900589	-6.965311	0	0	0
0	-6.866339	-86.77431	3.114962	0	0	0	0	0	0	0	-0.2494269	0.2870308	-1.100566	0	0	0
0	-6.936813	-86.81456	3.057514	0	0	0	0	0	0	0	-0.35302	-0.3541543	-0.1509701	0	0	0
0	-6.935253	-86.9359	3.094687	0	0	0	0	0	0	0	0.1171835	-6.111515	2.818563	0	0	0
0	-6.933689	-87.05723	3.131952	0	0	0	0	0	0	0	0.2951735	-4.60944	7.033545	0	0	0
0	-7.001626	-87.05723	3.134817	0	0	0	0	0	0	0	-8.327437	-0.1138527	0.6241754	0	0	0
0	-7.001626	-87.05723	3.134817	0	0	0	0	0	0	0	-0.03647112	-0.0004986331	0.002733659	0	0	0
0	-7.001626	-87.05723	3.134817	0	0	0	0	0	0	0	-0.0007890083	-1.078732E-05	5.913938E-05	0	0	0
0	-7.004176	-87.09751	3.074638	0	0	0	0	0	0	0	-0.0596192	-0.03767653	-1.406756	0	0	0
0	-6.940945	-87.12414	2.959065	0	0	0	0	0	0	0	0.02201707	0.5787812	-2.659756	0	0	0
0	-6.875119	-87.11048	2.903676	0	0	0	0	0	0	0	8.351878	0.0774966	-0.6503602	0	0	0
0	-6.875119	-87.11048	2.903676	0	0	0	0	0	0	0	0.03657816	0.0003394067	-0.002848339	0	0	0
0	-6.870751	-87.13777	3.008779	0	0	0	0	0	0	0	0.3052315	-1.903733	7.343205	0	0	0
0	-6.791948	-87.20564	3.268826	0	0	0	0	0	0	0	1.327525	-5.266375	20.46609	0	0	0
0	-6.785456	-87.24609	3.426607	0	0	0	0	0	0	0	0.1363754	-0.8346009	3.263033	0	0	0
0	-6.783604	-87.31342	3.471639	0	0	0	0	0	0	0	0.00720462	-3.780531	0.174992	0	0	0
0	-6.790096	-87.27302	3.313842	0	0	0	0	0	0	0	-0.7127384	4.387096	-17.32341	0	0	0
0	-6.673444	-87.15068	2.835202	0	0	0	0	0	0	0	3.759399	6.845355	-26.46836	0	0	0
0	-6.555991	-87.0266	2.357095	0	0	0	0	0	0	0	4.881773	13.57292	-51.59644	0	0	0
0	-6.300832	-86.90079	1.874289	0	0	0	0	0	0	0	10.57168	6.545805	-24.82593	0	0	0
0	-6.240229	-86.84432	1.66197	0	0	0	0	0	0	0	2.567349	7.694325	-28.62128	0	0	0
0	-6.240229	-86.84432	1.66197	0	0	0	0	0	0	0	0.009648335	0.04521184	-0.167975	0	0	0
0	-6.240229	-86.84432	1.66197	0	0	0	0	0	0	0	0.0002872922	0.001346244	-0.005001683	0	0	0
0	-6.236868	-86.98037	1.751748	0	0	0	0	0	0	0	0.3271947	-4.503971	8.739944	0	0	0
0	-6.236868	-86.98037	1.751748	0	0	0	0	0	0	0	0.007078459	-0.09743794	0.1890781	0	0	0
0	-6.234905	-86.99448	1.804187	0	0	0	0	0	0	0	0.007207877	-0.05190245	0.1925357	0	0	0
0	-6.232941	-87.00857	1.856631	0	0	0	0	0	0	0	0.0001559507	-0.001121148	0.004165732	0	0	0
0	-6.232941	-87.00857	1.856631	0	0	0	0	0	0	0	4.962336E-07	-3.56748E-06	1.325531E-05	0	0	0
0	-6.232941	-87.00857	1.856631	0	0	0	0	0	0	0	7.800538E-09	-5.591876E-08	2.083668E-07	0	0	0
0	-6.232941	-87.00857	1.856631	0	0	0	0	0	0	0	0	0	0	0	0	0
0	-6.232941	-87.00857	1.856631	0	0	0	0	0	0	0	0	0	0	0	0	0
0	-6.50678	-87.00857	1.867108	0	0	0	0	0	0	0	-2.726478	0	0.1065611	0	0	0
0	-6.645786	-86.99448	1.820076	0	0	0	0	0	0	0	-3.51082	0.4984268	-1.716906	0	0	0
0	-6.714262	-86.99448	1.822823	0	0	0	0	0	0	0	-1.782973	0.007834205	0.04269949	0	0	0
0	-6.784873	-86.98037	1.773166	0	0	0	0	0	0	0	-0.2914798	0.6783284	-2.511389	0	0	0
0	-6.855525	-86.96625	1.723545	0	0	0	0	0	0	0	-8.497833	0.3754405	-1.044704	0	0	0
0	-6.855525	-86.96625	1.723545	0	0	0	0	0	0	0	-0.07050563	0.003114991	-0.008667798	0	0	0
0	-6.855525	-86.96625	1.723545	0	0	0	0	0	0	0	-0.0001184253	5.232118E-06	-1.455893E-05	0	0	0
0	-6.855525	-86.96625	1.723545	0	0	0	0	0	0	0	-1.861393E-06	8.223773E-08	-2.288353E-07	0	0	0
0	-6.855525	-86.96625	1.723545	0	0	0	0	0	0	0	-5.883017E-09	0	2.420454E-10	0	0	0
0	-6.857682	-86.9521	1.671126	0	0	0	0	0	0	0	-0.1895971	1.24494	-4.608237	0	0	0
0	-6.937108	-86.88103	1.411954	0	0	0	0	0	0	0	-10.86262	7.998652	-28.96844	0	0	0
0	-7.08771	-86.79504	1.103512	0	0	0	0	0	0	0	-6.074419	5.951892	-21.42559	0	0	0
0	-7.374307	-86.72279	0.8537391	0	0	0	0	0	0	0	-18.86219	4.14386	-14.14738	0	0	0
0	-7.735532	-86.62075	0.503217	0	0	0	0	0	0	0	-16.53789	5.641357	-19.40634	0	0	0
0	-8.024425	-86.60111	0.2474063	0	0	0	0	0	0	0	-15.55348	-4.153624	-10.15827	0	0	0
0	-8.244575	-86.52706	-0.003657636	0	0	0	0	0	0	0	-11.53969	4.671575	-16.09134	0	0	0
0	-8.463106	-86.52132	-0.2095918	0	0	0	0	0	0	0	-22.37127	0.9657061	-11.61353	0	0	0
0	-8.682534	-86.56915	-0.4225606	0	0	0	0	0	0	0	-17.94819	-10.51888	-17.05152	0	0	0
0	-8.902101	-86.56274	-0.6276656	0	0	0	0	0	0	0	-19.89071	-6.515685	-10.75304	0	0	0
0	-9.049429	-86.51728	-0.7766129	0	0	0	0	0	0	0	-10.74739	1.459916	-4.985716	0	0	0
0	-9.191748	-86.55599	-0.8285996	0	0	0	0	0	0	0	-3.809472	-6.058543	-2.554004	0	0	0
0	-9.330876	-86.55599	-0.8209832	0	0	0	0	0	0	0	-7.138008	-0.1310692	0.3339743	0	0	0
0	-9.540388	-86.66381	-0.8240609	0	0	0	0	0	0	0	-18.42816	-1.52479	0.8309451	0	0	0
0	-9.540388	-86.66381	-0.8240609	0	0	0	0	0	0	0	-0.2896514	-0.02396644	0.01306068	0	0	0
0	-9.540388	-86.66381	-0.8240609	0	0	0	0	0	0	0	-0.001268567	-0.0001049642	5.720099E-05	0	0	0
0	-9.540388	-86.66381	-0.8240609	0	0	0	0	0	0	0	-2.932735E-06	-2.426674E-07	1.322604E-07	0	0	0
0	-9.540388	-86.66381	-0.8240609	0	0	0	0	0	0	0	-8.732615E-08	-7.22575E-09	3.938232E-09	0	0	0
0	-9.540388	-86.66381	-0.8240609	0	0	0	0	0	0	0	0	0	0	0	0	0
0	-9.610368	-86.71772	-0.8274489	0	0	0	0	0	0	0	-2.450896	-0.7285888	0.04006347	0	0	0
0	-9.607823	-86.78683	-0.7826656	0	0	0	0	0	0	0	0.03840027	-0.9685075	0.8650677	0	0	0
0	-9.59385	-86.97033	-0.5366804	0	0	0	0	0	0	0	0.758512	-5.474532	13.35301	0	0	0
0	-9.579453	-87.09937	-0.2832384	0	0	0	0	0	0	0	1.178062	-6.71363	20.73819	0	0	0
0	-9.553186	-87.28718	0.1791521	0	0	0	0	0	0	0	0.9327772	-5.17732	16.42027	0	0	0
0	-9.533235	-87.49798	0.5303731	0	0	0	0	0	0	0	1.321791	-13.71558	23.26833	0	0	0
0	-9.506915	-87.68272	0.993691	0	0	0	0	0	0	0	1.152154	-7.593739	20.2821	0	0	0
0	-9.480163	-87.81181	1.464634	0	0	0	0	0	0	0	0.5642669	-2.705388	9.93315	0	0	0
0	-9.474214	-87.84026	1.569352	0	0	0	0	0	0	0	0.632217	-3.01877	11.12932	0	0	0
0	-9.45636	-87.92509	1.883645	0	0	0	0	0	0	0	0.1615922	-0.7640951	2.84461	0	0	0
0	-9.453383	-87.93916	1.936047	0	0	0	0	0	0	0	0.2752992	-1.299643	4.846269	0	0	0
0	-9.447429	-87.96722	2.040869	0	0	0	0	0	0	0	0.4520422	-2.127059	7.957588	0	0	0
0	-9.44445	-87.98122	2.093288	0	0	0	0	0	0	0	0.5288308	-2.484314	9.309348	0	0	0
0	-9.441067	-87.94126	2.152862	0	0	0	0	0	0	0	0.1825477	9.034262	3.213504	0	0	0
0	-9.438088	-87.95522	2.205293	0	0	0	0	0	0	0	0.2737507	-1.067844	4.819008	0	0	0
0	-9.438088	-87.95522	2.205293	0	0	0	0	0	0	0	0.0006328707	-0.002468696	0.01114083	0	0	0
0	-9.438088	-87.95522	2.205293	0	0	0	0	0	0	0	1.884458E-05	-7.350877E-05	0.0003317332	0	0	0
0	-9.438088	-87.95522	2.205293	0	0	0	0	0	0	0	8.253233E-08	-3.219414E-07	1.452869E-06	0	0	0
0	-9.438088	-87.95522	2.205293	0	0	0	0	0	0	0	2.457512E-09	-9.586239E-09	4.326115E-08	0	0	0
0	-9.431723	-87.92914	2.317343	0	0	0	0	0	0	0	0.6968271	9.858417	12.26669	0	0	0
0	-9.422784	-87.97075	2.474703	0	0	0	0	0	0	0	0.1516715	-0.4207692	2.669971	0	0	0
0	-9.416823	-87.99839	2.579638	0	0	0	0	0	0	0	0.07422189	-0.341188	1.306575	0	0	0
0	-9.410861	-88.02594	2.684595	0	0	0	0	0	0	0	0.07534289	-0.3475352	1.326309	0	0	0
0	-9.404898	-88.05341	2.789575	0	0	0	0	0	0	0	0.1423241	-0.6543855	2.505423	0	0	0
0	-9.404898	-88.05341	2.789575	0	0	0	0	0	0	0	0.001625298	-0.007472885	0.02861117	0	0	0
0	-9.404898	-88.05341	2.789575	0	0	0	0	0	0	0	1.856041E-05	-8.533808E-05	0.0003267308	0	0	0
0	-9.404898	-88.05341	2.789575	0	0	0	0	0	0	0	2.917301E-07	-1.341332E-06	5.135511E-06	0	0	0
0	-9.401915	-88.0671	2.842073	0	0	0	0	0	0	0	0.5170529	-2.373367	9.102014	0	0	0
0	-9.398932	-88.08078	2.894577	0	0	0	0	0	0	0	0.4240606	-1.943262	7.46501	0	0	0
0	-9.38659	-88.08135	3.111841	0	0	0	0	0	0	0	0.1013821	0.07772043	1.784695	0	0	0
0	-9.380622	-88.10847	3.216909	0	0	0	0	0	0	0	0.4654399	-2.103003	8.193437	0	0	0
0	-9.374652	-88.13551	3.322	0	0	0	0	0	0	0	0.2028301	-0.9169654	3.570548	0	0	0
0	-9.368681	-88.16246	3.427112	0	0	0	0	0	0	0	0.4440403	-2.000796	7.816726	0	0	0
0	-9.365285	-88.12198	3.486892	0	0	0	0	0	0	0	0.2013047	-0.8006799	3.543695	0	0	0
0	-9.365285	-88.12198	3.486892	0	0	0	0	0	0	0	0.004354982	-0.01732174	0.07666354	0	0	0
0	-9.364874	-88.06805	3.49413	0	0	0	0	0	0	0	0.003056181	0.3976612	0.05379991	0	0	0
0	-9.364874	-88.06805	3.49413	0	0	0	0	0	0	0	7.065434E-06	0.0009193334	0.0001243774	0	0	0
0	-9.355914	-88.10825	3.651856	0	0	0	0	0	0	0	1.205605	-5.395409	21.22304	0	0	0
0	-9.349939	-88.13495	3.757034	0	0	0	0	0	0	0	0.03376548	-0.1505937	0.5943953	0	0	0
0	-9.275916	-88.10763	3.865664	0	0	0	0	0	0	0	2.044495	-1.236047	5.892696	0	0	0
0	-9.266603	-88.09346	4.03079	0	0	0	0	0	0	0	0.6110516	5.01062	10.65258	0	0	0
0	-9.260668	-88.11986	4.136046	0	0	0	0	0	0	0	0.4846991	-1.942347	8.592796	0	0	0
0	-9.150712	-88.20286	6.085838	0	0	0	0	0	0	0	0.04909063	1.204606	0.8704951	0	0	0
0	-9.150291	-88.14896	6.093295	0	0	0	0	0	0	0	0.0003308266	0.0410784	0.005866352	0	0	0
0	-9.134972	-88.1568	6.364941	0	0	0	0	0	0	0	2.006549	-7.556138	35.58095	0	0	0
0	-9.062446	-88.18134	6.466902	0	0	0	0	0	0	0	5.222083	-3.747351	15.93596	0	0	0
0	-9.053567	-88.21799	6.625495	0	0	0	0	0	0	0	0.5086452	-2.037384	8.840091	0	0	0
0	-9.050608	-88.23017	6.67837	0	0	0	0	0	0	0	0.03590866	-0.146659	0.6375756	0	0	0
0	-9.047647	-88.24232	6.731249	0	0	0	0	0	0	0	0.005876679	-0.0240977	0.1049586	0	0	0
0	-9.047647	-88.24232	6.731249	0	0	0	0	0	0	0	1.3586E-05	-5.571028E-05	0.0002426486	0	0	0
0	-9.032422	-88.24887	7.003221	0	0	0	0	0	0	0	2.210649	-7.961572	39.48897	0	0	0
0	-9.032422	-88.24887	7.003221	0	0	0	0	0	0	0	0.01218323	-0.04503163	0.2176298	0	0	0
0	-9.026498	-88.27289	7.109043	0	0	0	0	0	0	0	0.8821173	-3.570338	15.75732	0	0	0
0	-9.023535	-88.28487	7.161962	0	0	0	0	0	0	0	0.7046387	-2.846656	12.58701	0	0	0
0	-9.020573	-88.29683	7.214885	0	0	0	0	0	0	0	0.2628864	-1.060016	4.695958	0	0	0
0	-9.020573	-88.29683	7.214885	0	0	0	0	0	0	0	0.005687228	-0.02293215	0.1015913	0	0	0
0	-9.020573	-88.29683	7.214885	0	0	0	0	0	0	0	1.314802E-05	-5.30157E-05	0.000234864	0	0	0
0	-9.020573	-88.29683	7.214885	0	0	0	0	0	0	0	5.758351E-08	-2.321893E-07	1.028618E-06	0	0	0
0	-9.01761	-88.30876	7.267814	0	0	0	0	0	0	0	0.7218801	-2.905249	12.895	0	0	0
0	-9.014647	-88.32068	7.320747	0	0	0	0	0	0	0	0.4251397	-1.707744	7.594301	0	0	0
0	-9.014647	-88.32068	7.320747	0	0	0	0	0	0	0	0.01581127	-0.06351229	0.2824377	0	0	0
0	-9.008718	-88.34444	7.426628	0	0	0	0	0	0	0	0.4220603	-1.688911	7.539292	0	0	0
0	-8.993896	-88.40347	7.691414	0	0	0	0	0	0	0	1.102433	-4.369306	19.69284	0	0	0
0	-8.919001	-88.43864	7.846662	0	0	0	0	0	0	0	15.75112	-2.90237	12.32304	0	0	0
0	-8.90133	-88.50837	8.164656	0	0	0	0	0	0	0	1.32902	-5.115454	23.4621	0	0	0
0	-8.877337	-88.54626	8.596435	0	0	0	0	0	0	0	0.9658808	3.884415	17.37454	0	0	0
0	-8.847844	-88.65902	9.12717	0	0	0	0	0	0	0	2.544141	-9.520897	45.78347	0	0	0
0	-8.835621	-88.64964	9.347136	0	0	0	0	0	0	0	0.5319786	-0.9421982	9.573308	0	0	0
0	-8.8352	-88.59576	9.354704	0	0	0	0	0	0	0	0.0749095	9.424386	1.348046	0	0	0
0	-8.8352	-88.59576	9.354704	0	0	0	0	0	0	0	0.001177417	0.1481312	0.02118841	0	0	0
0	-8.834779	-88.54188	9.362293	0	0	0	0	0	0	0	0.003042022	0.3880348	0.0547432	0	0	0
0	-8.834779	-88.54188	9.362293	0	0	0	0	0	0	0	6.581045E-05	0.008394661	0.001184303	0	0	0
0	-8.828875	-88.564	9.468532	0	0	0	0	0	0	0	0.2928689	-1.09498	5.27037	0	0	0
0	-8.825923	-88.57503	9.521657	0	0	0	0	0	0	0	0.3833838	-1.430589	6.899247	0	0	0
0	-8.814112	-88.61892	9.734205	0	0	0	0	0	0	0	0.0632351	-0.234024	1.137958	0	0	0
0	-8.814112	-88.61892	9.734205	0	0	0	0	0	0	0	0.001368015	-0.005062825	0.02461833	0	0	0
0	-8.813689	-88.56504	9.741817	0	0	0	0	0	0	0	0.05545798	7.053046	0.9980031	0	0	0
0	-8.813689	-88.56504	9.741817	0	0	0	0	0	0	0	0.0008716809	0.1108588	0.01568648	0	0	0
0	-8.813689	-88.56504	9.741817	0	0	0	0	0	0	0	2.773679E-06	0.0003527516	4.99142E-05	0	0	0
0	-8.813689	-88.56504	9.741817	0	0	0	0	0	0	0	6.000047E-08	7.631369E-06	1.079748E-06	0	0	0
0	-8.813689	-88.56504	9.741817	0	0	0	0	0	0	0	1.909209E-10	2.428294E-08	3.435748E-09	0	0	0
0	-8.813689	-88.56504	9.741817	0	0	0	0	0	0	0	0	0	0	0	0	0
0	-8.813689	-88.56504	9.741817	0	0	0	0	0	0	0	0	0	0	0	0	0
0	-8.813689	-88.56504	9.741817	0	0	0	0	0	0	0	0	0	0	0	0	0
0	-8.813689	-88.56504	9.741817	0	0	0	0	0	0	0	0	0	0	0	0	0
0	-8.813689	-88.56504	9.741817	0	0	0	0	0	0	0	0	0	0	0	0	0
0	-8.813689	-88.56504	9.741817	0	0	0	0	0	0	0	0	0	0	0	0	0
0	-8.810736	-88.57596	9.794964	0	0	0	0	0	0	0	0.07352988	-0.2715607	1.323219	0	0	0
0	-8.810736	-88.57596	9.794964	0	0	0	0	0	0	0	0.0002339713	-0.0008641034	0.004210469	0	0	0
0	-8.810736	-88.57596	9.794964	0	0	0	0	0	0	0	1.095034E-07	-4.044182E-07	1.970586E-06	0	0	0
0	-8.810736	-88.57596	9.794964	0	0	0	0	0	0	0	6.600916E-10	-2.437852E-09	1.187879E-08	0	0	0
0	-8.810736	-88.57596	9.794964	0	0	0	0	0	0	0	0	0	0	0	0	0
0	-8.807782	-88.58686	9.848117	0	0	0	0	0	0	0	0.008177871	-0.03013995	0.1471662	0	0	0
0	-8.804828	-88.59773	9.901274	0	0	0	0	0	0	0	0.01079115	-0.03968876	0.1941939	0	0	0
0	-8.804828	-88.59773	9.901274	0	0	0	0	0	0	0	0.0001232317	-0.0004532336	0.002217636	0	0	0
0	-8.804828	-88.59773	9.901274	0	0	0	0	0	0	0	3.921218E-07	-1.442185E-06	7.056493E-06	0	0	0
0	-8.804828	-88.59773	9.901274	0	0	0	0	0	0	0	9.065271E-10	-3.334116E-09	1.631356E-08	0	0	0
0	-8.804828	-88.59773	9.901274	0	0	0	0	0	0	0	0	0	0	0	0	0
0	-8.801874	-88.60859	9.954435	0	0	0	0	0	0	0	0.7021059	-2.576904	12.63486	0	0	0
0	-8.801874	-88.60859	9.954435	0	0	0	0	0	0	0	0.01518921	-0.05574819	0.2733399	0	0	0
0	-8.79892	-88.61942	10.0076	0	0	0	0	0	0	0	0.197075	-0.7218074	3.546496	0	0	0
0	-8.795965	-88.63023	10.06077	0	0	0	0	0	0	0	0.2641151	-0.9653286	4.752926	0	0	0
0	-8.79301	-88.64102	10.11395	0	0	0	0	0	0	0	0.2698229	-0.9841275	4.855642	0	0	0
0	-8.790055	-88.65179	10.16712	0	0	0	0	0	0	0	0.02810422	-0.1022899	0.5057541	0	0	0
0	-8.775276	-88.70529	10.43308	0	0	0	0	0	0	0	0.4250099	-1.530657	7.648335	0	0	0
0	-8.77232	-88.71593	10.48629	0	0	0	0	0	0	0	0.1472367	-0.529143	2.649623	0	0	0
0	-8.763449	-88.74771	10.64593	0	0	0	0	0	0	0	0.2977354	-1.06319	5.357946	0	0	0
0	-8.757533	-88.76879	10.75238	0	0	0	0	0	0	0	0.4368069	-1.553136	7.860631	0	0	0
0	-8.757533	-88.76879	10.75238	0	0	0	0	0	0	0	0.01596714	-0.05677369	0.2873393	0	0	0
0	-8.754575	-88.7793	10.80561	0	0	0	0	0	0	0	0.1009555	-0.3581929	1.816761	0	0	0
0	-8.751616	-88.78978	10.85885	0	0	0	0	0	0	0	0.146666	-0.5192564	2.639353	0	0	0
0	-8.751616	-88.78978	10.85885	0	0	0	0	0	0	0	0.0001789828	-0.0006336709	0.003220915	0	0	0
0	-8.751616	-88.78978	10.85885	0	0	0	0	0	0	0	3.006299E-07	-1.06435E-06	5.410035E-06	0	0	0
0	-8.751616	-88.78978	10.85885	0	0	0	0	0	0	0	6.950114E-10	-2.460619E-09	1.250719E-08	0	0	0
0	-8.748658	-88.80024	10.91208	0	0	0	0	0	0	0	0.07477783	-0.2641731	1.345677	0	0	0
0	-8.748234	-88.74637	10.91972	0	0	0	0	0	0	0	0.0195538	2.479706	0.3518835	0	0	0
0	-8.748234	-88.74637	10.91972	0	0	0	0	0	0	0	0.0001622358	0.02057386	0.002919541	0	0	0
0	-8.748234	-88.74637	10.91972	0	0	0	0	0	0	0	3.509736E-06	0.0004450906	6.316003E-05	0	0	0
0	-8.748234	-88.74637	10.91972	0	0	0	0	0	0	0	1.116794E-08	1.416274E-06	2.009746E-07	0	0	0
0	-8.745275	-88.75681	10.97296	0	0	0	0	0	0	0	0.3979094	-1.402689	7.160643	0	0	0
0	-8.7921	-88.819	11.29611	0	0	0	0	0	0	0	-8.404875	-1.289422	7.160197	0	0	0
0	-8.7921	-88.819	11.29611	0	0	0	0	0	0	0	-0.04736296	-0.002980951	0.01811699	0	0	0
0	-8.789117	-88.82929	11.34939	0	0	0	0	0	0	0	0.02020276	-0.07223618	0.3744615	0	0	0
0	-8.7921	-88.819	11.29611	0	0	0	0	0	0	0	-0.2061318	0.7119444	-3.682116	0	0	0
0	-8.798063	-88.79836	11.18958	0	0	0	0	0	0	0	-0.8333194	2.890774	-14.88564	0	0	0
0	-8.800616	-88.73414	11.14398	0	0	0	0	0	0	0	-0.3991862	4.942047	-7.130691	0	0	0
0	-8.800616	-88.73414	11.14398	0	0	0	0	0	0	0	-0.003081811	0.02202368	-0.0550506	0	0	0
0	-8.800616	-88.73414	11.14398	0	0	0	0	0	0	0	-7.124686E-06	5.091545E-05	-0.0001272688	0	0	0
0	-8.800616	-88.73414	11.14398	0	0	0	0	0	0	0	-1.541339E-07	1.101494E-06	-2.753305E-06	0	0	0
0	-8.800616	-88.73414	11.14398	0	0	0	0	0	0	0	-3.664721E-10	1.274059E-09	-6.546317E-09	0	0	0
0	-8.800186	-88.68027	11.15166	0	0	0	0	0	0	0	0.001141287	0.1428335	0.02038689	0	0	0
0	-8.803167	-88.6699	11.0984	0	0	0	0	0	0	0	-0.0284174	0.1006861	-0.5076221	0	0	0
0	-8.806149	-88.6595	11.04515	0	0	0	0	0	0	0	-0.02046553	0.07146452	-0.3655772	0	0	0
0	-8.808699	-88.59522	10.9996	0	0	0	0	0	0	0	-0.0477616	3.782863	-0.8531688	0	0	0
0	-8.808699	-88.59522	10.9996	0	0	0	0	0	0	0	-0.0002091783	0.01656755	-0.003736566	0	0	0
0	-8.808699	-88.59522	10.9996	0	0	0	0	0	0	0	-4.835889E-07	3.83017E-05	-8.638382E-06	0	0	0
0	-8.808699	-88.59522	10.9996	0	0	0	0	0	0	0	-7.600985E-09	6.020209E-07	-1.357769E-07	0	0	0
0	-8.808699	-88.59522	10.9996	0	0	0	0	0	0	0	0	0	0	0	0	0
0	-8.811247	-88.53092	10.95408	0	0	0	0	0	0	0	-2.68977E-05	0.7373331	-0.0004804755	0	0	0
0	-8.814227	-88.52045	10.90084	0	0	0	0	0	0	0	-0.02070665	0.0772157	-0.3698843	0	0	0
0	-8.814227	-88.52045	10.90084	0	0	0	0	0	0	0	-0.0001718009	0.0006406506	-0.003068891	0	0	0
0	-8.814227	-88.52045	10.90084	0	0	0	0	0	0	0	-3.97178E-07	1.481088E-06	-7.094817E-06	0	0	0
0	-8.814227	-88.52045	10.90084	0	0	0	0	0	0	0	-9.197565E-10	3.232387E-09	-1.642968E-08	0	0	0
0	-8.813794	-88.4666	10.90858	0	0	0	0	0	0	0	0.01093485	1.356654	0.1953299	0	0	0
0	-8.822734	-88.43508	10.7489	0	0	0	0	0	0	0	-0.591435	2.096413	-10.56484	0	0	0
0	-8.831236	-88.34952	10.59701	0	0	0	0	0	0	0	-0.5787876	2.457325	-10.33892	0	0	0
0	-8.833779	-88.28506	10.55159	0	0	0	0	0	0	0	-0.2543189	3.744163	-4.542916	0	0	0
0	-8.838861	-88.15607	10.46082	0	0	0	0	0	0	0	-0.36185	6.482654	-6.463751	0	0	0
0	-8.773499	-88.10223	10.46506	0	0	0	0	0	0	0	2.312094	2.009157	-0.03317033	0	0	0
0	-8.776018	-88.03772	10.41973	0	0	0	0	0	0	0	0.001253576	0.7971823	-0.159865	0	0	0
0	-8.776018	-88.03772	10.41973	0	0	0	0	0	0	0	2.898081E-06	0.001842966	-0.0003695839	0	0	0
0	-8.776018	-88.03772	10.41973	0	0	0	0	0	0	0	6.269646E-08	3.987033E-05	-7.995499E-06	0	0	0
0	-8.773062	-88.04839	10.47293	0	0	0	0	0	0	0	0.02798247	-0.1009914	0.503563	0	0	0
0	-8.767149	-88.06969	10.57934	0	0	0	0	0	0	0	0.7269232	-2.612434	13.08147	0	0	0
0	-8.761235	-88.0909	10.68576	0	0	0	0	0	0	0	0.3731175	-1.335221	6.714497	0	0	0
0	-8.758278	-88.10147	10.73898	0	0	0	0	0	0	0	0.02192252	-0.0782836	0.3945104	0	0	0
0	-8.758278	-88.10147	10.73898	0	0	0	0	0	0	0	0.0003445753	-0.001230451	0.00620086	0	0	0
0	-8.752362	-88.12255	10.84543	0	0	0	0	0	0	0	0.3732903	-1.327293	6.717607	0	0	0
0	-8.746447	-88.14354	10.95189	0	0	0	0	0	0	0	0.3529586	-1.249615	6.351725	0	0	0
0	-8.731651	-88.19563	11.21813	0	0	0	0	0	0	0	0.9609807	-3.365621	17.29349	0	0	0
0	-8.652348	-88.24719	11.48091	0	0	0	0	0	0	0	4.116958	-3.770645	19.42062	0	0	0
0	-8.561582	-88.33862	11.95707	0	0	0	0	0	0	0	2.639435	-5.087028	26.89653	0	0	0
0	-8.34254	-88.37445	12.43459	0	0	0	0	0	0	0	19.48256	-7.334971	41.61485	0	0	0
0	-8.133043	-88.37942	12.75258	0	0	0	0	0	0	0	23.58295	3.078681	22.5935	0	0	0
0	-7.780936	-88.49465	13.37718	0	0	0	0	0	0	0	22.41173	-2.519591	13.72446	0	0	0
0	-7.497468	-88.59753	13.9527	0	0	0	0	0	0	0	20.6705	-7.325668	41.54807	0	0	0
0	-7.094324	-88.67974	14.41625	0	0	0	0	0	0	0	22.37322	-6.078223	35.04946	0	0	0
0	-6.904427	-88.67974	14.40761	0	0	0	0	0	0	0	13.82219	-0.05043038	-0.320595	0	0	0
0	-6.904427	-88.67974	14.40761	0	0	0	0	0	0	0	0.214427	-0.0004184161	-0.007133615	0	0	0
0	-6.906827	-88.67069	14.35408	0	0	0	0	0	0	0	-0.1630874	0.617231	-3.647301	0	0	0
0	-6.909228	-88.66162	14.30056	0	0	0	0	0	0	0	-0.01262693	0.04776515	-0.2815509	0	0	0
0	-6.909228	-88.66162	14.30056	0	0	0	0	0	0	0	-0.0002731682	0.001033341	-0.006091012	0	0	0
0	-6.909228	-88.66162	14.30056	0	0	0	0	0	0	0	-8.692756E-07	3.28808E-06	-1.938153E-05	0	0	0
0	-6.909228	-88.66162	14.30056	0	0	0	0	0	0	0	-7.212289E-09	2.728085E-08	-1.608065E-07	0	0	0
0	-6.909228	-88.66162	14.30056	0	0	0	0	0	0	0	-8.236215E-11	3.115391E-10	-1.836362E-09	0	0	0
0	-6.909228	-88.66162	14.30056	0	0	0	0	0	0	0	0	0	0	0	0	0
0	-6.906827	-88.67069	14.35408	0	0	0	0	0	0	0	0.01727519	-0.06518271	0.385171	0	0	0
0	-6.899625	-88.69777	14.51467	0	0	0	0	0	0	0	0.657074	-2.460834	14.65025	0	0	0
0	-6.897223	-88.70675	14.56821	0	0	0	0	0	0	0	0.6026126	-2.251234	13.43596	0	0	0
0	-6.885215	-88.75133	14.83595	0	0	0	0	0	0	0	0.1057431	-0.3900925	2.357668	0	0	0
0	-6.81971	-88.76018	14.88669	0	0	0	0	0	0	0	15.24106	-1.11194	6.073622	0	0	0
0	-6.751539	-88.72399	14.99898	0	0	0	0	0	0	0	4.277907	1.232028	3.668655	0	0	0
0	-6.68147	-88.75028	15.15694	0	0	0	0	0	0	0	6.532847	-2.687164	16.48664	0	0	0
0	-6.471705	-88.77415	15.63919	0	0	0	0	0	0	0	16.39452	-3.62739	52.74532	0	0	0
0	-6.343554	-88.72884	15.69553	0	0	0	0	0	0	0	10.87027	8.993601	2.802725	0	0	0
0	-6.010617	-88.80457	16.16558	0	0	0	0	0	0	0	17.48638	-3.310807	20.90327	0	0	0
0	-5.760296	-88.80457	16.1559	0	0	0	0	0	0	0	16.59257	-0.03780842	-0.3814212	0	0	0
0	-5.572253	-88.75075	16.15692	0	0	0	0	0	0	0	4.129905	6.507294	0.8214762	0	0	0
0	-5.317603	-88.65971	16.27139	0	0	0	0	0	0	0	13.43691	4.939334	1.218185	0	0	0
0	-5.192256	-88.6059	16.27515	0	0	0	0	0	0	0	17.37461	1.466771	-0.3575245	0	0	0
0	-5.0654	-88.61417	16.32461	0	0	0	0	0	0	0	6.285299	-0.03699074	0.06270488	0	0	0
0	-5.063341	-88.5686	16.38639	0	0	0	0	0	0	0	0.02423859	0.01264986	0.2916811	0	0	0
0	-5.063341	-88.5686	16.38639	0	0	0	0	0	0	0	0.0005243724	0.0002736643	0.006310166	0	0	0
0	-5.06307	-88.5148	16.39451	0	0	0	0	0	0	0	0.06590447	13.08066	1.977929	0	0	0
0	-5.000586	-88.5148	16.39244	0	0	0	0	0	0	0	7.539352	0.2056001	-0.2169805	0	0	0
0	-5.002085	-88.45277	16.34691	0	0	0	0	0	0	0	0.04898224	6.848107	0.7585495	0	0	0
0	-5.002085	-88.45277	16.34691	0	0	0	0	0	0	0	0.0004064005	0.05681803	0.006293606	0	0	0
0	-4.93958	-88.45277	16.34487	0	0	0	0	0	0	0	1.572551	0.0006488446	-0.05102983	0	0	0
0	-4.93958	-88.45277	16.34487	0	0	0	0	0	0	0	0.04682484	1.932022E-05	-0.001519482	0	0	0
0	-4.93958	-88.45277	16.34487	0	0	0	0	0	0	0	0	0	0	0	0	0
0	-4.810911	-88.41543	16.45639	0	0	0	0	0	0	0	5.614997	1.467321	2.424931	0	0	0
0	-4.557846	-88.43179	16.55607	0	0	0	0	0	0	0	15.94769	-0.7296398	4.365076	0	0	0
0	-4.306646	-88.43995	16.60249	0	0	0	0	0	0	0	13.57816	-0.994956	6.185009	0	0	0
0	-3.804741	-88.45618	16.69656	0	0	0	0	0	0	0	30.61498	-0.1406557	0.1657341	0	0	0
0	-3.428141	-88.47233	16.79508	0	0	0	0	0	0	0	33.25492	-1.160959	6.9978	0	0	0
0	-2.990833	-88.48037	16.83957	0	0	0	0	0	0	0	22.40235	-0.0986073	0.2178262	0	0	0
0	-2.365992	-88.4426	16.94422	0	0	0	0	0	0	0	35.32309	-1.041154	7.832586	0	0	0
0	-1.928703	-88.40474	17.05375	0	0	0	0	0	0	0	31.55267	3.036593	12.43695	0	0	0
0	-1.367728	-88.3668	17.1634	0	0	0	0	0	0	0	30.11632	11.45697	13.75598	0	0	0
0	-0.9321662	-88.32091	17.22211	0	0	0	0	0	0	0	33.32893	9.415956	2.165536	0	0	0
0	-0.3103921	-88.34444	17.38086	0	0	0	0	0	0	0	34.20219	-0.6879363	5.070702	0	0	0
0	0.1862354	-88.34444	17.38066	0	0	0	0	0	0	0	34.69152	-0.01081289	0.1236011	0	0	0
0	0.8070163	-88.34444	17.3827	0	0	0	0	0	0	0	38.19192	-3.44065E-05	0.2044172	0	0	0
0	1.303096	-88.29846	17.44822	0	0	0	0	0	0	0	20.48639	0.2758466	0.2765966	0	0	0
0	1.613257	-88.24469	17.45953	0	0	0	0	0	0	0	18.18662	0.982236	0.347575	0	0	0
0	1.922798	-88.25247	17.51694	0	0	0	0	0	0	0	16.53905	-0.01193279	0.3155952	0	0	0
0	2.046842	-88.25247	17.51857	0	0	0	0	0	0	0	2.84432	-0.0001875579	0.04024513	0	0	0
0	2.232783	-88.1987	17.52953	0	0	0	0	0	0	0	6.384519	0.2031405	0.1260239	0	0	0
0	2.232783	-88.1987	17.52953	0	0	0	0	0	0	0	0.01476005	0.0004696305	0.0002913484	0	0	0
0	2.231987	-88.20646	17.58331	0	0	0	0	0	0	0	-0.133434	-1.298322	9.014446	0	0	0
0	2.23119	-88.21419	17.63709	0	0	0	0	0	0	0	-0.04057737	-0.3936279	2.740932	0	0	0
0	2.230394	-88.2219	17.69087	0	0	0	0	0	0	0	-0.0379687	-0.3672549	2.564718	0	0	0
0	2.228005	-88.24491	17.85224	0	0	0	0	0	0	0	-0.1690093	-1.620513	11.41628	0	0	0
0	2.288126	-88.20637	17.9691	0	0	0	0	0	0	0	1.976185	3.270778	11.74572	0	0	0
0	2.472748	-88.21395	18.02584	0	0	0	0	0	0	0	13.38917	-0.002208953	0.6356409	0	0	0
0	2.719997	-88.21395	18.03011	0	0	0	0	0	0	0	20.16132	-4.778801E-05	0.3738005	0	0	0
0	2.966177	-88.22151	18.08859	0	0	0	0	0	0	0	21.74977	-0.03808826	0.7010307	0	0	0
0	3.272579	-88.1828	18.21097	0	0	0	0	0	0	0	17.60787	3.45321	1.97409	0	0	0
0	3.761057	-88.21264	18.43778	0	0	0	0	0	0	0	27.48688	-2.884699	21.67837	0	0	0
0	4.004525	-88.17367	18.56018	0	0	0	0	0	0	0	23.97173	1.731662	13.53976	0	0	0
0	4.309384	-88.18837	18.67637	0	0	0	0	0	0	0	15.72634	-1.941672	14.80521	0	0	0
0	4.557199	-88.18103	18.62984	0	0	0	0	0	0	0	12.50799	0.4986894	-3.273328	0	0	0
0	4.679801	-88.07352	18.65048	0	0	0	0	0	0	0	15.18679	13.19858	2.507182	0	0	0
0	4.679801	-88.07352	18.65048	0	0	0	0	0	0	0	0.06651255	0.05780493	0.01098054	0	0	0
0	4.618244	-88.07352	18.64857	0	0	0	0	0	0	0	-1.49737	0.0004796014	-0.04611956	0	0	0