0	0.911561	-88.05521	20.56274	0	0	0	0	0	0	0	1.167132E-11	-1.188363E-08	-1.892218E-09	0	0	0
0	0.911561	-88.05521	20.56274	0	0	0	0	0	0	0	0	0	0	0	0	0
0	0.911561	-88.05521	20.56274	0	0	0	0	0	0	0	0	0	0	0	0	0
0	0.9116136	-88.10895	20.55419	0	0	0	0	0	0	0	0.0007008101	-0.7154383	-0.1136192	0	0	0
0	0.9116136	-88.10895	20.55419	0	0	0	0	0	0	0	1.177121E-06	-0.001201692	-0.0001908414	0	0	0
0	0.9113859	-88.22298	20.59111	0	0	0	0	0	0	0	0.005557517	-7.00118	-0.9010152	0	0	0
0	0.9721441	-88.22298	20.5915	0	0	0	0	0	0	0	0.8250955	-0.01175959	0.003915073	0	0	0
0	1.032902	-88.22298	20.59191	0	0	0	0	0	0	0	8.216733	-1.975208E-05	0.05743649	0	0	0
0	1.093723	-88.27673	20.58387	0	0	0	0	0	0	0	8.658243	-0.3784463	0.00445663	0	0	0
0	1.215966	-88.48519	20.49718	0	0	0	0	0	0	0	8.387462	-11.13234	-8.374922	0	0	0
0	1.460013	-88.6937	20.4121	0	0	0	0	0	0	0	13.70268	-14.58356	-2.671732	0	0	0
0	1.642599	-88.74747	20.40573	0	0	0	0	0	0	0	4.702093	-0.4058335	-0.01115052	0	0	0
0	1.642599	-88.74747	20.40573	0	0	0	0	0	0	0	0.01087054	-0.0009382264	-2.577833E-05	0	0	0
0	1.642783	-88.85503	20.38923	0	0	0	0	0	0	0	0.01214841	-7.145843	-1.092978	0	0	0
0	1.642783	-88.85503	20.38923	0	0	0	0	0	0	0	2.040517E-05	-0.01200257	-0.001835829	0	0	0
0	1.642783	-88.85503	20.38923	0	0	0	0	0	0	0	3.423628E-08	-2.016021E-05	-3.083565E-06	0	0	0
0	1.642783	-88.85503	20.38923	0	0	0	0	0	0	0	4.178E-11	-2.460237E-08	-3.763006E-09	0	0	0
0	1.642783	-88.85503	20.38923	0	0	0	0	0	0	0	0	0	0	0	0	0
0	1.642184	-88.8616	20.44317	0	0	0	0	0	0	0	0	0	0	0	0	0
0	1.642184	-88.8616	20.44317	0	0	0	0	0	0	0	0	0	0	0	0	0
0	1.642184	-88.8616	20.44317	0	0	0	0	0	0	0	0	0	0	0	0	0
0	1.642184	-88.8616	20.44317	0	0	0	0	0	0	0	0	0	0	0	0	0
0	1.641585	-88.86816	20.49711	0	0	0	0	0	0	0	-0.1030679	-1.125214	9.283037	0	0	0
0	1.639189	-88.89413	20.71289	0	0	0	0	0	0	0	-0.1909156	-2.05583	17.19523	0	0	0
0	1.636194	-88.92611	20.98268	0	0	0	0	0	0	0	-0.0142471	-0.1507653	1.283196	0	0	0
0	1.636194	-88.92611	20.98268	0	0	0	0	0	0	0	-2.393026E-05	-0.0002532341	0.00215533	0	0	0
0	1.696791	-88.92611	20.98336	0	0	0	0	0	0	0	0.168672	-3.090324E-07	0.001944733	0	0	0
0	1.696791	-88.92611	20.98336	0	0	0	0	0	0	0	0.0003899445	-7.144368E-10	4.495933E-06	0	0	0
0	1.696791	-88.92611	20.98336	0	0	0	0	0	0	0	6.549735E-07	0	7.541415E-09	0	0	0
0	1.696791	-88.92611	20.98336	0	0	0	0	0	0	0	0	0	0	0	0	0
0	1.696791	-88.92611	20.98336	0	0	0	0	0	0	0	0	0	0	0	0	0
0	1.696791	-88.92611	20.98336	0	0	0	0	0	0	0	0	0	0	0	0	0
0	1.696791	-88.92611	20.98336	0	0	0	0	0	0	0	0	0	0	0	0	0
0	1.696791	-88.92611	20.98336	0	0	0	0	0	0	0	0	0	0	0	0	0
0	1.696791	-88.92611	20.98336	0	0	0	0	0	0	0	0	0	0	0	0	0
0	1.696791	-88.92611	20.98336	0	0	0	0	0	0	0	0	0	0	0	0	0
0	1.696791	-88.92611	20.98336	0	0	0	0	0	0	0	0	0	0	0	0	0
0	1.696791	-88.92611	20.98336	0	0	0	0	0	0	0	0	0	0	0	0	0
0	1.696791	-88.92611	20.98336	0	0	0	0	0	0	0	0	0	0	0	0	0
0	1.63661	-88.81219	20.94521	0	0	0	0	0	0	0	-9.950126	7.628481	0.9179171	0	0	0
0	1.637808	-88.79942	20.8373	0	0	0	0	0	0	0	0.05653931	0.8921493	-7.163561	0	0	0
0	1.639006	-88.78657	20.72939	0	0	0	0	0	0	0	0.156294	1.683369	-14.07949	0	0	0
0	1.639605	-88.78011	20.67544	0	0	0	0	0	0	0	0.01542497	0.1666753	-1.389289	0	0	0
0	1.640204	-88.77362	20.62149	0	0	0	0	0	0	0	0.001220986	0.01323882	-0.1099707	0	0	0
0	1.640204	-88.77362	20.62149	0	0	0	0	0	0	0	7.36016E-06	7.980423E-05	-0.0006629087	0	0	0
0	1.640204	-88.77362	20.62149	0	0	0	0	0	0	0	8.40508E-08	9.113401E-07	-7.570217E-06	0	0	0
0	1.640204	-88.77362	20.62149	0	0	0	0	0	0	0	9.598347E-10	1.040723E-08	-8.644958E-08	0	0	0
0	1.640803	-88.76712	20.56755	0	0	0	0	0	0	0	0.004266259	0.04641676	-0.3842498	0	0	0
0	1.640803	-88.76712	20.56755	0	0	0	0	0	0	0	9.862953E-06	0.0001073086	-0.0008883281	0	0	0
0	1.640803	-88.76712	20.56755	0	0	0	0	0	0	0	1.550246E-07	1.686662E-06	-1.396262E-05	0	0	0
0	1.640803	-88.76712	20.56755	0	0	0	0	0	0	0	6.789506E-10	7.38696E-09	-6.115116E-08	0	0	0
0	1.640803	-88.76712	20.56755	0	0	0	0	0	0	0	0	0	0	0	0	0
0	1.640803	-88.76712	20.56755	0	0	0	0	0	0	0	0	0	0	0	0	0
0	1.640112	-88.71985	20.62977	0	0	0	0	0	0	0	-0.02376429	9.244954	2.140382	0	0	0
0	1.640112	-88.71985	20.62977	0	0	0	0	0	0	0	-5.493949E-05	0.02137295	0.004948243	0	0	0
0	1.638914	-88.73279	20.73767	0	0	0	0	0	0	0	-0.03059639	-0.3292193	2.75573	0	0	0
0	1.638914	-88.73279	20.73767	0	0	0	0	0	0	0	-0.000134001	-0.001441859	0.01206909	0	0	0
0	1.638914	-88.73279	20.73767	0	0	0	0	0	0	0	-2.106209E-06	-2.266295E-05	0.0001897003	0	0	0
0	1.638914	-88.73279	20.73767	0	0	0	0	0	0	0	-9.224294E-09	-9.932966E-08	8.30806E-07	0	0	0
0	1.638914	-88.73279	20.73767	0	0	0	0	0	0	0	-1.449862E-10	-1.56125E-09	1.305849E-08	0	0	0
0	1.638315	-88.73923	20.79162	0	0	0	0	0	0	0	-0.03925817	-0.421281	3.535872	0	0	0
0	1.637716	-88.74565	20.84558	0	0	0	0	0	0	0	-0.1395857	-1.492705	12.57209	0	0	0
0	1.637117	-88.75204	20.89953	0	0	0	0	0	0	0	-0.1400298	-1.492241	12.61208	0	0	0
0	1.637117	-88.75204	20.89953	0	0	0	0	0	0	0	-0.001599098	-0.01704094	0.1440262	0	0	0
0	1.636518	-88.75842	20.95349	0	0	0	0	0	0	0	-0.02113388	-0.2244287	1.903468	0	0	0
0	1.636518	-88.75842	20.95349	0	0	0	0	0	0	0	-9.255862E-05	-0.0009829155	0.008336492	0	0	0
0	1.697748	-88.75204	20.90022	0	0	0	0	0	0	0	4.118279	0.5684362	-4.75749	0	0	0
0	1.946059	-88.75404	20.46336	0	0	0	0	0	0	0	2.837291	0.08861347	-0.6967004	0	0	0
0	2.006981	-88.80782	20.45591	0	0	0	0	0	0	0	8.104947	-7.13301	-0.9903775	0	0	0
0	2.007093	-88.8616	20.44767	0	0	0	0	0	0	0	0.04651077	-1.029837	-0.1569241	0	0	0
0	2.007093	-88.8616	20.44767	0	0	0	0	0	0	0	0.000385895	-0.008544452	-0.001301983	0	0	0
0	2.007093	-88.8616	20.44767	0	0	0	0	0	0	0	1.227909E-06	-2.71884E-05	-4.142523E-06	0	0	0
0	2.068025	-88.91539	20.44029	0	0	0	0	0	0	0	1.55721	-3.618039	-0.5301948	0	0	0
0	2.128845	-88.91539	20.44116	0	0	0	0	0	0	0	2.162778	-0.05686784	0.02245297	0	0	0
0	2.189665	-88.91539	20.44205	0	0	0	0	0	0	0	1.140427	-0.0001809529	0.01685555	0	0	0
0	2.250484	-88.91539	20.44296	0	0	0	0	0	0	0	2.176966	-2.844193E-06	0.03312326	0	0	0
0	2.311303	-88.91539	20.4439	0	0	0	0	0	0	0	3.957572	-1.245652E-08	0.06184429	0	0	0
0	2.372253	-88.96918	20.43667	0	0	0	0	0	0	0	0.4513798	-6.770075	-1.022807	0	0	0
0	2.433075	-88.96918	20.43765	0	0	0	0	0	0	0	2.100285	-0.1464624	0.01226456	0	0	0
0	2.433075	-88.96918	20.43765	0	0	0	0	0	0	0	0.006683083	-0.0004660416	3.902569E-05	0	0	0
0	2.433075	-88.96918	20.43765	0	0	0	0	0	0	0	0.0001050438	-7.325179E-06	6.134005E-07	0	0	0
0	2.433209	-89.02297	20.42948	0	0	0	0	0	0	0	0.008787489	-3.521616	-0.5341917	0	0	0
0	2.433344	-89.07677	20.42133	0	0	0	0	0	0	0	0.0005187434	-0.2084696	-0.03153563	0	0	0
0	2.433344	-89.07677	20.42133	0	0	0	0	0	0	0	1.199257E-06	-0.0004819506	-7.290567E-05	0	0	0
0	2.433344	-89.07677	20.42133	0	0	0	0	0	0	0	1.884976E-08	-7.575235E-06	-1.145921E-06	0	0	0
0	2.435118	-89.06361	20.31347	0	0	0	0	0	0	0	0.211359	1.57351	-12.84901	0	0	0
0	2.436139	-89.11079	20.25142	0	0	0	0	0	0	0	0.04397108	0.05855829	-2.673105	0	0	0
0	2.436139	-89.11079	20.25142	0	0	0	0	0	0	0	7.385638E-05	9.835788E-05	-0.004489902	0	0	0
0	2.436139	-89.11079	20.25142	0	0	0	0	0	0	0	2.199173E-06	2.928739E-06	-0.0001336929	0	0	0
0	2.436139	-89.11079	20.25142	0	0	0	0	0	0	0	5.08416E-09	6.770806E-09	-3.09078E-07	0	0	0
0	2.436139	-89.11079	20.25142	0	0	0	0	0	0	0	7.87171E-11	5.880068E-10	-4.785397E-09	0	0	0
0	2.437913	-89.0975	20.14357	0	0	0	0	0	0	0	0.1534852	1.154236	-9.330728	0	0	0
0	2.502628	-89.12444	19.92082	0	0	0	0	0	0	0	4.246238	1.830001	-15.17965	0	0	0
0	2.748904	-89.16469	19.80925	0	0	0	0	0	0	0	13.9476	-0.0786422	-1.337642	0	0	0
0	3.056679	-89.20485	19.69936	0	0	0	0	0	0	0	14.66839	-0.1255763	-0.9597374	0	0	0
0	3.304765	-89.18421	19.54293	0	0	0	0	0	0	0	18.06478	1.559618	-11.78903	0	0	0
0	3.612207	-89.2311	19.48812	0	0	0	0	0	0	0	11.51286	-0.1968601	0.187536	0	0	0
0	3.796044	-89.28492	19.48467	0	0	0	0	0	0	0	1.844351	-0.515372	-0.02982042	0	0	0
0	3.796044	-89.28492	19.48467	0	0	0	0	0	0	0	0.003097879	-0.0008656486	-5.00881E-05	0	0	0
0	3.734831	-89.28492	19.48312	0	0	0	0	0	0	0	-0.5887022	-1.454045E-06	-0.01476981	0	0	0
0	3.734831	-89.28492	19.48312	0	0	0	0	0	0	0	-0.0009888182	-2.442298E-09	-2.480823E-05	0	0	0
0	3.797418	-89.27798	19.4308	0	0	0	0	0	0	0	0.1897746	0.1290344	-0.9952263	0	0	0
0	3.797622	-89.33179	19.4228	0	0	0	0	0	0	0	0.02152971	-4.901605	-0.7429693	0	0	0
0	3.797622	-89.33179	19.4228	0	0	0	0	0	0	0	4.977348E-05	-0.01133178	-0.001717634	0	0	0
0	3.797622	-89.33179	19.4228	0	0	0	0	0	0	0	1.583787E-07	-3.60576E-05	-5.465493E-06	0	0	0
0	3.797622	-89.33179	19.4228	0	0	0	0	0	0	0	2.190782E-09	-5.667484E-07	-8.591349E-08	0	0	0
0	3.797622	-89.33179	19.4228	0	0	0	0	0	0	0	9.391973E-12	-2.483177E-09	-3.683147E-10	0	0	0
0	3.797622	-89.33179	19.4228	0	0	0	0	0	0	0	0	0	0	0	0	0
0	3.800573	-89.37167	19.30709	0	0	0	0	0	0	0	0.2381411	1.018177	-9.33892	0	0	0
0	3.801946	-89.36465	19.25322	0	0	0	0	0	0	0	0.02702064	0.1365068	-1.059639	0	0	0
0	3.804896	-89.40439	19.13755	0	0	0	0	0	0	0	0.1094081	0.2804598	-4.290538	0	0	0
0	3.990401	-89.39732	19.0885	0	0	0	0	0	0	0	11.62193	0.01968599	0.1574021	0	0	0
0	4.113152	-89.39732	19.09183	0	0	0	0	0	0	0	5.252671	0.000224808	0.1429987	0	0	0
0	4.174526	-89.39732	19.09353	0	0	0	0	0	0	0	0.3366956	9.845764E-07	0.00940931	0	0	0
0	4.236125	-89.45114	19.08734	0	0	0	0	0	0	0	0.06564149	-0.0566812	-0.006479467	0	0	0
0	4.236125	-89.45114	19.08734	0	0	0	0	0	0	0	0.001031744	-0.0008909075	-0.0001018431	0	0	0
0	4.234597	-89.45822	19.14119	0	0	0	0	0	0	0	-0.360954	-1.668592	12.71861	0	0	0
0	4.295951	-89.45822	19.14294	0	0	0	0	0	0	0	0.04492081	-0.002802664	0.02267373	0	0	0
0	4.354158	-89.47231	19.25244	0	0	0	0	0	0	0	-0.02706364	-0.8804569	6.758676	0	0	0
0	4.354158	-89.47231	19.25244	0	0	0	0	0	0	0	-0.0003090586	-0.01005455	0.07718202	0	0	0
0	4.354158	-89.47231	19.25244	0	0	0	0	0	0	0	-1.353563E-06	-4.403524E-05	0.0003380289	0	0	0
0	4.354158	-89.47231	19.25244	0	0	0	0	0	0	0	-3.129236E-09	-1.018029E-07	7.814724E-07	0	0	0
0	4.354158	-89.47231	19.25244	0	0	0	0	0	0	0	-3.584441E-10	-1.600124E-09	1.227404E-08	0	0	0
0	4.354158	-89.47231	19.25244	0	0	0	0	0	0	0	0	0	0	0	0	0
0	4.352586	-89.47932	19.3063	0	0	0	0	0	0	0	-0.05406517	-0.2405839	1.85133	0	0	0
0	4.352586	-89.47932	19.3063	0	0	0	0	0	0	0	-0.001169634	-0.00520474	0.04005128	0	0	0
0	4.352586	-89.47932	19.3063	0	0	0	0	0	0	0	-3.721764E-06	-1.656143E-05	0.0001274427	0	0	0
0	4.413872	-89.47932	19.3081	0	0	0	0	0	0	0	7.69853	-3.828755E-08	0.2279921	0	0	0
0	4.413872	-89.47932	19.3081	0	0	0	0	0	0	0	0.08791488	-4.372322E-10	0.0026036	0	0	0
0	4.475157	-89.47932	19.30993	0	0	0	0	0	0	0	0.5986986	0	0.01797684	0	0	0
0	4.47354	-89.48631	19.36379	0	0	0	0	0	0	0	-0.0002230454	-0.005299095	0.04093702	0	0	0
0	4.47354	-89.48631	19.36379	0	0	0	0	0	0	0	-5.156477E-07	-1.225072E-05	9.464028E-05	0	0	0
0	4.475157	-89.47932	19.30993	0	0	0	0	0	0	0	0.2004884	0.8677153	-6.67704	0	0	0
0	4.480009	-89.45822	19.14836	0	0	0	0	0	0	0	0.2092877	0.9144683	-6.970089	0	0	0
0	4.484859	-89.43693	18.98681	0	0	0	0	0	0	0	0.4584618	2.022216	-15.26855	0	0	0
0	4.614337	-89.40823	18.7752	0	0	0	0	0	0	0	6.08603	2.047577	-15.09511	0	0	0
0	4.798849	-89.40823	18.78101	0	0	0	0	0	0	0	6.403176	0.007709342	0.147899	0	0	0
0	4.983616	-89.46206	18.77914	0	0	0	0	0	0	0	14.16779	-7.144728	-0.5779526	0	0	0
0	5.168122	-89.46206	18.7854	0	0	0	0	0	0	0	15.98071	-0.03925253	0.5464398	0	0	0
0	5.228016	-89.5231	18.83348	0	0	0	0	0	0	0	3.040696	-0.2955919	0.7741151	0	0	0
0	5.228016	-89.5231	18.83348	0	0	0	0	0	0	0	0.03472382	-0.00337557	0.00884016	0	0	0
0	5.226134	-89.53029	18.88731	0	0	0	0	0	0	0	-0.318561	-1.214613	9.112239	0	0	0
0	5.226134	-89.53029	18.88731	0	0	0	0	0	0	0	-0.005007099	-0.01909112	0.1432249	0	0	0
0	5.224252	-89.53745	18.94114	0	0	0	0	0	0	0	-0.2303595	-0.8754188	6.588074	0	0	0
0	5.224252	-89.53745	18.94114	0	0	0	0	0	0	0	-0.002630636	-0.009997017	0.0752338	0	0	0
0	5.224252	-89.53745	18.94114	0	0	0	0	0	0	0	-3.004107E-05	-0.0001141629	0.0008591472	0	0	0
0	5.224252	-89.53745	18.94114	0	0	0	0	0	0	0	-5.045871E-08	-1.917546E-07	1.443073E-06	0	0	0
0	5.224252	-89.53745	18.94114	0	0	0	0	0	0	0	-6.157693E-11	-2.340064E-10	1.761044E-09	0	0	0
0	5.226134	-89.53029	18.88731	0	0	0	0	0	0	0	0.03399828	0.1296047	-0.97232	0	0	0
0	5.226134	-89.53029	18.88731	0	0	0	0	0	0	0	0.0001489	0.0005676209	-0.004258404	0	0	0
0	5.226134	-89.53029	18.88731	0	0	0	0	0	0	0	2.34039E-06	8.921788E-06	-6.693302E-05	0	0	0
0	5.226134	-89.53029	18.88731	0	0	0	0	0	0	0	1.025005E-08	3.907416E-08	-2.931421E-07	0	0	0
0	5.164675	-89.53029	18.88517	0	0	0	0	0	0	0	-0.866789	0	-0.02995142	0	0	0
0	5.164675	-89.53029	18.88517	0	0	0	0	0	0	0	-0.01362407	0	-0.0004707723	0	0	0
0	5.164675	-89.53029	18.88517	0	0	0	0	0	0	0	-4.335165E-05	0	-1.497992E-06	0	0	0
0	5.105052	-89.5231	18.82923	0	0	0	0	0	0	0	-3.652625	0.9861253	-7.508664	0	0	0
0	5.047201	-89.50866	18.71949	0	0	0	0	0	0	0	-14.09876	0.9591317	-7.612983	0	0	0
0	5.012845	-89.83594	17.90192	0	0	0	0	0	0	0	0.6932939	-3.503	-20.80873	0	0	0
0	5.01694	-89.92853	17.77901	0	0	0	0	0	0	0	0.09362323	-0.7301018	-2.809871	0	0	0
0	5.08481	-90.0134	17.60452	0	0	0	0	0	0	0	0.8995669	-3.956453	-8.58723	0	0	0
0	5.09025	-89.99033	17.44324	0	0	0	0	0	0	0	0.3913422	1.632836	-11.52255	0	0	0
0	5.094132	-90.02872	17.32814	0	0	0	0	0	0	0	0.3584335	-0.9367796	-10.62595	0	0	0
0	5.094132	-90.02872	17.32814	0	0	0	0	0	0	0	0.007754272	-0.02026609	-0.2298795	0	0	0
0	5.097758	-90.01314	17.22064	0	0	0	0	0	0	0	0.4377682	1.886102	-12.97818	0	0	0
0	5.161737	-90.00531	17.16901	0	0	0	0	0	0	0	0.6220776	0.1502158	-1.010533	0	0	0
0	5.17091	-89.96587	16.90035	0	0	0	0	0	0	0	0.33212	1.409051	-9.530516	0	0	0
0	5.299217	-89.94994	16.79722	0	0	0	0	0	0	0	4.550955	1.178867	-7.779439	0	0	0
0	5.49033	-89.98781	16.68888	0	0	0	0	0	0	0	9.042205	0.7976171	-7.626242	0	0	0
0	5.679425	-89.97977	16.64207	0	0	0	0	0	0	0	12.99542	1.914798	-12.3075	0	0	0
0	5.806531	-90.02559	16.58554	0	0	0	0	0	0	0	15.73086	-0.5105059	-0.8761758	0	0	0
0	5.808585	-90.0175	16.53184	0	0	0	0	0	0	0	0.281105	0.3937928	-2.66028	0	0	0
0	5.808585	-90.0175	16.53184	0	0	0	0	0	0	0	0.001231137	0.001724668	-0.01165105	0	0	0
0	5.814748	-89.99312	16.37078	0	0	0	0	0	0	0	0.8374397	3.327722	-21.88799	0	0	0
0	6.073282	-89.9603	16.16586	0	0	0	0	0	0	0	13.92935	1.946046	-12.12452	0	0	0
0	6.395482	-89.98101	15.95652	0	0	0	0	0	0	0	14.68713	0.7961354	-5.837045	0	0	0
0	6.720595	-89.93905	15.70182	0	0	0	0	0	0	0	11.7415	1.358291	-8.126068	0	0	0
0	6.84613	-89.93905	15.7074	0	0	0	0	0	0	0	7.306677	0.04044494	0.07034308	0	0	0
0	6.906469	-89.94749	15.76385	0	0	0	0	0	0	0	0.248413	-0.7684317	4.912928	0	0	0
0	6.906808	-90.00137	15.75635	0	0	0	0	0	0	0	0.005308002	-0.4013251	0.001513196	0	0	0
0	6.906808	-90.00137	15.75635	0	0	0	0	0	0	0	2.32471E-05	-0.001757656	6.627242E-06	0	0	0
0	6.906808	-90.00137	15.75635	0	0	0	0	0	0	0	2.654748E-07	-2.00719E-05	7.568109E-08	0	0	0
0	6.969554	-90.00137	15.7592	0	0	0	0	0	0	0	5.612213	-8.790757E-08	0.2563367	0	0	0
0	6.969554	-90.00137	15.7592	0	0	0	0	0	0	0	0.04656395	0	0.002126799	0	0	0
0	6.969554	-90.00137	15.7592	0	0	0	0	0	0	0	0.0005317461	0	2.42874E-05	0	0	0
0	6.969554	-90.00137	15.7592	0	0	0	0	0	0	0	8.357913E-06	0	3.81746E-07	0	0	0
0	6.969554	-90.00137	15.7592	0	0	0	0	0	0	0	2.659479E-08	0	1.214712E-09	0	0	0
0	7.032299	-90.00137	15.76208	0	0	0	0	0	0	0	8.038907	0	0.370488	0	0	0
0	7.032299	-90.00137	15.76208	0	0	0	0	0	0	0	0.1263544	0	0.00582328	0	0	0
0	7.032299	-90.00137	15.76208	0	0	0	0	0	0	0	0.0004020585	0	1.852962E-05	0	0	0
0	7.095042	-90.00137	15.76498	0	0	0	0	0	0	0	8.066123	0	0.3750662	0	0	0
0	7.212912	-90.02655	15.93175	0	0	0	0	0	0	0	9.176158	-1.142441	7.780986	0	0	0
0	7.333093	-90.04322	16.045	0	0	0	0	0	0	0	9.194036	-2.047517	13.68121	0	0	0
0	7.390511	-90.05981	16.1553	0	0	0	0	0	0	0	3.790806	-1.082451	7.220895	0	0	0
0	7.450466	-90.06807	16.212	0	0	0	0	0	0	0	2.286948	-0.03690638	0.3525739	0	0	0
0	7.450466	-90.06807	16.212	0	0	0	0	0	0	0	0.02611626	-0.0004214596	0.004026287	0	0	0
0	7.450466	-90.06807	16.212	0	0	0	0	0	0	0	3.187079E-05	-5.143252E-07	4.913451E-06	0	0	0
0	7.450466	-90.06807	16.212	0	0	0	0	0	0	0	7.36805E-08	-1.189043E-09	1.135916E-08	0	0	0
0	7.450466	-90.06807	16.212	0	0	0	0	0	0	0	0	0	0	0	0	0
0	7.453093	-90.05981	16.15836	0	0	0	0	0	0	0	0.009581274	0.03016763	-0.195649	0	0	0
0	7.455719	-90.05153	16.10472	0	0	0	0	0	0	0	0.01830226	0.05778264	-0.3737309	0	0	0
0	7.455719	-90.05153	16.10472	0	0	0	0	0	0	0	5.823759E-05	0.0001838638	-0.001189208	0	0	0
0	7.455719	-90.05153	16.10472	0	0	0	0	0	0	0	1.346366E-07	4.250656E-07	-2.74927E-06	0	0	0
0	7.455719	-90.05153	16.10472	0	0	0	0	0	0	0	2.1162E-09	6.681123E-09	-4.321266E-08	0	0	0
0	7.455719	-90.05153	16.10472	0	0	0	0	0	0	0	0	0	0	0	0	0
0	7.460973	-90.0349	15.99745	0	0	0	0	0	0	0	0.09377611	0.2976635	-1.914902	0	0	0
0	7.460973	-90.0349	15.99745	0	0	0	0	0	0	0	0.001070895	0.003399227	-0.0218676	0	0	0
0	7.460973	-90.0349	15.99745	0	0	0	0	0	0	0	3.407576E-06	1.08163E-05	-6.958246E-05	0	0	0
0	7.460973	-90.0349	15.99745	0	0	0	0	0	0	0	3.891348E-08	1.235189E-07	-7.946107E-07	0	0	0
0	7.460973	-90.0349	15.99745	0	0	0	0	0	0	0	3.228611E-10	1.024823E-09	-6.592801E-09	0	0	0
0	7.471477	-90.00137	15.78295	0	0	0	0	0	0	0	0.7134036	2.288833	-14.56765	0	0	0
0	7.670444	-89.96751	15.57786	0	0	0	0	0	0	0	14.06647	2.768255	-16.77005	0	0	0
0	8.061453	-89.92467	15.32932	0	0	0	0	0	0	0	22.82226	2.416371	-13.85607	0	0	0
0	8.591764	-89.8462	14.87472	0	0	0	0	0	0	0	31.98936	2.694703	-14.62064	0	0	0
0	8.853442	-89.81965	14.72849	0	0	0	0	0	0	0	20.53852	2.266067	-12.51397	0	0	0
0	9.245293	-89.78394	14.53678	0	0	0	0	0	0	0	21.34313	0.4267346	-1.27115	0	0	0
0	9.435488	-89.83783	14.54083	0	0	0	0	0	0	0	12.06987	-9.341542	-0.5645987	0	0	0
0	9.37224	-89.83783	14.53696	0	0	0	0	0	0	0	-5.682096	-0.1468291	-0.3667371	0	0	0
0	9.36898	-89.84679	14.59046	0	0	0	0	0	0	0	-0.06220114	-0.121607	0.7230272	0	0	0
0	9.36898	-89.84679	14.59046	0	0	0	0	0	0	0	-0.0001437998	-0.0002811371	0.001671531	0	0	0
0	9.36898	-89.84679	14.59046	0	0	0	0	0	0	0	-2.415344E-07	-4.722142E-07	2.8076E-06	0	0	0
0	9.36898	-89.84679	14.59046	0	0	0	0	0	0	0	-1.032909E-09	-2.835592E-09	1.695164E-08	0	0	0
0	9.36898	-89.84679	14.59046	0	0	0	0	0	0	0	0	0	0	0	0	0
0	9.36898	-89.84679	14.59046	0	0	0	0	0	0	0	0	0	0	0	0	0
0	9.369435	-89.90069	14.583	0	0	0	0	0	0	0	0.02926071	-3.476735	-0.4802137	0	0	0
0	9.369435	-89.90069	14.583	0	0	0	0	0	0	0	6.764639E-05	-0.008037692	-0.001110182	0	0	0
0	9.369435	-89.90069	14.583	0	0	0	0	0	0	0	1.463447E-06	-0.0001738857	-2.401745E-05	0	0	0
0	9.369435	-89.90069	14.583	0	0	0	0	0	0	0	4.656674E-09	-5.533025E-07	-7.642326E-08	0	0	0
0	9.369435	-89.90069	14.583	0	0	0	0	0	0	0	1.007415E-10	-1.197003E-08	-1.653324E-09	0	0	0
0	9.372695	-89.89172	14.5295	0	0	0	0	0	0	0	0.02380205	0.06550647	-0.3906286	0	0	0
0	9.372695	-89.89172	14.5295	0	0	0	0	0	0	0	0.0001434799	0.0003948761	-0.002354728	0	0	0
0	9.372695	-89.89172	14.5295	0	0	0	0	0	0	0	2.255197E-06	6.206608E-06	-3.701129E-05	0	0	0
0	9.372695	-89.89172	14.5295	0	0	0	0	0	0	0	9.876936E-09	2.718267E-08	-1.620959E-07	0	0	0
0	9.372695	-89.89172	14.5295	0	0	0	0	0	0	0	2.136755E-10	5.880639E-10	-3.506747E-09	0	0	0
0	9.372695	-89.89172	14.5295	0	0	0	0	0	0	0	0	0	0	0	0	0
0	9.372695	-89.89172	14.5295	0	0	0	0	0	0	0	0	0	0	0	0	0
0	9.372695	-89.89172	14.5295	0	0	0	0	0	0	0	0	0	0	0	0	0
0	9.372695	-89.89172	14.5295	0	0	0	0	0	0	0	0	0	0	0	0	0
0	9.375955	-89.88274	14.47601	0	0	0	0	0	0	0	0.1600853	0.4416791	-2.627249	0	0	0
0	9.392701	-89.89141	14.20118	0	0	0	0	0	0	0	1.298023	-3.883357	-21.30257	0	0	0
0	9.48933	-89.8532	13.66313	0	0	0	0	0	0	0	4.919465	-1.578261	-29.81918	0	0	0
0	9.623184	-89.83452	13.56413	0	0	0	0	0	0	0	12.34818	1.836702	-10.59615	0	0	0
0	9.757207	-89.81575	13.46526	0	0	0	0	0	0	0	2.780736	0.3435403	-1.785812	0	0	0
0	9.885052	-89.86965	13.46595	0	0	0	0	0	0	0	0.9195917	-4.865234	-0.6132142	0	0	0
0	9.885052	-89.86965	13.46595	0	0	0	0	0	0	0	0.002125958	-0.0112477	-0.00141766	0	0	0
0	9.895277	-89.84133	13.30574	0	0	0	0	0	0	0	0.6982726	1.94083	-10.94084	0	0	0
0	9.983033	-89.77449	12.93614	0	0	0	0	0	0	0	9.317156	3.360726	-18.11298	0	0	0
0	10.19221	-89.7261	12.6818	0	0	0	0	0	0	0	19.39971	2.365085	-11.74674	0	0	0
0	10.33791	-89.67715	12.42358	0	0	0	0	0	0	0	4.109878	4.396602	-23.65011	0	0	0
0	10.46972	-89.6673	12.37881	0	0	0	0	0	0	0	4.966563	0.1672488	-0.5746138	0	0	0
0	10.59486	-89.73106	12.43343	0	0	0	0	0	0	0	9.122514	-4.244531	3.690767	0	0	0
0	10.59898	-89.77512	12.37277	0	0	0	0	0	0	0	0.6838708	1.524383	-9.09745	0	0	0
0	10.61709	-89.72552	12.10626	0	0	0	0	0	0	0	1.171448	3.225724	-17.23768	0	0	0
0	10.65691	-89.61449	11.52029	0	0	0	0	0	0	0	3.001054	8.470738	-44.16424	0	0	0
0	10.66776	-89.58376	11.36057	0	0	0	0	0	0	0	0.5000545	1.420797	-7.358925	0	0	0
0	10.675	-89.56316	11.25411	0	0	0	0	0	0	0	0.02388948	0.0681747	-0.3515635	0	0	0
0	10.7401	-89.61707	11.25119	0	0	0	0	0	0	0	0.1293212	-0.1422817	-0.01137586	0	0	0
0	10.79471	-89.75578	11.40073	0	0	0	0	0	0	0	8.530307	-10.90496	6.248876	0	0	0
0	10.79471	-89.75578	11.40073	0	0	0	0	0	0	0	0.1726028	-0.09047731	0.05884981	0	0	0
0	10.79471	-89.75578	11.40073	0	0	0	0	0	0	0	0.001971071	-0.001033223	0.000672047	0	0	0
0	10.79471	-89.75578	11.40073	0	0	0	0	0	0	0	8.632567E-06	-4.52514E-06	2.943319E-06	0	0	0
0	10.79471	-89.75578	11.40073	0	0	0	0	0	0	0	2.746874E-08	-1.439895E-08	9.365611E-09	0	0	0
0	10.79471	-89.75578	11.40073	0	0	0	0	0	0	0	0	0	0	0	0	0
0	10.79471	-89.75578	11.40073	0	0	0	0	0	0	0	0	0	0	0	0	0
0	10.79471	-89.75578	11.40073	0	0	0	0	0	0	0	0	0	0	0	0	0
0	10.79521	-89.8097	11.39348	0	0	0	0	0	0	0	0.03310271	-3.583195	-0.4812954	0	0	0
0	10.79521	-89.8097	11.39348	0	0	0	0	0	0	0	0.0005203039	-0.05632017	-0.007564936	0	0	0
0	10.79521	-89.8097	11.39348	0	0	0	0	0	0	0	2.27874E-06	-0.0002466617	-3.313164E-05	0	0	0
0	10.79521	-89.8097	11.39348	0	0	0	0	0	0	0	1.890647E-08	-2.046526E-06	-2.748898E-07	0	0	0
0	10.73431	-89.79943	11.33582	0	0	0	0	0	0	0	-7.92068	0.5010157	-3.148532	0	0	0
0	10.74887	-89.75815	11.12292	0	0	0	0	0	0	0	1.028235	3.29255	-16.91339	0	0	0
0	10.72085	-89.70734	10.57931	0	0	0	0	0	0	0	3.199528	9.355878	-48.99144	0	0	0
0	10.68111	-89.63273	10.20279	0	0	0	0	0	0	0	1.54167	6.52569	-32.38319	0	0	0
0	10.66648	-89.53425	9.447557	0	0	0	0	0	0	0	-1.228867	2.831884	-16.58773	0	0	0
0	10.77531	-89.45416	8.80808	0	0	0	0	0	0	0	11.59378	6.468528	-38.83567	0	0	0
0	10.77531	-89.45416	8.80808	0	0	0	0	0	0	0	0.3756436	0.1016714	-0.5973509	0	0	0
0	10.77579	-89.50809	8.800913	0	0	0	0	0	0	0	0.01104277	-1.048308	-0.1417584	0	0	0
0	10.76959	-89.63853	8.892714	0	0	0	0	0	0	0	-0.3114958	-5.061383	4.612265	0	0	0
0	10.76959	-89.63853	8.892714	0	0	0	0	0	0	0	-0.002584448	-0.04199376	0.03826748	0	0	0
0	10.76959	-89.63853	8.892714	0	0	0	0	0	0	0	-4.062358E-05	-0.0006600523	0.000601483	0	0	0
0	10.76959	-89.63853	8.892714	0	0	0	0	0	0	0	-1.292638E-07	-2.10028E-06	1.913912E-06	0	0	0
0	10.76959	-89.63853	8.892714	0	0	0	0	0	0	0	-2.988386E-10	-4.855532E-09	4.42468E-09	0	0	0
0	10.76959	-89.63853	8.892714	0	0	0	0	0	0	0	0	0	0	0	0	0
0	10.76959	-89.63853	8.892714	0	0	0	0	0	0	0	0	0	0	0	0	0
0	10.76959	-89.63853	8.892714	0	0	0	0	0	0	0	0	0	0	0	0	0
0	10.76959	-89.63853	8.892714	0	0	0	0	0	0	0	0	0	0	0	0	0
0	10.77675	-89.61597	8.786645	0	0	0	0	0	0	0	0.6582018	2.076277	-9.745502	0	0	0
0	10.78392	-89.59333	8.680594	0	0	0	0	0	0	0	0.2480306	0.7855409	-3.672404	0	0	0
0	10.79108	-89.57061	8.574561	0	0	0	0	0	0	0	0.08014363	0.2548375	-1.186627	0	0	0
0	10.79108	-89.57061	8.574561	0	0	0	0	0	0	0	0.0001852801	0.0005891463	-0.002743304	0	0	0
0	10.78798	-89.63593	8.620475	0	0	0	0	0	0	0	-0.1406059	-4.12839	2.081846	0	0	0
0	10.78082	-89.65861	8.726516	0	0	0	0	0	0	0	-0.06209169	-0.2184528	0.9193453	0	0	0
0	10.78082	-89.65861	8.726516	0	0	0	0	0	0	0	-0.0001435467	-0.0005050303	0.002125389	0	0	0
0	10.78082	-89.65861	8.726516	0	0	0	0	0	0	0	-1.63926E-06	-5.767292E-06	2.42713E-05	0	0	0
0	10.78082	-89.65861	8.726516	0	0	0	0	0	0	0	-2.006633E-09	-6.342547E-09	2.971072E-08	0	0	0
0	10.78082	-89.65861	8.726516	0	0	0	0	0	0	0	0	0	0	0	0	0
0	10.78082	-89.65861	8.726516	0	0	0	0	0	0	0	0	0	0	0	0	0
0	10.78082	-89.65861	8.726516	0	0	0	0	0	0	0	0	0	0	0	0	0
0	10.78082	-89.65861	8.726516	0	0	0	0	0	0	0	0	0	0	0	0	0
0	10.7844	-89.64728	8.673493	0	0	0	0	0	0	0	0.170659	0.5404962	-2.52682	0	0	0
0	10.8023	-89.5903	8.408447	0	0	0	0	0	0	0	1.428495	4.569383	-21.15066	0	0	0
0	10.84571	-89.50529	7.765734	0	0	0	0	0	0	0	1.436656	4.166669	-21.27149	0	0	0
0	10.89216	-89.35124	7.077904	0	0	0	0	0	0	0	3.771397	12.65323	-55.84027	0	0	0
0	10.91001	-89.29102	6.813573	0	0	0	0	0	0	0	1.513886	5.130662	-22.41498	0	0	0
0	10.92834	-89.28421	6.542307	0	0	0	0	0	0	0	0.7439891	-0.1155048	-11.01569	0	0	0
0	10.92834	-89.28421	6.542307	0	0	0	0	0	0	0	0.002367365	-0.0003675352	-0.03505181	0	0	0
0	10.8618	-89.28421	6.537827	0	0	0	0	0	0	0	-15.87068	-5.776868E-06	-1.065888	0	0	0
0	10.86582	-89.32595	6.477963	0	0	0	0	0	0	0	0.5936241	-2.849385	-9.88397	0	0	0
0	10.82133	-89.36011	6.142631	0	0	0	0	0	0	0	-7.218241	-2.29911	-18.92822	0	0	0
0	10.83634	-89.41843	5.917564	0	0	0	0	0	0	0	1.152536	-6.018939	-20.0301	0	0	0
0	10.86894	-89.41351	5.428947	0	0	0	0	0	0	0	0.8071001	-4.456944	-12.1069	0	0	0
0	10.88347	-89.41676	5.211181	0	0	0	0	0	0	0	0.3909972	-3.752203	-5.860992	0	0	0
0	10.90456	-89.34003	4.895011	0	0	0	0	0	0	0	0.6937775	2.514545	-10.39945	0	0	0
0	10.83735	-89.34003	4.890541	0	0	0	0	0	0	0	-4.530746	0.03952328	-0.4645681	0	0	0
0	10.83735	-89.34003	4.890541	0	0	0	0	0	0	0	-0.019843	0.0001730974	-0.002034638	0	0	0
0	10.83735	-89.34003	4.890541	0	0	0	0	0	0	0	-3.332946E-05	2.907445E-07	-3.417495E-06	0	0	0
0	10.8378	-89.394	4.883681	0	0	0	0	0	0	0	0.004370474	-0.519509	-0.06591976	0	0	0
0	10.83431	-89.40685	4.936365	0	0	0	0	0	0	0	-0.06388324	-0.2353102	0.9635496	0	0	0
0	10.83082	-89.41966	4.989053	0	0	0	0	0	0	0	-0.1667859	-0.6115592	2.515627	0	0	0
0	10.83082	-89.41966	4.989053	0	0	0	0	0	0	0	-0.0007304609	-0.002678405	0.01101752	0	0	0
0	10.83082	-89.41966	4.989053	0	0	0	0	0	0	0	-1.688717E-06	-6.191998E-06	2.547088E-05	0	0	0
0	10.83082	-89.41966	4.989053	0	0	0	0	0	0	0	-2.836467E-09	-1.040044E-08	4.278236E-08	0	0	0
0	10.83082	-89.41966	4.989053	0	0	0	0	0	0	0	0	0	0	0	0	0
0	10.82732	-89.43246	5.041747	0	0	0	0	0	0	0	-0.06633044	-0.2427804	1.000461	0	0	0
0	10.82732	-89.43246	5.041747	0	0	0	0	0	0	0	-0.0007574735	-0.002772479	0.01142495	0	0	0
0	10.82732	-89.43246	5.041747	0	0	0	0	0	0	0	-3.317456E-06	-1.214244E-05	5.003711E-05	0	0	0
0	10.82732	-89.43246	5.041747	0	0	0	0	0	0	0	-5.57219E-09	-2.039515E-08	8.404522E-08	0	0	0
0	10.82732	-89.43246	5.041747	0	0	0	0	0	0	0	0	0	0	0	0	0
0	10.82383	-89.44524	5.094446	0	0	0	0	0	0	0	-0.2474286	-0.9040165	3.731959	0	0	0
0	10.82383	-89.44524	5.094446	0	0	0	0	0	0	0	-0.0001593873	-0.0005823449	0.002404035	0	0	0
0	10.82383	-89.44524	5.094446	0	0	0	0	0	0	0	-5.071688E-07	-1.853015E-06	7.649615E-06	0	0	0
0	10.7567	-89.44524	5.090009	0	0	0	0	0	0	0	-0.4742131	-5.896275E-09	-0.03124441	0	0	0
0	10.7567	-89.44524	5.090009	0	0	0	0	0	0	0	-0.00109631	0	-7.223247E-05	0	0	0
0	10.7567	-89.44524	5.090009	0	0	0	0	0	0	0	-1.841425E-06	0	-1.213258E-07	0	0	0
0	10.7567	-89.44524	5.090009	0	0	0	0	0	0	0	-3.092964E-09	0	-2.037859E-10	0	0	0
0	10.7567	-89.44524	5.090009	0	0	0	0	0	0	0	0	0	0	0	0	0
0	10.76017	-89.43246	5.037309	0	0	0	0	0	0	0	0.829776	3.056072	-12.59394	0	0	0
0	10.76364	-89.41966	4.984613	0	0	0	0	0	0	0	0.4354049	1.606457	-6.608367	0	0	0
0	10.77058	-89.394	4.879239	0	0	0	0	0	0	0	0.3979439	1.473467	-6.039801	0	0	0
0	10.70681	-89.38113	4.822142	0	0	0	0	0	0	0	-0.2524267	0.3384488	-1.407362	0	0	0
0	10.643	-89.36826	4.765076	0	0	0	0	0	0	0	-1.727629	0.1314396	-0.6515751	0	0	0
0	10.57573	-89.36826	4.760714	0	0	0	0	0	0	0	-1.215008	0.0001604014	-0.07920588	0	0	0
0	10.58254	-89.34241	4.655372	0	0	0	0	0	0	0	0.4064647	1.555297	-6.331005	0	0	0
0	10.52199	-89.3165	4.545711	0	0	0	0	0	0	0	-10.78009	2.63887	-11.44068	0	0	0
0	10.46472	-89.27746	4.383449	0	0	0	0	0	0	0	-1.657541	2.869215	-11.73062	0	0	0
0	10.34645	-89.21196	4.111741	0	0	0	0	0	0	0	-3.715873	0.8612137	-3.692924	0	0	0
0	10.21792	-89.18561	3.998057	0	0	0	0	0	0	0	-2.556876	0.5103271	-2.201363	0	0	0
0	10.02158	-89.15917	3.88036	0	0	0	0	0	0	0	-11.9479	0.2608575	-1.768327	0	0	0
0	10.02478	-89.14593	3.827759	0	0	0	0	0	0	0	0.1012352	1.20025	-4.772232	0	0	0
0	9.908439	-89.06597	3.504065	0	0	0	0	0	0	0	-15.90068	1.136277	-5.432951	0	0	0
0	9.850066	-89.02571	3.342321	0	0	0	0	0	0	0	-7.915886	2.377818	-9.793749	0	0	0
0	9.726734	-88.97173	3.124098	0	0	0	0	0	0	0	-6.217008	4.273883	-17.00599	0	0	0
0	9.53804	-88.90376	2.849608	0	0	0	0	0	0	0	-20.59591	2.347243	-10.24856	0	0	0
0	9.342754	-88.86272	2.680453	0	0	0	0	0	0	0	-7.295004	3.801376	-15.01221	0	0	0
0	9.144169	-88.83525	2.564064	0	0	0	0	0	0	0	-5.806516	3.068525	-12.06623	0	0	0
0	8.962651	-88.77851	2.126306	0	0	0	0	0	0	0	-12.92532	5.398758	-22.1538	0	0	0
0	8.788328	-88.67802	1.531939	0	0	0	0	0	0	0	-7.746602	6.831837	-51.08628	0	0	0
0	8.596008	-88.60695	1.259339	0	0	0	0	0	0	0	-13.77993	6.706704	-25.93192	0	0	0
0	8.209702	-88.51719	0.7084402	0	0	0	0	0	0	0	-21.74924	7.608095	-32.35479	0	0	0
0	7.944177	-88.51308	0.4791729	0	0	0	0	0	0	0	-23.10489	-0.9638523	-10.99069	0	0	0
0	7.670441	-88.4985	0.4140413	0	0	0	0	0	0	0	-20.16823	0.03552251	-1.107216	0	0	0
0	7.599324	-88.56707	0.4564366	0	0	0	0	0	0	0	-5.035602	-2.997531	6.882177	0	0	0
0	7.663891	-88.65015	0.5574418	0	0	0	0	0	0	0	0.1114757	-3.378493	10.74838	0	0	0
0	7.733196	-88.70415	0.5538938	0	0	0	0	0	0	0	0.957058	-0.339772	0.2460594	0	0	0
0	7.730785	-88.71866	0.6062027	0	0	0	0	0	0	0	-0.0005115845	-0.02977073	0.1030986	0	0	0
0	7.730785	-88.71866	0.6062027	0	0	0	0	0	0	0	-1.182707E-06	-6.882547E-05	0.0002383485	0	0	0
0	7.730785	-88.71866	0.6062027	0	0	0	0	0	0	0	-1.858963E-08	-1.081789E-06	3.74633E-06	0	0	0
0	7.730785	-88.71866	0.6062027	0	0	0	0	0	0	0	-5.491472E-10	-3.303309E-09	1.191548E-08	0	0	0
0	7.730785	-88.71866	0.6062027	0	0	0	0	0	0	0	0	0	0	0	0	0
0	7.730785	-88.71866	0.6062027	0	0	0	0	0	0	0	0	0	0	0	0	0
0	7.730785	-88.71866	0.6062027	0	0	0	0	0	0	0	0	0	0	0	0	0
0	7.730785	-88.71866	0.6062027	0	0	0	0	0	0	0	0	0	0	0	0	0
0	7.731094	-88.77265	0.599511	0	0	0	0	0	0	0	0.02684154	-4.707492	-0.582412	0	0	0
0	7.731094	-88.77265	0.599511	0	0	0	0	0	0	0	0.0003065223	-0.05375814	-0.006650968	0	0	0
0	7.731094	-88.77265	0.599511	0	0	0	0	0	0	0	1.342455E-06	-0.0002354409	-2.91288E-05	0	0	0
0	7.728683	-88.78715	0.6518258	0	0	0	0	0	0	0	-0.02370947	-0.1424	0.5144519	0	0	0
0	7.72899	-88.84114	0.6451562	0	0	0	0	0	0	0	0.002947656	-0.5324262	-0.0639587	0	0	0
0	7.72899	-88.84114	0.6451562	0	0	0	0	0	0	0	8.777042E-05	-0.01585371	-0.001904456	0	0	0
0	7.72899	-88.84114	0.6451562	0	0	0	0	0	0	0	2.792846E-07	-5.044633E-05	-6.05996E-06	0	0	0
0	7.72899	-88.84114	0.6451562	0	0	0	0	0	0	0	6.041982E-09	-1.091345E-06	-1.310999E-07	0	0	0
0	7.72899	-88.84114	0.6451562	0	0	0	0	0	0	0	1.971759E-11	-3.469693E-09	-4.278353E-10	0	0	0
0	7.72899	-88.84114	0.6451562	0	0	0	0	0	0	0	0	0	0	0	0	0
0	7.72899	-88.84114	0.6451562	0	0	0	0	0	0	0	0	0	0	0	0	0
0	7.731401	-88.82665	0.5928414	0	0	0	0	0	0	0	0.0232438	0.1398194	-0.5043476	0	0	0
0	7.731401	-88.82665	0.5928414	0	0	0	0	0	0	0	0.0002654371	0.001596695	-0.005759496	0	0	0
0	7.731401	-88.82665	0.5928414	0	0	0	0	0	0	0	1.162517E-06	6.992939E-06	-2.522448E-05	0	0	0
0	7.733812	-88.81214	0.5405325	0	0	0	0	0	0	0	0.008668883	0.05222892	-0.1880988	0	0	0
0	7.733812	-88.81214	0.5405325	0	0	0	0	0	0	0	0.0001875407	0.001129909	-0.004069288	0	0	0
0	7.733812	-88.81214	0.5405325	0	0	0	0	0	0	0	4.335662E-07	2.612182E-06	-9.407587E-06	0	0	0
0	7.802814	-88.81214	0.5437269	0	0	0	0	0	0	0	6.082889	2.983032E-08	0.2828478	0	0	0
0	7.802814	-88.81214	0.5437269	0	0	0	0	0	0	0	0.05046909	0	0.002346759	0	0	0
0	7.795517	-88.85561	0.7006682	0	0	0	0	0	0	0	-0.6718757	-3.999615	14.47278	0	0	0
0	7.788217	-88.8989	0.8576624	0	0	0	0	0	0	0	-0.3858951	-2.282563	8.299062	0	0	0
0	7.788217	-88.8989	0.8576624	0	0	0	0	0	0	0	-0.003201731	-0.01893819	0.06885645	0	0	0
0	7.787907	-88.8449	0.864332	0	0	0	0	0	0	0	-0.03923146	6.813029	0.8437064	0	0	0
0	7.787907	-88.8449	0.864332	0	0	0	0	0	0	0	-0.0006166347	0.1070863	0.01326126	0	0	0
0	7.854321	-88.85928	0.9198906	0	0	0	0	0	0	0	8.804053	-0.140475	0.9269713	0	0	0
0	7.849409	-88.88799	1.024593	0	0	0	0	0	0	0	-0.459952	-3.271728	11.95721	0	0	0
0	7.910778	-88.93089	1.184928	0	0	0	0	0	0	0	0.4746001	-4.431994	16.32795	0	0	0
0	7.900862	-88.98779	1.394467	0	0	0	0	0	0	0	-0.6933187	-3.981903	14.71159	0	0	0
0	7.890942	-89.04434	1.604099	0	0	0	0	0	0	0	-0.523253	-2.973444	11.05712	0	0	0
0	7.890625	-88.99035	1.61079	0	0	0	0	0	0	0	-0.04132668	6.822623	0.8732869	0	0	0
0	7.890625	-88.99035	1.61079	0	0	0	0	0	0	0	-6.941469E-05	0.01145967	0.001466823	0	0	0
0	7.890307	-88.93636	1.617503	0	0	0	0	0	0	0	-0.0004577014	0.07765932	0.00967183	0	0	0
0	7.892788	-88.92225	1.565086	0	0	0	0	0	0	0	0.2227046	1.269327	-4.706039	0	0	0
0	7.900228	-88.8798	1.407871	0	0	0	0	0	0	0	0.18953	1.084029	-4.005017	0	0	0
0	7.907665	-88.83715	1.250708	0	0	0	0	0	0	0	0.6699186	3.850227	-14.15625	0	0	0
0	7.910144	-88.8229	1.198332	0	0	0	0	0	0	0	0.0151083	0.08697187	-0.3192581	0	0	0
0	7.910144	-88.8229	1.198332	0	0	0	0	0	0	0	0.0002374702	0.001367012	-0.005018055	0	0	0
0	7.84878	-88.78	1.037997	0	0	0	0	0	0	0	-2.759059	2.619828	-9.721401	0	0	0
0	7.797016	-88.67915	0.668423	0	0	0	0	0	0	0	-2.101913	6.798703	-24.71313	0	0	0
0	7.811607	-88.59189	0.3546291	0	0	0	0	0	0	0	0.8712977	5.459019	-19.53793	0	0	0
0	7.838332	-88.42989	-0.2201024	0	0	0	0	0	0	0	1.757282	10.74423	-37.79538	0	0	0
0	7.711619	-88.35542	-0.4875021	0	0	0	0	0	0	0	-4.137285	1.57968	-5.714802	0	0	0
0	7.582126	-88.29544	-0.7024937	0	0	0	0	0	0	0	-6.288378	4.809873	-17.0036	0	0	0
0	7.443095	-88.29544	-0.708672	0	0	0	0	0	0	0	-4.753064	0.02106548	-0.2824933	0	0	0
0	7.440798	-88.31047	-0.6565027	0	0	0	0	0	0	0	-0.04499013	-0.1951761	0.677567	0	0	0
0	7.4385	-88.32547	-0.6043271	0	0	0	0	0	0	0	-0.01570895	-0.1013936	0.3528744	0	0	0
0	7.4385	-88.32547	-0.6043271	0	0	0	0	0	0	0	-6.879944E-05	-0.0004440666	0.00154546	0	0	0
0	7.4385	-88.32547	-0.6043271	0	0	0	0	0	0	0	-8.303576E-08	-5.419134E-07	1.886032E-06	0	0	0
0	7.436203	-88.34045	-0.5521455	0	0	0	0	0	0	0	-0.008495175	-0.0553566	0.1929551	0	0	0
0	7.436203	-88.34045	-0.5521455	0	0	0	0	0	0	0	-0.000133526	-0.0008700875	0.003032842	0	0	0
0	7.433906	-88.35542	-0.4999578	0	0	0	0	0	0	0	-0.005912834	-0.03847017	0.1343011	0	0	0
0	7.433906	-88.35542	-0.4999578	0	0	0	0	0	0	0	-0.0001760626	-0.001145501	0.003998997	0	0	0
0	7.436793	-88.44844	-0.565552	0	0	0	0	0	0	0	0.2218428	-11.71836	-5.038824	0	0	0
0	7.370769	-88.64948	-0.6473276	0	0	0	0	0	0	0	-8.310736	-15.51403	-7.206542	0	0	0
0	7.307197	-88.88953	-0.7873847	0	0	0	0	0	0	0	-1.544614	-20.141	-6.093899	0	0	0
0	7.17582	-89.06043	-0.9755776	0	0	0	0	0	0	0	-5.043978	-11.54339	-6.739971	0	0	0
0	6.908442	-89.09274	-1.260598	0	0	0	0	0	0	0	-15.48309	4.178772	-28.87054	0	0	0
0	6.703323	-89.06229	-1.373233	0	0	0	0	0	0	0	-15.40572	1.538868	-6.094	0	0	0
0	6.493948	-89.06229	-1.381373	0	0	0	0	0	0	0	-11.04764	0.006739678	-0.4467078	0	0	0
0	6.354359	-89.06229	-1.386656	0	0	0	0	0	0	0	-1.083086	1.558113E-05	-0.04060258	0	0	0
0	6.354359	-89.06229	-1.386656	0	0	0	0	0	0	0	-0.008986253	1.29275E-07	-0.0003368753	0	0	0
0	6.358261	-89.03175	-1.490881	0	0	0	0	0	0	0	0.1063081	0.833593	-2.84074	0	0	0
0	6.152513	-89.00113	-1.6028	0	0	0	0	0	0	0	-18.77249	0.4200364	-2.108626	0	0	0
0	6.01827	-88.95503	-1.764067	0	0	0	0	0	0	0	-9.726355	4.294433	-14.88837	0	0	0
0	5.813747	-88.90875	-1.927577	0	0	0	0	0	0	0	-5.449418	3.146513	-10.79439	0	0	0
0	5.542125	-88.83118	-2.197156	0	0	0	0	0	0	0	-7.611656	2.498827	-8.609076	0	0	0
0	5.336614	-88.78439	-2.359941	0	0	0	0	0	0	0	-17.65276	2.317524	-8.272185	0	0	0
0	5.33824	-88.76875	-2.411955	0	0	0	0	0	0	0	-0.167554	1.095299	-3.648604	0	0	0
0	5.344741	-88.70598	-2.619944	0	0	0	0	0	0	0	0.2675269	2.599127	-8.586467	0	0	0
0	5.204134	-88.70598	-2.624282	0	0	0	0	0	0	0	-4.799478	0.001216445	-0.1501095	0	0	0
0	4.993217	-88.70598	-2.630572	0	0	0	0	0	0	0	-20.22691	5.327582E-06	-0.5907125	0	0	0
0	4.852602	-88.70598	-2.63462	0	0	0	0	0	0	0	-2.171223	1.695231E-08	-0.06162012	0	0	0
0	4.782292	-88.70598	-2.636601	0	0	0	0	0	0	0	-0.6939563	0	-0.01940913	0	0	0
0	4.782292	-88.70598	-2.636601	0	0	0	0	0	0	0	-0.001604323	0	-4.487102E-05	0	0	0
0	4.7852	-88.67446	-2.740568	0	0	0	0	0	0	0	0.1986146	2.155722	-7.101422	0	0	0
0	4.788107	-88.64286	-2.844508	0	0	0	0	0	0	0	0.2072465	2.255968	-7.409914	0	0	0
0	4.788107	-88.64286	-2.844508	0	0	0	0	0	0	0	0.01046945	0.1139644	-0.3743257	0	0	0
0	4.722007	-88.59531	-3.002327	0	0	0	0	0	0	0	-4.763547	0.6408562	-2.22863	0	0	0
0	4.582475	-88.57941	-3.058096	0	0	0	0	0	0	0	-11.05283	0.2122243	-0.9890194	0	0	0
0	4.582304	-88.52538	-3.05173	0	0	0	0	0	0	0	-0.4065199	6.943566	0.7978568	0	0	0
0	4.37086	-88.52538	-3.057252	0	0	0	0	0	0	0	-17.66736	0.01605249	-0.4486454	0	0	0
0	4.229736	-88.47134	-3.054401	0	0	0	0	0	0	0	-17.79494	1.882392	-0.2160512	0	0	0
0	4.159255	-88.47134	-3.056126	0	0	0	0	0	0	0	-12.42784	0.02958719	-0.2980614	0	0	0
0	4.159255	-88.47134	-3.056126	0	0	0	0	0	0	0	-0.03954525	9.414611E-05	-0.0009484282	0	0	0
0	4.159255	-88.47134	-3.056126	0	0	0	0	0	0	0	-0.0006215668	1.479776E-06	-1.490727E-05	0	0	0
0	4.09125	-88.43949	-3.161696	0	0	0	0	0	0	0	-11.7399	2.81475	-9.45101	0	0	0
0	3.951394	-88.42353	-3.216931	0	0	0	0	0	0	0	-18.70761	1.479996	-5.245869	0	0	0
0	3.669196	-88.42353	-3.223198	0	0	0	0	0	0	0	-15.83447	0.006481841	-0.3597168	0	0	0
0	3.317315	-88.35352	-3.275894	0	0	0	0	0	0	0	-21.29818	2.080435	-6.821265	0	0	0
0	2.964335	-88.29949	-3.275918	0	0	0	0	0	0	0	-22.17781	6.760211	0.4081447	0	0	0
0	2.540892	-88.29949	-3.28271	0	0	0	0	0	0	0	-18.32919	0.01135484	-0.2700208	0	0	0
0	2.259271	-88.28349	-3.338582	0	0	0	0	0	0	0	-21.59264	1.123042	-3.92618	0	0	0
0	1.835607	-88.22946	-3.337177	0	0	0	0	0	0	0	-22.04951	2.598457	0.05879783	0	0	0
0	1.553214	-88.22946	-3.339964	0	0	0	0	0	0	0	-16.51732	0.006007245	-0.1487451	0	0	0
0	1.341417	-88.22946	-3.341749	0	0	0	0	0	0	0	-11.48822	9.442106E-05	-0.08974604	0	0	0
0	1.129618	-88.22946	-3.343274	0	0	0	0	0	0	0	-7.040936	3.004468E-07	-0.04632424	0	0	0
0	1.059017	-88.22946	-3.343724	0	0	0	0	0	0	0	-0.8563548	6.4875E-09	-0.005282048	0	0	0
0	0.9884171	-88.22946	-3.344145	0	0	0	0	0	0	0	-0.4927374	0	-0.002836614	0	0	0
0	0.988716	-88.21344	-3.396066	0	0	0	0	0	0	0	0.009447291	0.5511588	-1.784865	0	0	0
0	0.9893137	-88.18134	-3.49989	0	0	0	0	0	0	0	0.04195409	2.25762	-7.289947	0	0	0
0	0.9896125	-88.16525	-3.551792	0	0	0	0	0	0	0	0.0105643	0.5691287	-1.835093	0	0	0
0	0.9896125	-88.16525	-3.551792	0	0	0	0	0	0	0	0.0001660491	0.008945487	-0.02884375	0	0	0
0	0.9899113	-88.14915	-3.603688	0	0	0	0	0	0	0	0.05094825	2.748666	-8.850025	0	0	0
0	0.9899113	-88.14915	-3.603688	0	0	0	0	0	0	0	6.727224E-11	3.629348E-09	-1.16856E-08	0	0	0
0	0.9899113	-88.14915	-3.603688	0	0	0	0	0	0	0	0	0	0	0	0	0
0	0.9899113	-88.14915	-3.603688	0	0	0	0	0	0	0	0	0	0	0	0	0
0	0.9899113	-88.14915	-3.603688	0	0	0	0	0	0	0	0	0	0	0	0	0
0	0.9899113	-88.14915	-3.603688	0	0	0	0	0	0	0	0	0	0	0	0	0
0	0.9899113	-88.14915	-3.603688	0	0	0	0	0	0	0	0	0	0	0	0	0
0	0.9899113	-88.14915	-3.603688	0	0	0	0	0	0	0	0	0	0	0	0	0
0	0.9899113	-88.14915	-3.603688	0	0	0	0	0	0	0	0	0	0	0	0	0
0	0.9899113	-88.14915	-3.603688	0	0	0	0	0	0	0	0	0	0	0	0	0
0	0.9899113	-88.14915	-3.603688	0	0	0	0	0	0	0	0	0	0	0	0	0
0	0.9908073	-88.1007	-3.759335	0	0	0	0	0	0	0	0.100928	5.468591	-17.53182	0	0	0
0	0.7792261	-88.10609	-3.922472	0	0	0	0	0	0	0	-10.11824	1.917782	-14.79244	0	0	0
0	0.4966551	-88.13267	-4.195551	0	0	0	0	0	0	0	-22.46791	-3.409532	-18.14276	0	0	0
0	0.3552062	-88.17517	-4.415887	0	0	0	0	0	0	0	-8.172052	-8.982726	-4.597346	0	0	0
0	0.1422633	-88.21735	-4.635985	0	0	0	0	0	0	0	-13.40751	-7.19609	-3.321621	0	0	0
0	0.07121938	-88.20515	-4.849345	0	0	0	0	0	0	0	-1.990099	-11.66802	-6.804495	0	0	0
0	-0.07124066	-88.18854	-4.901081	0	0	0	0	0	0	0	-3.642741	-0.01960038	-0.1263004	0	0	0
0	-0.1424813	-88.18854	-4.901037	0	0	0	0	0	0	0	-0.714045	-6.236821E-05	0.0001805762	0	0	0
0	-0.1424813	-88.18854	-4.901037	0	0	0	0	0	0	0	-0.008154178	-7.12226E-07	2.062125E-06	0	0	0
0	-0.1424813	-88.18854	-4.901037	0	0	0	0	0	0	0	-2.594651E-05	-2.266296E-09	6.561661E-09	0	0	0
0	-0.1424813	-88.18854	-4.901037	0	0	0	0	0	0	0	-2.152754E-07	0	1.77042E-10	0	0	0
0	-0.2137935	-88.22595	-4.958973	0	0	0	0	0	0	0	-1.280604	-7.353265	-1.562765	0	0	0
0	-0.2138012	-88.28	-4.965231	0	0	0	0	0	0	0	-0.01534544	-5.139983	-0.6021535	0	0	0
0	-0.285354	-88.39214	-5.138918	0	0	0	0	0	0	0	-0.7107887	-1.399627	-15.19102	0	0	0
0	-0.357024	-88.39597	-5.300043	0	0	0	0	0	0	0	-4.582956	0.2525465	-1.049048	0	0	0
0	-0.4286837	-88.36239	-5.403238	0	0	0	0	0	0	0	-4.720844	0.8617789	-2.639172	0	0	0
0	-0.5001308	-88.36239	-5.403047	0	0	0	0	0	0	0	-1.367903	0.009841253	-0.02633422	0	0	0
0	-0.5001308	-88.36239	-5.403047	0	0	0	0	0	0	0	-0.02150052	0.0001546835	-0.0004139176	0	0	0
0	-0.5001308	-88.36239	-5.403047	0	0	0	0	0	0	0	-6.841443E-05	4.926167E-07	-1.317034E-06	0	0	0
0	-0.5001308	-88.36239	-5.403047	0	0	0	0	0	0	0	-1.480063E-06	1.065716E-08	-2.849243E-08	0	0	0
0	-0.5001485	-88.41645	-5.409194	0	0	0	0	0	0	0	-1.322186E-05	-0.04046878	-0.004593475	0	0	0
0	-0.5715981	-88.41645	-5.408974	0	0	0	0	0	0	0	-1.810599	-9.355778E-05	0.005945533	0	0	0
0	-0.5715981	-88.41645	-5.408974	0	0	0	0	0	0	0	-0.01091438	-5.639707E-07	3.583995E-05	0	0	0
0	-0.5715981	-88.41645	-5.408974	0	0	0	0	0	0	0	-2.523241E-05	0	8.300461E-08	0	0	0
0	-0.5715981	-88.41645	-5.408974	0	0	0	0	0	0	0	-3.965996E-07	0	1.304655E-09	0	0	0
0	-0.5715981	-88.41645	-5.408974	0	0	0	0	0	0	0	0	0	0	0	0	0
0	-0.5715981	-88.41645	-5.408974	0	0	0	0	0	0	0	0	0	0	0	0	0
0	-0.5715981	-88.41645	-5.408974	0	0	0	0	0	0	0	0	0	0	0	0	0
0	-0.5715778	-88.36239	-5.402827	0	0	0	0	0	0	0	4.004893E-05	0.1068681	0.0121744	0	0	0
0	-0.5713671	-88.27107	-5.33879	0	0	0	0	0	0	0	0.00530809	5.006376	1.613596	0	0	0
0	-0.5707749	-88.10516	-5.158738	0	0	0	0	0	0	0	0.02283514	10.73977	6.941611	0	0	0
0	-0.5695862	-87.77287	-4.797389	0	0	0	0	0	0	0	0.07613476	17.94438	23.14406	0	0	0
0	-0.5682435	-87.51046	-4.389236	0	0	0	0	0	0	0	0.1022314	21.0004	31.07711	0	0	0
0	-0.565316	-87.2851	-3.49931	0	0	0	0	0	0	0	0.1913449	1.078491	58.16657	0	0	0
0	-0.5610192	-87.62742	-2.193126	0	0	0	0	0	0	0	0.2230835	-20.03052	67.81473	0	0	0
0	-0.6292187	-87.78223	-1.672022	0	0	0	0	0	0	0	-4.417214	-13.00342	44.11512	0	0	0
0	-0.6280357	-87.82012	-1.352352	0	0	0	0	0	0	0	0.09253604	-0.8543315	28.93522	0	0	0
0	-0.6278426	-87.83537	-1.300194	0	0	0	0	0	0	0	0.003929943	0.05614934	1.14693	0	0	0
0	-0.6280357	-87.82012	-1.352352	0	0	0	0	0	0	0	-0.002507104	0.1986696	-0.6773051	0	0	0
0	-0.6280102	-87.76615	-1.345477	0	0	0	0	0	0	0	0.0006455448	1.384763	0.1744335	0	0	0
0	-0.6280102	-87.76615	-1.345477	0	0	0	0	0	0	0	1.014659E-05	0.02176552	0.002741723	0	0	0
0	-0.6280102	-87.76615	-1.345477	0	0	0	0	0	0	0	3.228633E-08	6.925764E-05	8.724132E-06	0	0	0
0	-0.6276241	-87.7966	-1.241155	0	0	0	0	0	0	0	0.02599694	-2.047477	7.024668	0	0	0
0	-0.6268517	-87.85725	-1.032437	0	0	0	0	0	0	0	0.02544022	-1.99148	6.874235	0	0	0
0	-0.6266074	-87.76443	-0.9664257	0	0	0	0	0	0	0	0.007164566	13.73817	1.935947	0	0	0
0	-0.6259763	-87.7017	-0.7958998	0	0	0	0	0	0	0	0.06449863	4.084524	17.42826	0	0	0
0	-0.6259763	-87.7017	-0.7958998	0	0	0	0	0	0	0	0.0003042668	0.06343921	0.08221633	0	0	0
0	-0.6259763	-87.7017	-0.7958998	0	0	0	0	0	0	0	7.034193E-07	0.000146662	0.0001900719	0	0	0
0	-0.6257831	-87.71672	-0.7436802	0	0	0	0	0	0	0	0.03320416	-2.579442	8.972142	0	0	0
0	-0.6250098	-87.7766	-0.5347407	0	0	0	0	0	0	0	0.06696072	-5.169888	18.09355	0	0	0
0	-0.6242362	-87.83615	-0.3257039	0	0	0	0	0	0	0	0.06966121	-5.345217	18.82325	0	0	0
0	-0.622107	-87.99814	0.2496446	0	0	0	0	0	0	0	0.1095766	-8.264747	29.60883	0	0	0
0	-0.6190051	-88.22915	1.087798	0	0	0	0	0	0	0	0.1623478	-11.93724	43.86821	0	0	0
0	-0.5485013	-88.37076	1.612162	0	0	0	0	0	0	0	1.334188	-6.423911	23.98862	0	0	0
0	-0.5460821	-88.56541	2.347569	0	0	0	0	0	0	0	0.05476474	-4.039445	15.43897	0	0	0
0	-0.5446751	-88.6208	2.775281	0	0	0	0	0	0	0	0.04454894	-3.121392	13.52339	0	0	0
0	-0.544502	-88.63437	2.827897	0	0	0	0	0	0	0	0.01187514	-0.9272513	3.609742	0	0	0
0	-0.544502	-88.63437	2.827897	0	0	0	0	0	0	0	2.745234E-05	-0.002143667	0.008345185	0	0	0
0	-0.5444558	-88.52646	2.841933	0	0	0	0	0	0	0	0.003060415	7.127822	0.9303296	0	0	0
0	-0.5444326	-88.4725	2.848984	0	0	0	0	0	0	0	0.0004317654	1.00268	0.1312515	0	0	0
0	-0.5444094	-88.41856	2.856057	0	0	0	0	0	0	0	0.0003062019	0.7088436	0.09308173	0	0	0
0	-0.544386	-88.36461	2.863152	0	0	0	0	0	0	0	0.0001196519	0.2761159	0.03637274	0	0	0
0	-0.5441895	-88.32422	2.92289	0	0	0	0	0	0	0	0.009679331	2.888085	2.942401	0	0	0
0	-0.5441895	-88.32422	2.92289	0	0	0	0	0	0	0	3.079953E-05	0.009189856	0.009362689	0	0	0
0	-0.5444413	-88.08135	2.846342	0	0	0	0	0	0	0	-0.004029501	1.281562	-1.22492	0	0	0
0	-0.5445906	-88.01383	2.800958	0	0	0	0	0	0	0	-0.001176517	0.1233152	-0.3576472	0	0	0
0	-0.5445906	-88.01383	2.800958	0	0	0	0	0	0	0	-1.343547E-05	0.001408222	-0.004084223	0	0	0
0	-0.6126642	-88.01383	2.801196	0	0	0	0	0	0	0	-2.383422	8.48883E-06	0.008795965	0	0	0
0	-0.6126642	-88.01383	2.801196	0	0	0	0	0	0	0	-0.05156244	1.836455E-07	0.00019029	0	0	0
0	-0.6128588	-88.00021	2.748592	0	0	0	0	0	0	0	-0.009642269	0.6590763	-2.54441	0	0	0
0	-0.6811404	-87.93266	2.703508	0	0	0	0	0	0	0	-8.903	6.859083	-12.38703	0	0	0
0	-0.7496638	-87.79748	2.613184	0	0	0	0	0	0	0	-8.809098	7.778922	-6.4379	0	0	0
0	-0.8185206	-87.64848	2.470429	0	0	0	0	0	0	0	-16.40715	10.39992	-17.02693	0	0	0
0	-0.8874941	-87.49931	2.327841	0	0	0	0	0	0	0	-2.572128	6.768209	-16.67075	0	0	0
0	-0.9563245	-87.41772	2.230532	0	0	0	0	0	0	0	-8.618868	3.237525	-10.10286	0	0	0
0	-1.025883	-87.3082	2.028251	0	0	0	0	0	0	0	-2.512025	4.057032	-14.72653	0	0	0
0	-1.026854	-87.26627	1.870725	0	0	0	0	0	0	0	-0.1311365	3.408605	-12.76047	0	0	0
0	-1.028473	-87.19595	1.608297	0	0	0	0	0	0	0	-0.08088143	3.520864	-13.08585	0	0	0
0	-1.030091	-87.12509	1.346012	0	0	0	0	0	0	0	-0.1735715	7.632794	-28.13993	0	0	0
0	-1.100142	-87.06802	1.136727	0	0	0	0	0	0	0	-0.248896	2.635577	-9.653064	0	0	0
0	-1.239597	-86.9962	0.875668	0	0	0	0	0	0	0	-10.27018	6.936579	-25.13208	0	0	0
0	-1.379481	-86.92385	0.614872	0	0	0	0	0	0	0	-12.72243	4.793633	-17.17821	0	0	0
0	-1.589862	-86.82166	0.2503332	0	0	0	0	0	0	0	-6.082685	5.218155	-18.54984	0	0	0
0	-1.731333	-86.73325	-0.06209662	0	0	0	0	0	0	0	-5.633234	2.887855	-10.14395	0	0	0
0	-1.943296	-86.62911	-0.4256465	0	0	0	0	0	0	0	-9.592107	1.724329	-5.915496	0	0	0
0	-2.085961	-86.53903	-0.7373055	0	0	0	0	0	0	0	-2.822721	5.346506	-18.47833	0	0	0
0	-2.155489	-86.53903	-0.7364334	0	0	0	0	0	0	0	-0.5126638	0.08403566	-0.2844534	0	0	0
0	-2.155489	-86.53903	-0.7364334	0	0	0	0	0	0	0	-0.001631291	0.0002674006	-0.0009051277	0	0	0
0	-2.225018	-86.53903	-0.7355328	0	0	0	0	0	0	0	-8.755922	4.491415E-07	0.1152187	0	0	0
0	-2.225115	-86.59293	-0.7429573	0	0	0	0	0	0	0	-0.1389345	-0.7205292	-0.0972867	0	0	0
0	-2.225115	-86.59293	-0.7429573	0	0	0	0	0	0	0	-0.000608482	-0.003155653	-0.0004260799	0	0	0
0	-2.225213	-86.64684	-0.7503598	0	0	0	0	0	0	0	-0.008666744	-4.802144	-0.6584653	0	0	0
0	-2.225213	-86.64684	-0.7503598	0	0	0	0	0	0	0	-0.0001362227	-0.07547945	-0.01034967	0	0	0
0	-2.225213	-86.64684	-0.7503598	0	0	0	0	0	0	0	-4.333633E-07	-0.0002401748	-3.293253E-05	0	0	0
0	-2.225213	-86.64684	-0.7503598	0	0	0	0	0	0	0	-6.811546E-09	-3.775035E-06	-5.176291E-07	0	0	0
0	-2.225213	-86.64684	-0.7503598	0	0	0	0	0	0	0	-2.983207E-11	-1.653327E-08	-2.267025E-09	0	0	0
0	-2.225213	-86.64684	-0.7503598	0	0	0	0	0	0	0	0	0	0	0	0	0
0	-2.225213	-86.64684	-0.7503598	0	0	0	0	0	0	0	0	0	0	0	0	0
0	-2.225899	-86.63175	-0.8025568	0	0	0	0	0	0	0	-0.00361353	0.07943802	-0.2746027	0	0	0
0	-2.229333	-86.55599	-1.06345	0	0	0	0	0	0	0	-0.3091311	6.847683	-23.49177	0	0	0
0	-2.374695	-86.54149	-1.493399	0	0	0	0	0	0	0	-9.47353	-0.3646534	-33.25611	0	0	0
0	-2.449993	-86.54117	-1.871691	0	0	0	0	0	0	0	-2.430939	-0.03791946	-38.38163	0	0	0
0	-2.595747	-86.53983	-2.2485	0	0	0	0	0	0	0	-6.626334	1.289294	-16.87604	0	0	0
0	-2.59755	-86.61629	-2.367008	0	0	0	0	0	0	0	-0.03211356	-0.2885133	-1.142113	0	0	0
0	-2.596759	-86.632	-2.314994	0	0	0	0	0	0	0	0.1324368	-2.640554	8.719268	0	0	0
0	-2.593592	-86.6946	-2.106876	0	0	0	0	0	0	0	0.1985414	-3.913619	13.04867	0	0	0
0	-2.590534	-86.8108	-1.90586	0	0	0	0	0	0	0	0.2162696	-17.45599	14.21374	0	0	0
0	-2.657623	-87.03453	-1.717942	0	0	0	0	0	0	0	-0.4884981	-15.34336	12.19878	0	0	0
0	-2.797485	-87.03453	-1.715699	0	0	0	0	0	0	0	-3.468682	-0.03547156	0.08524235	0	0	0
0	-2.937346	-87.03453	-1.713341	0	0	0	0	0	0	0	-10.32923	-0.0005575372	0.1788501	0	0	0
0	-2.937346	-87.03453	-1.713341	0	0	0	0	0	0	0	-0.02871182	-6.803866E-07	0.0004964533	0	0	0
0	-2.937346	-87.03453	-1.713341	0	0	0	0	0	0	0	-0.0001257472	-2.979843E-09	2.174283E-06	0	0	0
0	-2.937346	-87.03453	-1.713341	0	0	0	0	0	0	0	-2.907089E-07	0	5.021145E-09	0	0	0
0	-2.936446	-87.04996	-1.661246	0	0	0	0	0	0	0	0.04296046	-0.7360808	2.487279	0	0	0
0	-2.934646	-87.08075	-1.557039	0	0	0	0	0	0	0	0.144471	-2.467941	8.364431	0	0	0
0	-2.933746	-87.09612	-1.504926	0	0	0	0	0	0	0	0.1202167	-2.050531	6.960178	0	0	0
0	-2.932846	-87.11146	-1.452806	0	0	0	0	0	0	0	0.03199912	-0.5449871	1.852651	0	0	0
0	-2.932846	-87.11146	-1.452806	0	0	0	0	0	0	0	0.0003654203	-0.006223588	0.02115672	0	0	0
0	-2.931946	-87.12679	-1.400681	0	0	0	0	0	0	0	0.110771	-1.883736	6.413302	0	0	0
0	-2.931946	-87.12679	-1.400681	0	0	0	0	0	0	0	0.001264971	-0.0215117	0.07323796	0	0	0
0	-2.931045	-87.14208	-1.348549	0	0	0	0	0	0	0	0.00493933	-0.08387009	0.2859721	0	0	0
0	-2.929244	-87.17262	-1.244267	0	0	0	0	0	0	0	0.1796507	-3.041273	10.40122	0	0	0
0	-2.926542	-87.21827	-1.087796	0	0	0	0	0	0	0	0.2191383	-3.692919	12.68743	0	0	0
0	-2.925641	-87.23344	-1.035627	0	0	0	0	0	0	0	0.01967848	-0.3311183	1.139324	0	0	0
0	-2.923838	-87.26373	-0.9312705	0	0	0	0	0	0	0	0.1191476	-1.998731	6.898283	0	0	0
0	-2.923838	-87.26373	-0.9312705	0	0	0	0	0	0	0	0.0002754515	-0.004620769	0.0159478	0	0	0
0	-2.923838	-87.26373	-0.9312705	0	0	0	0	0	0	0	4.626643E-07	-7.761309E-06	2.678685E-05	0	0	0
0	-2.922937	-87.27883	-0.8790829	0	0	0	0	0	0	0	0.2149944	-3.601086	12.44752	0	0	0
0	-2.922937	-87.27883	-0.8790829	0	0	0	0	0	0	0	0.0009415963	-0.01577144	0.05451554	0	0	0
0	-2.918428	-87.35406	-0.6180527	0	0	0	0	0	0	0	0.3756458	-6.243948	21.74874	0	0	0
0	-2.916624	-87.384	-0.5135978	0	0	0	0	0	0	0	0.003575429	-0.05924784	0.2070064	0	0	0
0	-2.916624	-87.384	-0.5135978	0	0	0	0	0	0	0	7.735007E-05	-0.001281755	0.004478332	0	0	0
0	-2.987907	-87.35406	-0.6168383	0	0	0	0	0	0	0	-0.7476662	1.030775	-3.578242	0	0	0
0	-3.270864	-87.27883	-0.8727157	0	0	0	0	0	0	0	-20.08958	2.600469	-8.603495	0	0	0
0	-3.625624	-87.2418	-1.185757	0	0	0	0	0	0	0	-13.27124	2.213663	-12.05094	0	0	0
0	-3.839638	-87.23467	-1.396791	0	0	0	0	0	0	0	-7.24336	2.040235	-9.518324	0	0	0
0	-4.124231	-87.28116	-1.612801	0	0	0	0	0	0	0	-12.66068	-2.480984	-15.49232	0	0	0
0	-4.409542	-87.32732	-1.828145	0	0	0	0	0	0	0	-8.838255	-3.385523	-15.63071	0	0	0
0	-4.766891	-87.3036	-2.085952	0	0	0	0	0	0	0	-22.76991	4.924983	-18.45903	0	0	0
0	-5.056665	-87.26366	-2.396917	0	0	0	0	0	0	0	-20.14054	-2.893124	-33.59842	0	0	0
0	-5.559941	-87.15314	-2.74542	0	0	0	0	0	0	0	-27.51455	6.904208	-21.79084	0	0	0
0	-5.920671	-87.07355	-2.993249	0	0	0	0	0	0	0	-22.701	2.515407	-7.40202	0	0	0
0	-6.210002	-87.00951	-3.190846	0	0	0	0	0	0	0	-13.29542	2.837064	-8.699073	0	0	0
0	-6.282439	-86.99345	-3.240153	0	0	0	0	0	0	0	-5.162282	0.6034613	-1.760932	0	0	0
0	-6.286236	-86.96126	-3.343883	0	0	0	0	0	0	0	-1.6296E-05	0.0001377925	-0.0004433656	0	0	0
0	-6.286236	-86.96126	-3.343883	0	0	0	0	0	0	0	-2.726597E-08	2.314442E-07	-7.447064E-07	0	0	0
0	-6.286236	-86.96126	-3.343883	0	0	0	0	0	0	0	-8.676004E-11	7.36453E-10	-2.369648E-09	0	0	0
0	-6.286236	-86.96126	-3.343883	0	0	0	0	0	0	0	0	0	0	0	0	0
0	-6.286236	-86.96126	-3.343883	0	0	0	0	0	0	0	0	0	0	0	0	0
0	-6.286236	-86.96126	-3.343883	0	0	0	0	0	0	0	0	0	0	0	0	0
0	-6.285982	-86.9073	-3.336925	0	0	0	0	0	0	0	0.02343714	4.956326	0.6401308	0	0	0
0	-6.284083	-86.9234	-3.285063	0	0	0	0	0	0	0	0.2362116	-1.990255	6.45157	0	0	0
0	-6.272173	-86.91167	-2.959773	0	0	0	0	0	0	0	0.8212211	-3.12866	22.42974	0	0	0
0	-6.258607	-86.96899	-2.58926	0	0	0	0	0	0	0	0.6140155	-4.717782	16.7704	0	0	0
0	-6.321201	-87.0321	-2.378826	0	0	0	0	0	0	0	-0.3323483	-5.438145	18.01348	0	0	0
0	-6.457672	-87.06353	-2.269611	0	0	0	0	0	0	0	-3.494477	-0.07064229	0.3666372	0	0	0
0	-6.597987	-87.06353	-2.264243	0	0	0	0	0	0	0	-2.545619	-0.000224783	0.09918988	0	0	0
0	-6.599997	-87.04782	-2.316224	0	0	0	0	0	0	0	-0.01522615	0.03184829	-0.1049099	0	0	0
0	-6.599997	-87.04782	-2.316224	0	0	0	0	0	0	0	-0.000173878	0.0003636978	-0.001198039	0	0	0
0	-6.599997	-87.04782	-2.316224	0	0	0	0	0	0	0	-7.615218E-07	1.592863E-06	-5.246971E-06	0	0	0
0	-6.599997	-87.04782	-2.316224	0	0	0	0	0	0	0	-1.19695E-08	2.50364E-08	-8.247118E-08	0	0	0
0	-6.599997	-87.04782	-2.316224	0	0	0	0	0	0	0	0	0	0	0	0	0
0	-6.599997	-87.04782	-2.316224	0	0	0	0	0	0	0	0	0	0	0	0	0
0	-6.599997	-87.04782	-2.316224	0	0	0	0	0	0	0	0	0	0	0	0	0
0	-6.599997	-87.04782	-2.316224	0	0	0	0	0	0	0	0	0	0	0	0	0
0	-6.670174	-87.04782	-2.313495	0	0	0	0	0	0	0	-1.279702	0	0.05001557	0	0	0
0	-6.670174	-87.04782	-2.313495	0	0	0	0	0	0	0	-0.02011418	0	0.0007861379	0	0	0
0	-6.670174	-87.04782	-2.313495	0	0	0	0	0	0	0	-6.400309E-05	0	2.501483E-06	0	0	0
0	-6.670174	-87.04782	-2.313495	0	0	0	0	0	0	0	-1.005992E-06	0	3.931796E-08	0	0	0
0	-6.670174	-87.04782	-2.313495	0	0	0	0	0	0	0	-4.405875E-09	0	1.721982E-10	0	0	0
0	-6.670174	-87.04782	-2.313495	0	0	0	0	0	0	0	0	0	0	0	0	0
0	-6.669899	-86.99387	-2.30645	0	0	0	0	0	0	0	0.00364355	0.7127187	0.09322409	0	0	0
0	-6.661771	-87.05656	-2.098492	0	0	0	0	0	0	0	0.8447742	-6.495967	21.61445	0	0	0
0	-6.645504	-87.18092	-1.682271	0	0	0	0	0	0	0	0.8213171	-6.241387	21.01427	0	0	0
0	-6.690732	-87.36491	-1.054448	0	0	0	0	0	0	0	-7.878109	-5.70753	19.90845	0	0	0
0	-6.802705	-87.56078	-0.3707404	0	0	0	0	0	0	0	-3.778547	-5.520799	19.48984	0	0	0
0	-6.997813	-87.64997	-0.04889701	0	0	0	0	0	0	0	-19.69638	-1.221895	5.138539	0	0	0
0	-7.136302	-87.64997	-0.04308508	0	0	0	0	0	0	0	-10.86148	-0.01013793	0.4961411	0	0	0
0	-7.137916	-87.52727	-0.08116342	0	0	0	0	0	0	0	-0.1473424	7.784562	-2.527702	0	0	0
0	-7.137614	-87.47332	-0.07405268	0	0	0	0	0	0	0	0.0008949687	0.2172249	0.02271238	0	0	0
0	-7.137614	-87.47332	-0.07405268	0	0	0	0	0	0	0	1.4067E-05	0.003414311	0.0003569901	0	0	0
0	-7.137614	-87.47332	-0.07405268	0	0	0	0	0	0	0	6.160828E-08	1.495343E-05	1.563485E-06	0	0	0
0	-7.137614	-87.47332	-0.07405268	0	0	0	0	0	0	0	1.041314E-09	2.35036E-07	2.457156E-08	0	0	0
0	-7.137614	-87.47332	-0.07405268	0	0	0	0	0	0	0	0	0	0	0	0	0
0	-7.137614	-87.47332	-0.07405268	0	0	0	0	0	0	0	0	0	0	0	0	0
0	-7.137614	-87.47332	-0.07405268	0	0	0	0	0	0	0	0	0	0	0	0	0
0	-7.137312	-87.41938	-0.06691995	0	0	0	0	0	0	0	0.02764682	4.925725	0.6523734	0	0	0
0	-7.136704	-87.31151	-0.05258851	0	0	0	0	0	0	0	0.0454401	8.04548	1.072236	0	0	0
0	-7.138613	-87.24274	-0.09761763	0	0	0	0	0	0	0	-0.0465154	2.012925	-1.097609	0	0	0
0	-7.140213	-87.12004	-0.1353761	0	0	0	0	0	0	0	-0.2602629	4.706247	-6.141342	0	0	0
0	-7.139905	-87.06612	-0.1281114	0	0	0	0	0	0	0	0.03914	7.261349	0.9235744	0	0	0
0	-7.139596	-87.0122	-0.1208248	0	0	0	0	0	0	0	0.07642704	13.3292	1.803425	0	0	0
0	-7.141809	-86.99732	-0.1730405	0	0	0	0	0	0	0	-0.1456241	1.197274	-3.436248	0	0	0
0	-7.143712	-86.92851	-0.2179416	0	0	0	0	0	0	0	-0.01421899	1.458363	-0.3355212	0	0	0
0	-7.145924	-86.91359	-0.2701452	0	0	0	0	0	0	0	-0.04095883	0.284617	-0.9664926	0	0	0
0	-7.147826	-86.84474	-0.3150121	0	0	0	0	0	0	0	-0.02184193	0.2290713	-0.5153973	0	0	0
0	-7.147514	-86.79082	-0.3076595	0	0	0	0	0	0	0	0.02158975	3.775382	0.5094467	0	0	0
0	-7.147202	-86.73692	-0.300285	0	0	0	0	0	0	0	0.001717137	0.2958851	0.04051874	0	0	0
0	-7.146888	-86.68301	-0.2928885	0	0	0	0	0	0	0	0.001652188	0.2836944	0.03898616	0	0	0
0	-7.1491	-86.66805	-0.3450799	0	0	0	0	0	0	0	-0.005936963	0.04068341	-0.1400927	0	0	0
0	-7.1491	-86.66805	-0.3450799	0	0	0	0	0	0	0	-9.972066E-06	6.833421E-05	-0.0002353077	0	0	0
0	-7.1491	-86.66805	-0.3450799	0	0	0	0	0	0	0	-8.273719E-08	5.669618E-07	-1.952324E-06	0	0	0
0	-7.151311	-86.65308	-0.3972653	0	0	0	0	0	0	0	-0.006038911	0.04094112	-0.1424983	0	0	0
0	-7.151311	-86.65308	-0.3972653	0	0	0	0	0	0	0	-1.396106E-05	9.464975E-05	-0.0003294348	0	0	0
0	-7.220699	-86.65308	-0.3943104	0	0	0	0	0	0	0	-2.316377	1.589792E-07	0.09911902	0	0	0
0	-7.290086	-86.65308	-0.391327	0	0	0	0	0	0	0	-0.3562759	0	0.01539209	0	0	0
0	-7.357196	-86.66805	-0.3361325	0	0	0	0	0	0	0	-4.363133	-1.334476	4.85078	0	0	0
0	-7.356873	-86.61415	-0.3287144	0	0	0	0	0	0	0	0.02721371	12.79977	1.821704	0	0	0
0	-7.356873	-86.61415	-0.3287144	0	0	0	0	0	0	0	0.0004277414	0.201185	0.0286333	0	0	0
0	-7.356873	-86.61415	-0.3287144	0	0	0	0	0	0	0	1.361069E-06	0.0006401686	9.111085E-05	0	0	0
0	-7.356548	-86.56026	-0.3212743	0	0	0	0	0	0	0	0.005786192	0.9596357	0.1326666	0	0	0
0	-7.356548	-86.56026	-0.3212743	0	0	0	0	0	0	0	6.607679E-05	0.01095875	0.001515012	0	0	0
0	-7.356548	-86.56026	-0.3212743	0	0	0	0	0	0	0	1.038586E-06	0.0001722481	2.381275E-05	0	0	0
0	-7.347442	-86.61997	-0.1124831	0	0	0	0	0	0	0	0.5544576	-3.624607	12.71263	0	0	0
0	-7.329216	-86.73838	0.3053895	0	0	0	0	0	0	0	0.8574908	-5.536307	19.66059	0	0	0
0	-7.446503	-86.86996	0.7820216	0	0	0	0	0	0	0	-11.16898	-6.043912	22.30767	0	0	0
0	-7.567728	-86.9711	1.154502	0	0	0	0	0	0	0	-18.33187	-3.286094	12.82178	0	0	0
0	-7.759711	-87.11086	1.470707	0	0	0	0	0	0	0	-17.91271	-1.086281	4.057256	0	0	0
0	-7.825873	-87.12509	1.526295	0	0	0	0	0	0	0	-0.5105456	-0.01261213	0.06919003	0	0	0
0	-7.825873	-87.12509	1.526295	0	0	0	0	0	0	0	-0.001180305	-2.915736E-05	0.000159957	0	0	0
0	-7.823416	-87.13931	1.578683	0	0	0	0	0	0	0	0.1198888	-0.6928505	2.555706	0	0	0
0	-7.803745	-87.25225	1.998001	0	0	0	0	0	0	0	0.9107953	-5.195548	19.41537	0	0	0
0	-7.791442	-87.32214	2.26026	0	0	0	0	0	0	0	0.7994043	-4.522907	17.04086	0	0	0
0	-7.849452	-87.32378	2.480822	0	0	0	0	0	0	0	-0.00975316	12.43474	2.650268	0	0	0
0	-7.917301	-87.26987	2.491524	0	0	0	0	0	0	0	0.01080401	1.856827	0.2574957	0	0	0
0	-7.917301	-87.26987	2.491524	0	0	0	0	0	0	0	2.497725E-05	0.004292707	0.0005952917	0	0	0
0	-7.917301	-87.26987	2.491524	0	0	0	0	0	0	0	5.774333E-08	9.924101E-06	1.376218E-06	0	0	0
0	-7.909783	-87.3113	2.649009	0	0	0	0	0	0	0	0.2390332	-1.31382	5.007474	0	0	0
0	-7.967805	-87.36623	2.86233	0	0	0	0	0	0	0	-3.142046	-0.3937196	1.665407	0	0	0
0	-7.967805	-87.36623	2.86233	0	0	0	0	0	0	0	-0.005277561	-0.0006613141	0.002797314	0	0	0
0	-7.967805	-87.36623	2.86233	0	0	0	0	0	0	0	-6.440434E-06	-8.070299E-07	3.413682E-06	0	0	0
0	-7.967805	-87.36623	2.86233	0	0	0	0	0	0	0	-1.488932E-08	-1.865733E-09	7.891924E-09	0	0	0
0	-7.967805	-87.36623	2.86233	0	0	0	0	0	0	0	0	0	0	0	0	0
0	-7.967805	-87.36623	2.86233	0	0	0	0	0	0	0	0	0	0	0	0	0
0	-7.967805	-87.36623	2.86233	0	0	0	0	0	0	0	0	0	0	0	0	0
0	-7.967805	-87.36623	2.86233	0	0	0	0	0	0	0	0	0	0	0	0	0
0	-7.967805	-87.36623	2.86233	0	0	0	0	0	0	0	0	0	0	0	0	0
0	-7.967805	-87.36623	2.86233	0	0	0	0	0	0	0	0	0	0	0	0	0
0	-7.967805	-87.36623	2.86233	0	0	0	0	0	0	0	0	0	0	0	0	0
0	-7.967805	-87.36623	2.86233	0	0	0	0	0	0	0	0	0	0	0	0	0
0	-8.035852	-87.36623	2.86562	0	0	0	0	0	0	0	-1.253588	0	0.06087372	0	0	0
0	-8.035852	-87.36623	2.86562	0	0	0	0	0	0	0	-0.002105599	0	0.000102247	0	0	0
0	-8.035852	-87.36623	2.86562	0	0	0	0	0	0	0	-4.867831E-06	0	2.363798E-07	0	0	0
0	-8.035852	-87.36623	2.86562	0	0	0	0	0	0	0	-5.558915E-08	0	2.699386E-09	0	0	0
0	-8.032939	-87.32602	2.925629	0	0	0	0	0	0	0	0.02866649	0.3955965	0.5903363	0	0	0
0	-8.032939	-87.32602	2.925629	0	0	0	0	0	0	0	4.814989E-05	0.0006644668	0.000991563	0	0	0
0	-8.030388	-87.33968	2.978161	0	0	0	0	0	0	0	0.03476733	-0.1859845	0.7159725	0	0	0
0	-8.027837	-87.35331	3.030699	0	0	0	0	0	0	0	0.4327333	-2.311012	8.911387	0	0	0
0	-8.027837	-87.35331	3.030699	0	0	0	0	0	0	0	0.001895213	-0.01012138	0.0390286	0	0	0
0	-8.02492	-87.31303	3.090746	0	0	0	0	0	0	0	0.1131641	2.996903	2.330416	0	0	0
0	-8.022003	-87.27274	3.150821	0	0	0	0	0	0	0	0.0317576	0.9019332	0.6539924	0	0	0
0	-7.941418	-87.34039	3.410368	0	0	0	0	0	0	0	1.254121	-4.251208	16.60081	0	0	0
0	-7.941055	-87.28651	3.417917	0	0	0	0	0	0	0	0.06492038	7.442192	1.240493	0	0	0
0	-7.940691	-87.23263	3.425487	0	0	0	0	0	0	0	0.04992398	7.366348	1.036767	0	0	0
0	-7.940325	-87.17875	3.433079	0	0	0	0	0	0	0	0.01821814	2.681146	0.3783821	0	0	0
0	-7.940325	-87.17875	3.433079	0	0	0	0	0	0	0	0.0002080454	0.03061788	0.004321008	0	0	0
0	-7.940325	-87.17875	3.433079	0	0	0	0	0	0	0	9.111612E-07	0.0001340951	1.89244E-05	0	0	0
0	-7.937793	-87.19221	3.485662	0	0	0	0	0	0	0	0.006489919	-0.03448606	0.1347927	0	0	0
0	-7.934895	-87.15179	3.545864	0	0	0	0	0	0	0	0.3167286	-0.9317042	6.578308	0	0	0
0	-7.864251	-87.11134	3.602846	0	0	0	0	0	0	0	8.945716	0.7262886	0.6703371	0	0	0
0	-7.858864	-87.08424	3.715711	0	0	0	0	0	0	0	0.445247	6.721878	2.35744	0	0	0
0	-7.843425	-87.11021	4.039139	0	0	0	0	0	0	0	0.7292097	3.061704	15.25398	0	0	0
0	-7.763036	-87.12227	4.306907	0	0	0	0	0	0	0	1.050501	-4.226645	20.02973	0	0	0
0	-7.685334	-87.12077	4.522175	0	0	0	0	0	0	0	1.338898	-2.167555	9.303999	0	0	0
0	-7.482876	-87.06691	4.520566	0	0	0	0	0	0	0	12.50368	0.3836205	-0.4994678	0	0	0
0	-7.342716	-86.98526	4.63543	0	0	0	0	0	0	0	3.778957	1.196943	6.130333	0	0	0
0	-7.207731	-86.93142	4.63726	0	0	0	0	0	0	0	4.903052	0.1511442	-0.1569289	0	0	0
0	-7.202744	-86.90353	4.750523	0	0	0	0	0	0	0	0.6672863	3.714517	13.88373	0	0	0
0	-7.128572	-86.94232	4.905759	0	0	0	0	0	0	0	0.7492095	-3.905494	16.01836	0	0	0
0	-7.121329	-86.92707	5.071847	0	0	0	0	0	0	0	0.4949265	-1.32125	11.32949	0	0	0
0	-7.119028	-86.93989	5.124602	0	0	0	0	0	0	0	0.03360702	-0.180786	0.7704635	0	0	0
0	-7.114082	-86.91163	5.238005	0	0	0	0	0	0	0	0.2907504	-1.400395	6.666337	0	0	0
0	-7.109134	-86.88329	5.351451	0	0	0	0	0	0	0	0.4274008	1.284598	9.799465	0	0	0
0	-7.099925	-86.93401	5.562603	0	0	0	0	0	0	0	0.9353498	-5.128522	21.44574	0	0	0
0	-7.099925	-86.93401	5.562603	0	0	0	0	0	0	0	0.02125756	-0.1165863	0.4873942	0	0	0
0	-7.097621	-86.94663	5.615404	0	0	0	0	0	0	0	0.3073598	-1.683677	7.047161	0	0	0
0	-7.094973	-86.90541	5.676133	0	0	0	0	0	0	0	0.3328776	-1.295513	7.632232	0	0	0
0	-7.094973	-86.90541	5.676133	0	0	0	0	0	0	0	0.006430758	-0.03081028	0.1474447	0	0	0
0	-7.092669	-86.91799	5.728944	0	0	0	0	0	0	0	0.03179737	-0.1734592	0.7290516	0	0	0
0	-7.090366	-86.93056	5.78176	0	0	0	0	0	0	0	0.2848321	-1.551829	6.530643	0	0	0
0	-7.090366	-86.93056	5.78176	0	0	0	0	0	0	0	0.006161996	-0.03357194	0.1412825	0	0	0
0	-7.090366	-86.93056	5.78176	0	0	0	0	0	0	0	1.960741E-05	-0.0001068256	0.0004495595	0	0	0
0	-7.088408	-86.99693	5.826658	0	0	0	0	0	0	0	0.02224563	-0.1209795	0.5100488	0	0	0
0	-7.088408	-86.99693	5.826658	0	0	0	0	0	0	0	0.0003496538	-0.001901539	0.008016878	0	0	0
0	-7.088408	-86.99693	5.826658	0	0	0	0	0	0	0	1.531355E-06	-8.328041E-06	3.511098E-05	0	0	0
0	-7.15791	-87.03822	5.768866	0	0	0	0	0	0	0	-1.981633	-0.2235055	-7.28935	0	0	0
0	-7.296704	-87.06691	5.661307	0	0	0	0	0	0	0	-12.33547	3.985943	-16.66238	0	0	0
0	-7.43532	-87.04168	5.561766	0	0	0	0	0	0	0	-18.64865	1.118426	-3.834249	0	0	0
0	-7.504691	-87.02903	5.512047	0	0	0	0	0	0	0	-2.673465	0.3294408	-1.253539	0	0	0
0	-7.572014	-87.08287	5.50729	0	0	0	0	0	0	0	-0.5707501	-8.995189	-1.309412	0	0	0
0	-7.639342	-87.13671	5.502584	0	0	0	0	0	0	0	-0.2639084	-1.015146	-0.1355377	0	0	0
0	-7.708801	-87.12404	5.452957	0	0	0	0	0	0	0	-1.801287	2.910919	-12.06824	0	0	0
0	-7.713796	-87.09863	5.347409	0	0	0	0	0	0	0	-0.6810711	3.398587	-14.09487	0	0	0
0	-7.716663	-87.13975	5.286831	0	0	0	0	0	0	0	-0.1649689	-6.023423	-3.484707	0	0	0
0	-7.719896	-87.2347	5.218512	0	0	0	0	0	0	0	-0.08418428	-9.621712	-1.778913	0	0	0
0	-7.724889	-87.20911	5.113005	0	0	0	0	0	0	0	-0.3648229	1.811496	-7.709184	0	0	0
0	-7.727752	-87.25015	5.052514	0	0	0	0	0	0	0	-0.3446096	1.467942	-7.282051	0	0	0
0	-7.730247	-87.23731	4.999774	0	0	0	0	0	0	0	-0.0985707	0.5028461	-2.082928	0	0	0
0	-7.738099	-87.25252	4.83386	0	0	0	0	0	0	0	-0.6564969	2.38721	-13.87264	0	0	0
0	-7.817916	-87.18766	4.573518	0	0	0	0	0	0	0	-16.56584	3.37153	-12.89889	0	0	0
0	-7.895406	-87.13539	4.366016	0	0	0	0	0	0	0	-2.354841	3.050963	-12.1726	0	0	0
0	-7.965393	-87.12227	4.316608	0	0	0	0	0	0	0	-0.8551049	0.9354273	-3.718882	0	0	0
0	-8.105872	-87.14983	4.210196	0	0	0	0	0	0	0	-9.47052	-0.006673614	0.05100651	0	0	0
0	-8.175987	-87.13664	4.160894	0	0	0	0	0	0	0	-0.6968254	0.02483685	-0.06537623	0	0	0
0	-8.246144	-87.12343	4.111628	0	0	0	0	0	0	0	-0.6832557	0.01375277	-0.02060469	0	0	0
0	-8.316342	-87.11021	4.062396	0	0	0	0	0	0	0	-2.266433	0.1261034	-0.3878882	0	0	0
0	-8.316342	-87.11021	4.062396	0	0	0	0	0	0	0	-0.02588198	0.001440062	-0.004429565	0	0	0
0	-8.389268	-87.08368	3.960576	0	0	0	0	0	0	0	-0.7309955	1.32945	-5.243444	0	0	0
0	-8.527187	-87.07039	3.914914	0	0	0	0	0	0	0	-4.558928	0.2471823	-0.7437819	0	0	0
0	-8.597552	-87.05708	3.865824	0	0	0	0	0	0	0	-1.856087	0.2401237	-0.8535771	0	0	0
0	-8.600302	-87.04374	3.81322	0	0	0	0	0	0	0	-0.03128757	0.1315965	-0.5184331	0	0	0
0	-8.600302	-87.04374	3.81322	0	0	0	0	0	0	0	-0.0006768686	0.002846929	-0.01121567	0	0	0
0	-8.602649	-86.97652	3.768321	0	0	0	0	0	0	0	5.807734E-05	1.396974	0.001116626	0	0	0
0	-8.602649	-86.97652	3.768321	0	0	0	0	0	0	0	6.632256E-07	0.01595302	1.275153E-05	0	0	0
0	-8.602649	-86.97652	3.768321	0	0	0	0	0	0	0	5.52997E-09	0.0001323605	1.057967E-07	0	0	0
0	-8.602649	-86.97652	3.768321	0	0	0	0	0	0	0	8.691931E-11	2.080424E-06	1.662898E-09	0	0	0
0	-8.602649	-86.97652	3.768321	0	0	0	0	0	0	0	2.523826E-11	3.37239E-09	4.828461E-10	0	0	0
0	-8.535372	-87.03038	3.757097	0	0	0	0	0	0	0	6.369742	-2.57439	-0.6988359	0	0	0
0	-8.3331	-87.13811	3.731356	0	0	0	0	0	0	0	19.16895	-14.22573	-2.994732	0	0	0
0	-8.198095	-87.19199	3.716923	0	0	0	0	0	0	0	19.15259	-5.085894	-1.675322	0	0	0
0	-8.032881	-87.51248	4.319114	0	0	0	0	0	0	0	1.352979	-7.625494	27.6276	0	0	0
0	-8.144162	-87.62961	4.8	0	0	0	0	0	0	0	-14.73294	-6.332013	26.63242	0	0	0
0	-8.265318	-87.69392	5.070385	0	0	0	0	0	0	0	-6.61148	-3.853691	16.24199	0	0	0
0	-8.455791	-87.74499	5.291692	0	0	0	0	0	0	0	-14.14964	-0.9412127	4.647002	0	0	0
0	-8.517324	-87.77039	5.400704	0	0	0	0	0	0	0	-8.174747	-0.3692985	1.968257	0	0	0
0	-8.517324	-87.77039	5.400704	0	0	0	0	0	0	0	-0.1284896	-0.005804583	0.03093679	0	0	0
0	-8.450319	-87.77039	5.397216	0	0	0	0	0	0	0	0.1849718	-2.542194E-05	-0.009486092	0	0	0
0	-8.449926	-87.71651	5.404785	0	0	0	0	0	0	0	0.01665169	1.883945	0.2648939	0	0	0
0	-8.449926	-87.71651	5.404785	0	0	0	0	0	0	0	7.292827E-05	0.008250989	0.001160138	0	0	0
0	-8.449926	-87.71651	5.404785	0	0	0	0	0	0	0	1.685984E-07	1.907506E-05	2.682049E-06	0	0	0
0	-8.449926	-87.71651	5.404785	0	0	0	0	0	0	0	2.187352E-09	2.998192E-07	4.218008E-08	0	0	0
0	-8.44719	-87.72918	5.457554	0	0	0	0	0	0	0	0.6429476	-2.974023	12.39836	0	0	0
0	-8.44719	-87.72918	5.457554	0	0	0	0	0	0	0	0.001486399	-0.006875496	0.02866316	0	0	0
0	-8.44719	-87.72918	5.457554	0	0	0	0	0	0	0	1.697422E-05	-7.851608E-05	0.0003273246	0	0	0
0	-8.444453	-87.74183	5.51033	0	0	0	0	0	0	0	0.0052924	-0.02443654	0.1020567	0	0	0
0	-8.433503	-87.79221	5.721481	0	0	0	0	0	0	0	0.3861416	-1.770084	7.446209	0	0	0
0	-8.433503	-87.79221	5.721481	0	0	0	0	0	0	0	0.0008927017	-0.004092169	0.01721452	0	0	0
0	-8.430765	-87.80475	5.774282	0	0	0	0	0	0	0	0.01368142	-0.06260231	0.2638274	0	0	0
0	-8.428027	-87.81726	5.827087	0	0	0	0	0	0	0	0.096369	-0.4401564	1.858344	0	0	0
0	-8.428027	-87.81726	5.827087	0	0	0	0	0	0	0	0.001514715	-0.006918319	0.02920919	0	0	0
0	-8.428027	-87.81726	5.827087	0	0	0	0	0	0	0	4.819807E-06	-2.201402E-05	9.294334E-05	0	0	0
0	-8.361197	-87.81726	5.823635	0	0	0	0	0	0	0	0.09227826	-3.697602E-08	-0.004747115	0	0	0
0	-8.294366	-87.81726	5.820211	0	0	0	0	0	0	0	1.255804	0	-0.06408733	0	0	0
0	-8.291671	-87.82976	5.873024	0	0	0	0	0	0	0	0.138109	-0.6263542	2.649255	0	0	0
0	-8.216454	-87.81325	6.035692	0	0	0	0	0	0	0	0.3106403	-0.7592044	3.566222	0	0	0
0	-8.263928	-87.84579	6.416636	0	0	0	0	0	0	0	0.704832	-2.435453	18.94409	0	0	0
0	-8.189311	-87.88251	6.571876	0	0	0	0	0	0	0	4.839727	-1.655034	6.958045	0	0	0
0	-8.189311	-87.88251	6.571876	0	0	0	0	0	0	0	0.008129085	-0.002779891	0.01168713	0	0	0
0	-8.188925	-87.82864	6.579511	0	0	0	0	0	0	0	0.0002937263	0.03897478	0.005552411	0	0	0
0	-8.188925	-87.82864	6.579511	0	0	0	0	0	0	0	6.790514E-07	9.010387E-05	1.283634E-05	0	0	0
0	-8.188925	-87.82864	6.579511	0	0	0	0	0	0	0	1.496893E-09	2.083317E-07	2.95708E-08	0	0	0
0	-8.252746	-87.84084	6.635775	0	0	0	0	0	0	0	-9.233568	-0.5824746	3.006003	0	0	0
0	-8.250046	-87.85301	6.688663	0	0	0	0	0	0	0	0.2059753	-2.072687	9.026169	0	0	0
0	-8.250046	-87.85301	6.688663	0	0	0	0	0	0	0	0.004456025	-0.04484007	0.1952702	0	0	0
0	-8.239247	-87.90149	6.900266	0	0	0	0	0	0	0	1.449119	-6.481303	28.39643	0	0	0
0	-8.236547	-87.91355	6.953179	0	0	0	0	0	0	0	0.006150637	-0.02745713	0.1205241	0	0	0
0	-8.233847	-87.9256	7.006097	0	0	0	0	0	0	0	0.174586	-0.7778963	3.421048	0	0	0
0	-8.228445	-87.94962	7.111947	0	0	0	0	0	0	0	0.2734608	-1.213851	5.35852	0	0	0
0	-8.222651	-87.91969	7.225474	0	0	0	0	0	0	0	0.1097206	7.234539	2.149998	0	0	0
0	-8.216855	-87.88968	7.339043	0	0	0	0	0	0	0	0.1522819	8.776653	2.983994	0	0	0
0	-8.199455	-87.79913	7.679996	0	0	0	0	0	0	0	0.474916	9.248313	9.306075	0	0	0
0	-8.187047	-87.63067	7.923146	0	0	0	0	0	0	0	0.7196019	10.73027	14.10075	0	0	0
0	-8.169205	-87.48507	8.272767	0	0	0	0	0	0	0	0.3912492	10.74356	7.666607	0	0	0
0	-8.154452	-87.38112	8.561848	0	0	0	0	0	0	0	1.042468	4.10535	20.42738	0	0	0
0	-8.149037	-87.40398	8.667955	0	0	0	0	0	0	0	0.09656551	-0.2226098	1.892221	0	0	0
0	-8.143621	-87.42675	8.774082	0	0	0	0	0	0	0	0.4930836	-2.068276	9.662074	0	0	0
0	-8.143621	-87.42675	8.774082	0	0	0	0	0	0	0	0.007750221	-0.03250888	0.1518672	0	0	0
0	-8.143621	-87.42675	8.774082	0	0	0	0	0	0	0	2.466112E-05	-0.0001034429	0.0004832397	0	0	0
0	-8.143621	-87.42675	8.774082	0	0	0	0	0	0	0	5.701233E-08	-2.392102E-07	1.117168E-06	0	0	0
0	-8.143621	-87.42675	8.774082	0	0	0	0	0	0	0	1.233392E-09	-5.175022E-09	2.416858E-08	0	0	0
0	-8.140913	-87.4381	8.827152	0	0	0	0	0	0	0	0.01383076	-0.05791497	0.2710167	0	0	0
0	-8.140913	-87.4381	8.827152	0	0	0	0	0	0	0	0.0001147524	-0.0004805145	0.002248597	0	0	0
0	-8.138205	-87.44943	8.880227	0	0	0	0	0	0	0	0.02588854	-0.1081894	0.5072913	0	0	0
0	-8.138205	-87.44943	8.880227	0	0	0	0	0	0	0	8.237708E-05	-0.0003442574	0.001614196	0	0	0
0	-8.138205	-87.44943	8.880227	0	0	0	0	0	0	0	1.294792E-06	-5.410991E-06	2.537171E-05	0	0	0
0	-8.138205	-87.44943	8.880227	0	0	0	0	0	0	0	5.670712E-09	-2.369815E-08	1.111188E-07	0	0	0
0	-8.138205	-87.44943	8.880227	0	0	0	0	0	0	0	0	0	0	0	0	0
0	-8.138205	-87.44943	8.880227	0	0	0	0	0	0	0	0	0	0	0	0	0
0	-8.135495	-87.46074	8.933307	0	0	0	0	0	0	0	0.2451802	-1.02257	4.804356	0	0	0
0	-8.135495	-87.46074	8.933307	0	0	0	0	0	0	0	0.00056682	-0.002364028	0.01110695	0	0	0
0	-8.135495	-87.46074	8.933307	0	0	0	0	0	0	0	6.472912E-06	-2.699649E-05	0.000126838	0	0	0
0	-8.127368	-87.49454	9.092573	0	0	0	0	0	0	0	0.9313562	-3.861052	18.25011	0	0	0
0	-8.121539	-87.46314	9.206781	0	0	0	0	0	0	0	0.008588347	0.006278247	0.1682904	0	0	0
0	-8.118829	-87.47432	9.259888	0	0	0	0	0	0	0	0.1318388	-0.5429053	2.583409	0	0	0
0	-8.118829	-87.47432	9.259888	0	0	0	0	0	0	0	0.00150556	-0.006199814	0.02950175	0	0	0
0	-8.118829	-87.47432	9.259888	0	0	0	0	0	0	0	2.366418E-05	-9.744784E-05	0.0004637044	0	0	0
0	-8.118829	-87.47432	9.259888	0	0	0	0	0	0	0	7.529771E-08	-3.102698E-07	1.475474E-06	0	0	0
0	-8.118829	-87.47432	9.259888	0	0	0	0	0	0	0	1.183519E-09	-4.876778E-09	2.31913E-08	0	0	0
0	-8.116118	-87.48548	9.313	0	0	0	0	0	0	0	0.02532039	-0.1041232	0.4961582	0	0	0
0	-8.116118	-87.48548	9.313	0	0	0	0	0	0	0	0.0005477759	-0.002252579	0.01073378	0	0	0
0	-8.116118	-87.48548	9.313	0	0	0	0	0	0	0	2.399057E-06	-9.865466E-06	4.701001E-05	0	0	0
0	-8.115709	-87.43166	9.32103	0	0	0	0	0	0	0	0.07269295	9.532501	1.424433	0	0	0
0	-8.115709	-87.43166	9.32103	0	0	0	0	0	0	0	0.0003183685	0.04174885	0.006238495	0	0	0
0	-8.115709	-87.43166	9.32103	0	0	0	0	0	0	0	5.347497E-07	7.012379E-05	1.047853E-05	0	0	0
0	-8.178369	-87.4428	9.377495	0	0	0	0	0	0	0	-0.7560852	-0.3863857	1.88866	0	0	0
0	-8.178369	-87.4428	9.377495	0	0	0	0	0	0	0	-0.003311376	-0.001692228	0.008271638	0	0	0
0	-8.175635	-87.45391	9.430614	0	0	0	0	0	0	0	0.02588061	-0.1051732	0.5031937	0	0	0
0	-8.175635	-87.45391	9.430614	0	0	0	0	0	0	0	0.0005598956	-0.002275294	0.01088598	0	0	0
0	-8.175635	-87.45391	9.430614	0	0	0	0	0	0	0	1.294708E-06	-5.260141E-06	2.516675E-05	0	0	0
0	-8.175635	-87.45391	9.430614	0	0	0	0	0	0	0	2.993171E-09	-1.216066E-08	5.818177E-08	0	0	0
0	-8.175635	-87.45391	9.430614	0	0	0	0	0	0	0	0	0	0	0	0	0
0	-8.240982	-87.45391	9.43399	0	0	0	0	0	0	0	-0.1644986	0	0.008530484	0	0	0
0	-8.306328	-87.45391	9.437391	0	0	0	0	0	0	0	-10.99412	0	0.5746601	0	0	0
0	-8.306328	-87.45391	9.437391	0	0	0	0	0	0	0	-0.1255495	0	0.006562444	0	0	0
0	-8.306328	-87.45391	9.437391	0	0	0	0	0	0	0	-0.001433737	0	7.494112E-05	0	0	0
0	-8.306328	-87.45391	9.437391	0	0	0	0	0	0	0	-6.279241E-06	0	3.282146E-07	0	0	0
0	-8.371672	-87.45391	9.440821	0	0	0	0	0	0	0	-11.21173	0	0.5906579	0	0	0
0	-8.363276	-87.48713	9.600196	0	0	0	0	0	0	0	0.8760442	-3.648052	17.56259	0	0	0
0	-8.426158	-87.55196	9.648751	0	0	0	0	0	0	0	-0.2280261	-10.36988	2.139113	0	0	0
0	-8.423336	-87.56297	9.701889	0	0	0	0	0	0	0	0.07295618	-0.3103227	1.388952	0	0	0
0	-8.480041	-87.59586	9.864801	0	0	0	0	0	0	0	-8.521663	-3.021764	15.19255	0	0	0
0	-8.477197	-87.60677	9.917955	0	0	0	0	0	0	0	-0.1123516	-0.5375218	2.63295	0	0	0
0	-8.539476	-87.61768	9.974612	0	0	0	0	0	0	0	-8.917038	-0.07538924	0.8500108	0	0	0
0	-8.528009	-87.66104	10.18729	0	0	0	0	0	0	0	0.09976047	-0.5099134	2.512774	0	0	0
0	-8.522275	-87.6826	10.29365	0	0	0	0	0	0	0	0.2149944	-0.8084753	3.99775	0	0	0
0	-8.516539	-87.70407	10.40003	0	0	0	0	0	0	0	0.106563	-0.3980125	1.976378	0	0	0
0	-8.507933	-87.73611	10.55963	0	0	0	0	0	0	0	0.2148641	-0.7974291	3.984927	0	0	0
0	-8.496455	-87.77853	10.7725	0	0	0	0	0	0	0	1.674297	-6.161157	31.05196	0	0	0
0	-8.493586	-87.78908	10.82572	0	0	0	0	0	0	0	0.06175494	-0.226763	1.145323	0	0	0
0	-8.484974	-87.82059	10.98543	0	0	0	0	0	0	0	0.8282109	-3.02164	15.36022	0	0	0
0	-8.479232	-87.8415	11.09192	0	0	0	0	0	0	0	0.243581	-0.8848511	4.517518	0	0	0
0	-8.470617	-87.87269	11.25169	0	0	0	0	0	0	0	0.878362	-3.170104	16.29033	0	0	0
0	-8.450508	-87.94471	11.62464	0	0	0	0	0	0	0	0.3294775	-1.171016	6.110576	0	0	0
0	-8.436138	-87.99551	11.89116	0	0	0	0	0	0	0	0.8645788	-3.03895	16.03471	0	0	0
0	-8.421762	-88.04575	12.15777	0	0	0	0	0	0	0	0.2647269	-0.9201286	4.909694	0	0	0
0	-8.418887	-88.05574	12.21111	0	0	0	0	0	0	0	0.2700192	-0.9364087	5.007848	0	0	0
0	-8.418887	-88.05574	12.21111	0	0	0	0	0	0	0	0.002240321	-0.007769285	0.04154959	0	0	0
0	-8.418887	-88.05574	12.21111	0	0	0	0	0	0	0	1.858771E-05	-6.446095E-05	0.0003447326	0	0	0
0	-8.418887	-88.05574	12.21111	0	0	0	0	0	0	0	2.921591E-07	-1.013188E-06	5.41846E-06	0	0	0
0	-8.418887	-88.05574	12.21111	0	0	0	0	0	0	0	1.27955E-09	-4.437393E-09	2.373087E-08	0	0	0
0	-8.416011	-88.0657	12.26445	0	0	0	0	0	0	0	0.3894741	-1.34762	7.223289	0	0	0
0	-8.413567	-88.12946	12.30978	0	0	0	0	0	0	0	0.3890002	-2.086403	7.2145	0	0	0
0	-8.410689	-88.13937	12.36313	0	0	0	0	0	0	0	0.1975736	-0.6822496	3.664253	0	0	0
0	-8.408673	-88.25692	12.40054	0	0	0	0	0	0	0	0.05700851	-5.657655	1.057295	0	0	0
0	-8.409101	-88.31075	12.3926	0	0	0	0	0	0	0	-0.03703586	-4.940326	-0.6868769	0	0	0
0	-8.409101	-88.31075	12.3926	0	0	0	0	0	0	0	-0.0008012258	-0.1068779	-0.01485975	0	0	0
0	-8.409101	-88.31075	12.3926	0	0	0	0	0	0	0	-1.852315E-06	-0.0002470858	-3.435351E-05	0	0	0
0	-8.406224	-88.32062	12.44595	0	0	0	0	0	0	0	0.07303843	-0.2504338	1.35459	0	0	0
0	-8.403774	-88.3843	12.49139	0	0	0	0	0	0	0	0.6855963	-2.874815	12.71525	0	0	0
0	-8.331962	-88.5214	12.63228	0	0	0	0	0	0	0	1.81556	-4.294333	11.7354	0	0	0
0	-8.318099	-88.62386	12.89136	0	0	0	0	0	0	0	0.2256554	-3.404874	3.869027	0	0	0
0	-8.251755	-88.68736	12.93351	0	0	0	0	0	0	0	0.6364901	-0.3615592	0.3118098	0	0	0
0	-8.121555	-88.75084	12.97237	0	0	0	0	0	0	0	11.47209	-0.2149995	-0.2385386	0	0	0
0	-7.996518	-88.7412	12.91234	0	0	0	0	0	0	0	18.05489	0.3303359	-2.780426	0	0	0
0	-7.743503	-88.73154	12.84599	0	0	0	0	0	0	0	15.69285	0.6427495	-4.340552	0	0	0
0	-7.551668	-88.73154	12.83656	0	0	0	0	0	0	0	16.38463	0.001485941	-0.8038583	0	0	0
0	-7.551668	-88.73154	12.83656	0	0	0	0	0	0	0	0.2575314	2.335618E-05	-0.01263494	0	0	0
0	-7.549453	-88.79505	12.88218	0	0	0	0	0	0	0	0.01341839	-0.1569121	0.2594177	0	0	0
0	-7.536482	-88.84301	13.14929	0	0	0	0	0	0	0	1.347012	-4.953956	27.73901	0	0	0
0	-7.462371	-88.88099	13.35997	0	0	0	0	0	0	0	1.110138	-2.902758	16.4011	0	0	0
0	-7.390984	-88.90924	13.51727	0	0	0	0	0	0	0	1.849351	-3.666906	20.84696	0	0	0
0	-7.375668	-88.96516	13.83811	0	0	0	0	0	0	0	1.210771	-4.375329	25.28607	0	0	0
0	-7.296943	-89.02029	14.15606	0	0	0	0	0	0	0	6.051801	-0.8473763	4.694429	0	0	0
0	-7.223496	-89.05661	14.36714	0	0	0	0	0	0	0	3.658876	-2.507439	14.71316	0	0	0
0	-7.08699	-89.09258	14.57538	0	0	0	0	0	0	0	16.25324	-4.646857	27.11169	0	0	0
0	-7.011528	-89.13705	14.84023	0	0	0	0	0	0	0	15.31962	-1.262502	6.965726	0	0	0
0	-7.006635	-89.15469	14.94735	0	0	0	0	0	0	0	0.6824822	-1.608261	9.783421	0	0	0
0	-7.004189	-89.16348	15.00092	0	0	0	0	0	0	0	0.01566843	-0.05249456	0.3204575	0	0	0
0	-7.004189	-89.16348	15.00092	0	0	0	0	0	0	0	3.622307E-05	-0.0001213596	0.0007408499	0	0	0
0	-6.941131	-89.16348	14.99805	0	0	0	0	0	0	0	8.856561	-1.907513E-06	-0.4008606	0	0	0
0	-6.941131	-89.16348	14.99805	0	0	0	0	0	0	0	0.06696996	-6.069688E-09	-0.003031207	0	0	0
0	-6.941131	-89.16348	14.99805	0	0	0	0	0	0	0	0.0001548245	0	-7.007785E-06	0	0	0
0	-6.941131	-89.16348	14.99805	0	0	0	0	0	0	0	2.433511E-06	0	-1.101474E-07	0	0	0
0	-6.941131	-89.16348	14.99805	0	0	0	0	0	0	0	7.743407E-09	0	-3.504879E-10	0	0	0
0	-6.941131	-89.16348	14.99805	0	0	0	0	0	0	0	0	0	0	0	0	0
0	-6.938706	-89.17223	15.05162	0	0	0	0	0	0	0	0.2228841	-0.8044487	4.924229	0	0	0
0	-6.938706	-89.17223	15.05162	0	0	0	0	0	0	0	0.0003743691	-0.001351199	0.008271019	0	0	0
0	-6.938706	-89.17223	15.05162	0	0	0	0	0	0	0	8.654854E-07	-3.123769E-06	1.912136E-05	0	0	0
0	-6.938706	-89.17223	15.05162	0	0	0	0	0	0	0	1.872372E-08	-6.757895E-08	4.136674E-07	0	0	0
0	-6.936281	-89.18098	15.1052	0	0	0	0	0	0	0	0.3365576	-1.211613	7.435642	0	0	0
0	-6.936281	-89.18098	15.1052	0	0	0	0	0	0	0	0.01257098	-0.04525575	0.2777335	0	0	0
0	-6.933856	-89.1897	15.15878	0	0	0	0	0	0	0	0.02355186	-0.08456925	0.5203364	0	0	0
0	-6.933856	-89.1897	15.15878	0	0	0	0	0	0	0	5.444838E-05	-0.0001955115	0.00120294	0	0	0
0	-6.933856	-89.1897	15.15878	0	0	0	0	0	0	0	6.21784E-07	-2.232682E-06	1.373721E-05	0	0	0
0	-6.870863	-89.1897	15.15594	0	0	0	0	0	0	0	15.06502	-1.345871E-08	-0.6756769	0	0	0
0	-6.870863	-89.1897	15.15594	0	0	0	0	0	0	0	0.23679	0	-0.0106202	0	0	0
0	-6.807869	-89.1897	15.15313	0	0	0	0	0	0	0	1.606634	0	-0.07139673	0	0	0
0	-6.679541	-89.19839	15.20117	0	0	0	0	0	0	0	5.785643	-0.5829284	3.35066	0	0	0
0	-6.427634	-89.19839	15.19039	0	0	0	0	0	0	0	13.63627	-0.002553012	-0.5564933	0	0	0
0	-6.175709	-89.19839	15.18002	0	0	0	0	0	0	0	21.29254	-4.01279E-05	-0.8582526	0	0	0
0	-5.923768	-89.19839	15.17007	0	0	0	0	0	0	0	12.60713	-1.757455E-07	-0.4875413	0	0	0
0	-5.923768	-89.19839	15.17007	0	0	0	0	0	0	0	0.05612876	-4.062973E-10	-0.002170607	0	0	0
0	-5.923768	-89.19839	15.17007	0	0	0	0	0	0	0	0.0008822242	0	-3.411734E-05	0	0	0
0	-5.919621	-89.21572	15.27728	0	0	0	0	0	0	0	0.2183293	-0.9102279	5.645603	0	0	0
0	-5.917549	-89.22436	15.33089	0	0	0	0	0	0	0	0.03847301	-0.1599821	0.9948553	0	0	0
0	-5.846421	-89.25867	15.54294	0	0	0	0	0	0	0	9.19965	-2.448217	15.05516	0	0	0
0	-5.720751	-89.25867	15.53818	0	0	0	0	0	0	0	18.02011	-0.007790202	-0.6255873	0	0	0
0	-5.46748	-89.26719	15.58261	0	0	0	0	0	0	0	20.11577	-0.1566138	0.2681742	0	0	0
0	-5.279022	-89.26719	15.57598	0	0	0	0	0	0	0	12.04231	-0.0003620677	-0.4138313	0	0	0
0	-5.277169	-89.27569	15.62962	0	0	0	0	0	0	0	0.2004973	-0.2886947	1.819238	0	0	0
0	-5.336215	-89.29263	15.73909	0	0	0	0	0	0	0	-2.653503	-1.491242	9.575986	0	0	0
0	-5.33434	-89.30106	15.79273	0	0	0	0	0	0	0	0.08533391	-0.7821856	4.984376	0	0	0
0	-5.332464	-89.30947	15.84638	0	0	0	0	0	0	0	0.1262285	-0.5666224	3.618113	0	0	0
0	-5.258628	-89.35949	16.16618	0	0	0	0	0	0	0	4.863022	-3.683208	23.76192	0	0	0
0	-5.192384	-89.37599	16.27139	0	0	0	0	0	0	0	4.468894	-1.712748	11.03566	0	0	0
0	-5.124417	-89.40057	16.43032	0	0	0	0	0	0	0	1.628041	-2.097038	13.75623	0	0	0
0	-5.060158	-89.40872	16.48192	0	0	0	0	0	0	0	3.084177	-0.2828149	1.764963	0	0	0
0	-5.060158	-89.40872	16.48192	0	0	0	0	0	0	0	0.04847667	-0.004445247	0.02774145	0	0	0
0	-5.060158	-89.40872	16.48192	0	0	0	0	0	0	0	0.0001542523	-1.414473E-05	8.8273E-05	0	0	0
0	-5.058369	-89.41685	16.53562	0	0	0	0	0	0	0	0.03265372	-0.1481497	0.9800005	0	0	0
0	-5.058369	-89.41685	16.53562	0	0	0	0	0	0	0	0.0005132467	-0.002328597	0.01540351	0	0	0
0	-5.058369	-89.41685	16.53562	0	0	0	0	0	0	0	1.633113E-06	-7.409572E-06	4.901382E-05	0	0	0
0	-5.058369	-89.41685	16.53562	0	0	0	0	0	0	0	3.775513E-09	-1.712982E-08	1.133126E-07	0	0	0
0	-5.058369	-89.41685	16.53562	0	0	0	0	0	0	0	0	0	0	0	0	0
0	-5.058369	-89.41685	16.53562	0	0	0	0	0	0	0	0	0	0	0	0	0
0	-5.05658	-89.42496	16.58932	0	0	0	0	0	0	0	0.163337	-0.7390298	4.902154	0	0	0
0	-5.05658	-89.42496	16.58932	0	0	0	0	0	0	0	0.00135519	-0.006131653	0.04067266	0	0	0
0	-5.05479	-89.43304	16.64302	0	0	0	0	0	0	0	0.01773379	-0.08001587	0.5322356	0	0	0
0	-5.051211	-89.44915	16.75044	0	0	0	0	0	0	0	0.262025	-1.175715	7.86403	0	0	0
0	-5.042262	-89.48903	17.01904	0	0	0	0	0	0	0	0.03104382	-0.1373536	0.9317032	0	0	0
0	-4.912567	-89.51269	17.17615	0	0	0	0	0	0	0	4.758628	-2.272727	15.41045	0	0	0
0	-4.850404	-89.51269	17.17414	0	0	0	0	0	0	0	10.99984	-0.03572241	-0.1082779	0	0	0
0	-4.786538	-89.52054	17.2259	0	0	0	0	0	0	0	2.214121	-0.01164521	0.009851944	0	0	0
0	-4.724396	-89.52054	17.22395	0	0	0	0	0	0	0	3.141809	-0.00025193	-0.09648677	0	0	0
0	-4.724152	-89.46669	17.23174	0	0	0	0	0	0	0	0.02948995	3.471136	0.5027776	0	0	0
0	-4.662012	-89.46669	17.22981	0	0	0	0	0	0	0	0.3226475	0.008024748	-0.008789115	0	0	0
0	-4.662012	-89.46669	17.22981	0	0	0	0	0	0	0	0.005071329	0.0001261319	-0.0001381464	0	0	0
0	-4.662012	-89.46669	17.22981	0	0	0	0	0	0	0	1.613692E-05	4.013505E-07	-4.395803E-07	0	0	0
0	-4.662012	-89.46669	17.22981	0	0	0	0	0	0	0	2.710148E-08	0	-8.360726E-10	0	0	0
0	-4.660354	-89.47451	17.28356	0	0	0	0	0	0	0	0.006106031	-0.0287646	0.1979284	0	0	0
0	-4.658696	-89.48231	17.33731	0	0	0	0	0	0	0	0.02212493	-0.1039287	0.7171848	0	0	0
0	-4.657038	-89.49009	17.39106	0	0	0	0	0	0	0	0.01603487	-0.07510518	0.519774	0	0	0
0	-4.655379	-89.49784	17.44482	0	0	0	0	0	0	0	0.3705886	-1.730788	12.01271	0	0	0
0	-4.655379	-89.49784	17.44482	0	0	0	0	0	0	0	0.004232009	-0.01976507	0.1371816	0	0	0
0	-4.655379	-89.49784	17.44482	0	0	0	0	0	0	0	7.108327E-06	-3.319856E-05	0.0002304181	0	0	0
0	-4.655379	-89.49784	17.44482	0	0	0	0	0	0	0	8.117494E-08	-3.791175E-07	2.631304E-06	0	0	0
0	-4.655379	-89.49784	17.44482	0	0	0	0	0	0	0	3.555164E-10	-1.660395E-09	1.152415E-08	0	0	0
0	-4.655138	-89.444	17.45263	0	0	0	0	0	0	0	0.04092025	9.123617	1.326439	0	0	0
0	-4.650162	-89.46713	17.61392	0	0	0	0	0	0	0	0.08721352	-0.2974387	2.827046	0	0	0
0	-4.464211	-89.46713	17.6083	0	0	0	0	0	0	0	12.56398	-0.001302672	-0.3596891	0	0	0
0	-4.216266	-89.46713	17.60116	0	0	0	0	0	0	0	11.92929	-2.188044E-06	-0.3336273	0	0	0
0	-4.092289	-89.46713	17.59775	0	0	0	0	0	0	0	5.966946	-5.058431E-09	-0.1619774	0	0	0
0	-4.0303	-89.46713	17.59608	0	0	0	0	0	0	0	4.141642	0	-0.1107239	0	0	0
0	-4.0303	-89.46713	17.59608	0	0	0	0	0	0	0	0.01813887	0	-0.0004849299	0	0	0
0	-4.0303	-89.46713	17.59608	0	0	0	0	0	0	0	4.193436E-05	0	-1.121085E-06	0	0	0
0	-4.0303	-89.46713	17.59608	0	0	0	0	0	0	0	9.071988E-07	0	-2.425332E-08	0	0	0
0	-4.0303	-89.46713	17.59608	0	0	0	0	0	0	0	2.097308E-09	0	-5.607005E-11	0	0	0
0	-4.0303	-89.46713	17.59608	0	0	0	0	0	0	0	0	0	0	0	0	0
0	-4.0303	-89.46713	17.59608	0	0	0	0	0	0	0	0	0	0	0	0	0
0	-4.0303	-89.46713	17.59608	0	0	0	0	0	0	0	0	0	0	0	0	0
0	-4.0303	-89.46713	17.59608	0	0	0	0	0	0	0	0	0	0	0	0	0
0	-4.0303	-89.46713	17.59608	0	0	0	0	0	0	0	0	0	0	0	0	0
0	-4.0303	-89.46713	17.59608	0	0	0	0	0	0	0	0	0	0	0	0	0
0	-4.0303	-89.46713	17.59608	0	0	0	0	0	0	0	0	0	0	0	0	0
0	-4.028862	-89.47481	17.64985	0	0	0	0	0	0	0	0.06903228	-0.3676964	2.582162	0	0	0
0	-4.027424	-89.48245	17.70363	0	0	0	0	0	0	0	0.09521774	-0.5056906	3.561633	0	0	0
0	-4.025987	-89.49007	17.75741	0	0	0	0	0	0	0	0.1937008	-1.02571	7.245405	0	0	0
0	-4.025987	-89.49007	17.75741	0	0	0	0	0	0	0	0.0007726494	-0.004091436	0.02890106	0	0	0
0	-4.025987	-89.49007	17.75741	0	0	0	0	0	0	0	1.21444E-05	-6.430862E-05	0.0004542629	0	0	0
0	-4.025987	-89.49007	17.75741	0	0	0	0	0	0	0	3.864335E-08	-2.046294E-07	1.44546E-06	0	0	0
0	-4.025987	-89.49007	17.75741	0	0	0	0	0	0	0	8.360018E-10	-4.426908E-09	3.127077E-08	0	0	0
0	-4.025987	-89.49007	17.75741	0	0	0	0	0	0	0	0	0	0	0	0	0
0	-4.025987	-89.49007	17.75741	0	0	0	0	0	0	0	0	0	0	0	0	0
0	-4.024549	-89.49768	17.8112	0	0	0	0	0	0	0	0.09618121	-0.5078157	3.597672	0	0	0
0	-4.024549	-89.49768	17.8112	0	0	0	0	0	0	0	0.0002223566	-0.001173994	0.008317279	0	0	0
0	-4.024549	-89.49768	17.8112	0	0	0	0	0	0	0	1.340376E-06	-7.076892E-06	5.013695E-05	0	0	0
0	-3.962647	-89.49768	17.80956	0	0	0	0	0	0	0	5.561527	-1.530999E-07	-0.1463939	0	0	0
0	-3.962647	-89.49768	17.80956	0	0	0	0	0	0	0	0.01769672	-4.871624E-10	-0.0004658239	0	0	0
0	-3.962647	-89.49768	17.80956	0	0	0	0	0	0	0	0.000382847	0	-1.007761E-05	0	0	0
0	-3.962647	-89.49768	17.80956	0	0	0	0	0	0	0	1.218215E-06	0	-3.206684E-08	0	0	0
0	-3.962647	-89.49768	17.80956	0	0	0	0	0	0	0	2.635461E-08	0	-6.937272E-10	0	0	0
0	-3.962647	-89.49768	17.80956	0	0	0	0	0	0	0	0	0	0	0	0	0
0	-3.900745	-89.49768	17.80794	0	0	0	0	0	0	0	1.542946	0	-0.03997978	0	0	0
0	-3.900745	-89.49768	17.80794	0	0	0	0	0	0	0	0.006757537	0	-0.0001750967	0	0	0
0	-3.900745	-89.49768	17.80794	0	0	0	0	0	0	0	7.716902E-05	0	-1.999552E-06	0	0	0
0	-3.900745	-89.49768	17.80794	0	0	0	0	0	0	0	6.402633E-07	0	-1.659007E-08	0	0	0
0	-3.900745	-89.49768	17.80794	0	0	0	0	0	0	0	1.385132E-08	0	-3.58906E-10	0	0	0
0	-3.900745	-89.49768	17.80794	0	0	0	0	0	0	0	0	0	0	0	0	0
0	-3.900745	-89.49768	17.80794	0	0	0	0	0	0	0	0	0	0	0	0	0
0	-3.900745	-89.49768	17.80794	0	0	0	0	0	0	0	0	0	0	0	0	0
0	-3.771539	-89.52787	18.01996	0	0	0	0	0	0	0	18.54352	-0.7222183	4.715868	0	0	0
0	-2.905024	-89.53536	18.05455	0	0	0	0	0	0	0	31.95009	-0.003015256	-0.5958626	0	0	0
0	-2.408872	-89.55029	18.15344	0	0	0	0	0	0	0	20.75557	-0.9373131	6.450642	0	0	0
0	-1.97583	-89.55772	18.20095	0	0	0	0	0	0	0	27.3537	-1.299182	9.070429	0	0	0
0	-1.543635	-89.55772	18.19588	0	0	0	0	0	0	0	23.50145	-0.002182181	-0.2257634	0	0	0
0	-1.234473	-89.56512	18.24686	0	0	0	0	0	0	0	12.04721	-0.4922147	3.484374	0	0	0
0	-0.863826	-89.5725	18.2981	0	0	0	0	0	0	0	12.81741	-0.3549389	2.51805	0	0	0
0	-0.6165774	-89.5872	18.40456	0	0	0	0	0	0	0	9.104872	-0.157527	1.119862	0	0	0
0	-0.4929082	-89.60181	18.5118	0	0	0	0	0	0	0	16.29332	-1.243071	9.134849	0	0	0
0	-0.4311399	-89.60909	18.56545	0	0	0	0	0	0	0	2.280903	-0.1083173	0.7965496	0	0	0
0	-0.1847744	-89.60909	18.56495	0	0	0	0	0	0	0	10.61934	-0.0004743902	-0.009582656	0	0	0
0	0	-89.61634	18.61868	0	0	0	0	0	0	0	6.247754	-0.01351853	0.1005415	0	0	0
0	0.06152506	-89.63078	18.72641	0	0	0	0	0	0	0	0.1751498	-0.104988	0.7857481	0	0	0
0	0	-89.64513	18.83412	0	0	0	0	0	0	0	-7.849849	-0.2520077	1.897675	0	0	0
0	0	-89.65228	18.88799	0	0	0	0	0	0	0	-0.02496914	-0.3270253	2.470287	0	0	0
0	0	-89.65228	18.88799	0	0	0	0	0	0	0	-0.0003924615	-0.005140139	0.03882764	0	0	0
0	0	-89.59843	18.89583	0	0	0	0	0	0	0	-1.248743E-06	0.3918841	0.05729048	0	0	0
0	0	-89.59843	18.89583	0	0	0	0	0	0	0	-2.886907E-09	0.0009059774	0.0001324471	0	0	0
0	0	-89.59843	18.89583	0	0	0	0	0	0	0	0	5.461503E-06	7.966753E-07	0	0	0
0	0	-89.59843	18.89583	0	0	0	0	0	0	0	0	6.236871E-08	9.09779E-09	0	0	0
0	0	-89.60555	18.9497	0	0	0	0	0	0	0	0	-0.4804667	3.640757	0	0	0
0	0	-89.55882	19.01144	0	0	0	0	0	0	0	0	-0.6077789	5.218459	0	0	0
0	0	-89.55882	19.01144	0	0	0	0	0	0	0	0	-0.001933946	0.01660508	0	0	0
0	0	-89.55882	19.01144	0	0	0	0	0	0	0	0	-3.248367E-06	2.789085E-05	0	0	0
0	0	-89.55882	19.01144	0	0	0	0	0	0	0	0	-1.164996E-08	8.855623E-08	0	0	0
0	0	-89.55882	19.01144	0	0	0	0	0	0	0	0	0	0	0	0	0
0	0	-89.5191	19.12708	0	0	0	0	0	0	0	0	5.760559	8.810881	0	0	0
0	0.06127167	-89.5471	19.34264	0	0	0	0	0	0	0	0.8213481	-0.6943067	5.823971	0	0	0
0	0.1225433	-89.5471	19.34267	0	0	0	0	0	0	0	7.698769	-0.01091302	0.09786656	0	0	0
0	0.2450866	-89.5471	19.34282	0	0	0	0	0	0	0	5.790037	-1.331762E-05	0.009635139	0	0	0
0	0.3063419	-89.49327	19.35085	0	0	0	0	0	0	0	2.134533	1.379088	0.2072831	0	0	0
0	0.3063419	-89.49327	19.35085	0	0	0	0	0	0	0	0.02437573	0.01574877	0.00236711	0	0	0
0	0.3062311	-89.50022	19.40474	0	0	0	0	0	0	0	-0.001476644	-0.09493557	0.7381238	0	0	0
0	0.3062311	-89.50022	19.40474	0	0	0	0	0	0	0	-8.901283E-06	-0.0005722761	0.004449446	0	0	0
0	0.3061039	-89.45331	19.46657	0	0	0	0	0	0	0	-0.001512368	3.569766	0.7355883	0	0	0
0	0.3061039	-89.45331	19.46657	0	0	0	0	0	0	0	-3.496368E-06	0.008252766	0.00170057	0	0	0
0	0.3060876	-89.39948	19.47452	0	0	0	0	0	0	0	-0.00267992	8.809806	1.303465	0	0	0
0	0.3060876	-89.39948	19.47452	0	0	0	0	0	0	0	-8.527477E-06	0.02803271	0.004147611	0	0	0
0	0.3060876	-89.39948	19.47452	0	0	0	0	0	0	0	-1.97141E-08	6.480745E-05	9.588582E-06	0	0	0
0	0.3059768	-89.40639	19.52842	0	0	0	0	0	0	0	-0.01897634	-1.179798	9.22975	0	0	0
0	0.3057387	-89.36629	19.6442	0	0	0	0	0	0	0	-0.0123312	12.42582	5.997671	0	0	0
0	0.2441345	-89.34644	19.92164	0	0	0	0	0	0	0	-2.228662	-0.9096482	18.01461	0	0	0
0	0.243323	-89.35235	20.41504	0	0	0	0	0	0	0	-0.02209047	8.368242	11.19234	0	0	0
0	0.2428661	-89.33096	20.69283	0	0	0	0	0	0	0	-0.01871566	0.03870416	11.37495	0	0	0
0	0.2422447	-89.37541	21.07059	0	0	0	0	0	0	0	-0.00668469	-0.4692173	4.064134	0	0	0
0	0.2422447	-89.37541	21.07059	0	0	0	0	0	0	0	-0.0001050688	-0.007375094	0.0638795	0	0	0
0	0.2422447	-89.37541	21.07059	0	0	0	0	0	0	0	-4.601629E-07	-3.23002E-05	0.0002797688	0	0	0
0	0.2422315	-89.3216	21.07866	0	0	0	0	0	0	0	-2.633349E-05	0.1067025	0.01601017	0	0	0
0	0.2422182	-89.2678	21.08674	0	0	0	0	0	0	0	-2.528165E-05	0.1021595	0.01537068	0	0	0
0	0.2422182	-89.2678	21.08674	0	0	0	0	0	0	0	-4.246452E-08	0.000171593	2.581748E-05	0	0	0
0	0.2422182	-89.2678	21.08674	0	0	0	0	0	0	0	-4.849319E-10	1.95954E-06	2.948278E-07	0	0	0
0	0.2423069	-89.26151	21.03277	0	0	0	0	0	0	0	0.01088158	0.7717863	-6.615758	0	0	0
0	0.2423824	-89.2014	20.9869	0	0	0	0	0	0	0	0.01496895	5.803991	-9.100789	0	0	0
0	0.2424712	-89.19508	20.93293	0	0	0	0	0	0	0	0.004475699	0.3941756	-2.721125	0	0	0
0	0.2425465	-89.13492	20.8871	0	0	0	0	0	0	0	0.002175474	3.719901	-1.32264	0	0	0
0	0.2425331	-89.08112	20.89525	0	0	0	0	0	0	0	-0.0003216779	1.310002	0.195573	0	0	0
0	0.2426085	-89.02096	20.84945	0	0	0	0	0	0	0	0.001603398	0.1965822	-0.9748305	0	0	0
0	0.2426085	-89.02096	20.84945	0	0	0	0	0	0	0	2.5202E-05	0.003089853	-0.01532225	0	0	0
0	0.1820128	-88.96077	20.8036	0	0	0	0	0	0	0	-0.7449359	0.3008235	-1.869861	0	0	0
0	0.1820128	-88.96077	20.8036	0	0	0	0	0	0	0	-0.001722181	0.0006954589	-0.00432284	0	0	0
0	0.1820489	-88.79301	20.77436	0	0	0	0	0	0	0	0.006734462	7.843652	-5.459206	0	0	0
0	0.1821053	-88.73279	20.72868	0	0	0	0	0	0	0	0.005940421	1.95812	-4.815526	0	0	0
0	0.1820847	-88.62525	20.74531	0	0	0	0	0	0	0	-0.000662834	3.505713	0.5373179	0	0	0
0	0.182141	-88.56502	20.69971	0	0	0	0	0	0	0	-0.0006210451	3.61337	0.5034423	0	0	0
0	0.1822076	-88.55854	20.64576	0	0	0	0	0	0	0	-1.97617E-06	0.01149778	0.001601957	0	0	0
0	0.1822076	-88.55854	20.64576	0	0	0	0	0	0	0	-3.319289E-09	1.931234E-05	2.69074E-06	0	0	0
0	0.1822741	-88.55203	20.59181	0	0	0	0	0	0	0	9.527115E-05	0.009328779	-0.07723035	0	0	0
0	0.1822638	-88.49827	20.60018	0	0	0	0	0	0	0	-9.73878E-05	0.5143671	0.07894618	0	0	0