0	-1.116901	-88.77145	25.39466	0	0	0	0	0	0	0	-0.2679986	0.5770862	-13.11259	0	0	0
0	-1.117813	-88.816	25.27792	0	0	0	0	0	0	0	-0.07001471	-4.249019	-8.502602	0	0	0
0	-1.118236	-88.81136	25.22378	0	0	0	0	0	0	0	-0.001368322	-0.0009325592	-0.173675	0	0	0
0	-1.118302	-88.86512	25.21535	0	0	0	0	0	0	0	-0.01531494	-12.48368	-1.960171	0	0	0
0	-1.118433	-88.97263	25.19854	0	0	0	0	0	0	0	-0.004585637	-3.765136	-0.5869286	0	0	0
0	-1.118564	-89.08016	25.18182	0	0	0	0	0	0	0	-0.01245883	-10.28493	-1.59464	0	0	0
0	-1.118694	-89.18771	25.16519	0	0	0	0	0	0	0	-0.003198796	-2.654959	-0.409423	0	0	0
0	-1.119117	-89.18305	25.11106	0	0	0	0	0	0	0	-0.007665414	0.07834783	-0.981118	0	0	0
0	-1.120809	-89.16421	24.89453	0	0	0	0	0	0	0	-0.1715997	1.929143	-21.96354	0	0	0
0	-1.120873	-89.21799	24.88625	0	0	0	0	0	0	0	-0.002383788	-1.349972	-0.3051078	0	0	0
0	-1.062282	-89.21322	24.83167	0	0	0	0	0	0	0	1.514917	0.1587316	-1.846092	0	0	0
0	-1.062343	-89.267	24.82341	0	0	0	0	0	0	0	0.009479991	-6.887372	-1.077716	0	0	0
0	-1.062343	-89.267	24.82341	0	0	0	0	0	0	0	4.151888E-05	-0.03016416	-0.00472	0	0	0
0	-1.003382	-89.32079	24.81475	0	0	0	0	0	0	0	0.2084451	-0.5078901	-0.07914734	0	0	0
0	-0.8850052	-89.32555	24.8681	0	0	0	0	0	0	0	6.162571	-0.660667	7.391751	0	0	0
0	-0.5900055	-89.32555	24.86658	0	0	0	0	0	0	0	10.43045	-0.001902526	-0.02134201	0	0	0
0	-0.2947808	-89.33501	24.97394	0	0	0	0	0	0	0	19.56139	-0.8236563	9.425672	0	0	0
0	-0.05891506	-89.39818	25.0737	0	0	0	0	0	0	0	17.66616	-2.945488	12.97808	0	0	0
0	0	-89.45197	25.0655	0	0	0	0	0	0	0	7.178576	-4.973881	-0.7340987	0	0	0
0	0	-89.43787	24.90309	0	0	0	0	0	0	0	0.01661461	1.495365	-17.238	0	0	0
0	0.05914436	-89.45799	24.51606	0	0	0	0	0	0	0	8.142133	1.151864	-23.84288	0	0	0
0	0.1184667	-89.43827	24.29964	0	0	0	0	0	0	0	7.726869	1.7613	-19.38593	0	0	0
0	0.3562209	-89.46182	23.96725	0	0	0	0	0	0	0	9.004844	0.4171933	-18.90995	0	0	0
0	0.5943677	-89.4464	23.80575	0	0	0	0	0	0	0	20.16778	0.3340449	-3.634978	0	0	0
0	0.8328288	-89.54361	23.68251	0	0	0	0	0	0	0	13.36925	-12.72433	-3.985648	0	0	0
0	1.011724	-89.59219	23.62148	0	0	0	0	0	0	0	12.66165	-8.988139	-3.856055	0	0	0
0	1.071355	-89.69981	23.60581	0	0	0	0	0	0	0	1.160732	-9.49381	-1.419352	0	0	0
0	1.071014	-89.75886	23.65187	0	0	0	0	0	0	0	-0.08683067	-3.112138	12.22548	0	0	0
0	1.070673	-89.81788	23.69796	0	0	0	0	0	0	0	-0.06203354	-10.59258	8.386611	0	0	0
0	1.069472	-89.83337	23.86024	0	0	0	0	0	0	0	-0.06459309	-0.8864804	8.726808	0	0	0
0	1.06787	-89.85371	24.07663	0	0	0	0	0	0	0	-0.1235445	-1.556188	16.69133	0	0	0
0	1.066669	-89.86874	24.23895	0	0	0	0	0	0	0	-0.06561286	-0.8150519	8.864548	0	0	0
0	1.066669	-89.86874	24.23895	0	0	0	0	0	0	0	-0.002232524	-0.02773267	0.3016226	0	0	0
0	1.067069	-89.86375	24.18484	0	0	0	0	0	0	0	0.01904373	0.2376204	-2.572881	0	0	0
0	1.129371	-89.88205	23.79862	0	0	0	0	0	0	0	0.9571222	-5.328714	-21.4225	0	0	0
0	1.19021	-89.92033	23.62888	0	0	0	0	0	0	0	2.245603	-1.521238	-13.54378	0	0	0
0	1.370932	-90.00694	23.3983	0	0	0	0	0	0	0	14.15675	-1.985317	-16.56516	0	0	0
0	1.490302	-90.11462	23.38372	0	0	0	0	0	0	0	5.138991	-8.214805	-1.500472	0	0	0
0	1.787778	-90.17375	23.43333	0	0	0	0	0	0	0	7.361111	-2.127669	7.408924	0	0	0
0	1.907059	-90.22759	23.42703	0	0	0	0	0	0	0	2.284599	-2.553856	-0.2826962	0	0	0
0	1.967491	-90.27615	23.36595	0	0	0	0	0	0	0	7.630102	-2.557116	-9.652098	0	0	0
0	1.969692	-90.26013	23.20374	0	0	0	0	0	0	0	0.3263987	1.721966	-17.73457	0	0	0
0	2.15446	-90.27584	22.82009	0	0	0	0	0	0	0	19.36359	2.104666	-27.31527	0	0	0
0	2.577302	-90.30742	22.60297	0	0	0	0	0	0	0	26.94704	-7.221316	-20.57447	0	0	0
0	3.122605	-90.33293	22.33563	0	0	0	0	0	0	0	44.95619	-9.959584	-27.21042	0	0	0
0	3.727315	-90.36952	22.17995	0	0	0	0	0	0	0	38.20853	0.5585821	-14.58256	0	0	0
0	4.331758	-90.41176	22.08082	0	0	0	0	0	0	0	40.95701	-0.1024244	-1.655472	0	0	0
0	4.63272	-90.46563	22.08237	0	0	0	0	0	0	0	14.76687	-0.7016599	0.3230811	0	0	0
0	4.993576	-90.46563	22.09425	0	0	0	0	0	0	0	11.42483	-0.002232674	0.389615	0	0	0
0	5.113854	-90.46563	22.0984	0	0	0	0	0	0	0	14.47552	-5.161609E-06	0.5061522	0	0	0
0	5.114122	-90.5195	22.09076	0	0	0	0	0	0	0	0.2301774	-0.5333697	-0.0675797	0	0	0
0	5.114122	-90.5195	22.09076	0	0	0	0	0	0	0	0.0007324219	-0.001697177	-0.0002150379	0	0	0
0	5.114122	-90.5195	22.09076	0	0	0	0	0	0	0	1.69325E-06	-3.923619E-06	-4.971354E-07	0	0	0
0	5.112234	-90.52532	22.14475	0	0	0	0	0	0	0	-0.02551053	-0.07853694	0.7295787	0	0	0
0	5.112234	-90.52532	22.14475	0	0	0	0	0	0	0	-0.0001117269	-0.0003439627	0.003195287	0	0	0
0	5.05398	-90.5195	22.08867	0	0	0	0	0	0	0	-7.373047	0.02879321	-0.5215508	0	0	0
0	5.055845	-90.51366	22.03468	0	0	0	0	0	0	0	-0.0101646	0.02168617	-0.2005171	0	0	0
0	5.055845	-90.51366	22.03468	0	0	0	0	0	0	0	-6.127267E-05	0.0001307253	-0.001208727	0	0	0
0	4.99568	-90.51366	22.03261	0	0	0	0	0	0	0	-1.054145	1.492843E-06	-0.03600521	0	0	0
0	4.99568	-90.51366	22.03261	0	0	0	0	0	0	0	-0.0009346376	1.323601E-09	-3.192333E-05	0	0	0
0	4.997524	-90.50778	21.97862	0	0	0	0	0	0	0	0.003719843	0.01186948	-0.109013	0	0	0
0	4.997524	-90.50778	21.97862	0	0	0	0	0	0	0	8.599721E-06	2.744046E-05	-0.0002520219	0	0	0
0	4.937335	-90.50778	21.97658	0	0	0	0	0	0	0	-8.2609	6.343825E-08	-0.2786498	0	0	0
0	4.935514	-90.51366	22.03057	0	0	0	0	0	0	0	-0.5524978	-0.7847896	7.22486	0	0	0
0	4.931872	-90.52532	22.13856	0	0	0	0	0	0	0	-0.2668567	-0.8472831	7.871234	0	0	0
0	4.926407	-90.54266	22.30056	0	0	0	0	0	0	0	-0.6129494	-1.933491	18.17101	0	0	0
0	4.920942	-90.5598	22.46258	0	0	0	0	0	0	0	-0.5154703	-1.607157	15.28175	0	0	0
0	4.858899	-90.5116	22.52222	0	0	0	0	0	0	0	-0.8157751	0.5599836	1.334288	0	0	0
0	4.857099	-90.51724	22.57623	0	0	0	0	0	0	0	-0.007064828	-0.008484704	0.1106859	0	0	0
0	4.855299	-90.52287	22.63025	0	0	0	0	0	0	0	-0.03303992	-0.1028449	0.9900186	0	0	0
0	4.854788	-90.41514	22.6456	0	0	0	0	0	0	0	-0.0585677	12.28031	1.757759	0	0	0
0	4.794621	-90.36127	22.65132	0	0	0	0	0	0	0	-1.53243	2.563083	0.317251	0	0	0
0	4.734709	-90.36127	22.64936	0	0	0	0	0	0	0	-7.588919	0.04028619	-0.2408315	0	0	0
0	4.67653	-90.35565	22.59341	0	0	0	0	0	0	0	-1.480117	0.1996421	-1.961151	0	0	0
0	4.498388	-90.35001	22.53373	0	0	0	0	0	0	0	-11.28929	0.5208061	-5.325063	0	0	0
0	4.378468	-90.35001	22.53008	0	0	0	0	0	0	0	-8.888566	0.0008747752	-0.275252	0	0	0
0	4.378468	-90.35001	22.53008	0	0	0	0	0	0	0	-0.4387279	1.89247E-05	-0.01335432	0	0	0
0	4.378468	-90.35001	22.53008	0	0	0	0	0	0	0	-0.001014273	4.375108E-08	-3.087319E-05	0	0	0
0	4.378468	-90.35001	22.53008	0	0	0	0	0	0	0	-8.415321E-06	3.629981E-10	-2.561517E-07	0	0	0
0	4.380089	-90.34434	22.47606	0	0	0	0	0	0	0	0.01522448	0.05331802	-0.5070375	0	0	0
0	4.380089	-90.34434	22.47606	0	0	0	0	0	0	0	0.0001738601	0.0006088756	-0.005790215	0	0	0
0	4.380089	-90.34434	22.47606	0	0	0	0	0	0	0	7.614433E-07	2.666652E-06	-2.535901E-05	0	0	0
0	4.380089	-90.34434	22.47606	0	0	0	0	0	0	0	1.278964E-09	4.479062E-09	-4.259446E-08	0	0	0
0	4.379857	-90.29047	22.48379	0	0	0	0	0	0	0	-0.02970469	6.883231	0.9892811	0	0	0
0	4.374991	-90.30742	22.64585	0	0	0	0	0	0	0	-0.4312488	-1.476369	14.36226	0	0	0
0	4.364557	-90.17915	22.99335	0	0	0	0	0	0	0	-0.7141015	5.453372	23.78235	0	0	0
0	4.360606	-90.02854	23.12495	0	0	0	0	0	0	0	-0.1907062	6.987889	6.351255	0	0	0
0	4.360606	-90.02854	23.12495	0	0	0	0	0	0	0	-0.004125697	0.1511745	0.1374017	0	0	0
0	4.363851	-90.01762	23.01687	0	0	0	0	0	0	0	0.2437293	0.8238467	-8.117131	0	0	0
0	4.367095	-90.00661	22.9088	0	0	0	0	0	0	0	0.0985422	0.3356396	-3.281837	0	0	0
0	4.37034	-89.99552	22.80074	0	0	0	0	0	0	0	0.1107096	0.3801191	-3.687057	0	0	0
0	4.37034	-89.99552	22.80074	0	0	0	0	0	0	0	0.0009185456	0.003153808	-0.03059112	0	0	0
0	4.37034	-89.99552	22.80074	0	0	0	0	0	0	0	2.12354E-06	7.291134E-06	-7.072211E-05	0	0	0
0	4.37034	-89.99552	22.80074	0	0	0	0	0	0	0	3.337752E-08	1.146011E-07	-1.111601E-06	0	0	0
0	4.37034	-89.99552	22.80074	0	0	0	0	0	0	0	1.062069E-10	3.646594E-10	-3.537101E-09	0	0	0
0	4.37034	-89.99552	22.80074	0	0	0	0	0	0	0	0	0	0	0	0	0
0	4.37034	-89.99552	22.80074	0	0	0	0	0	0	0	0	0	0	0	0	0
0	4.37034	-89.99552	22.80074	0	0	0	0	0	0	0	0	0	0	0	0	0
0	4.37034	-89.99552	22.80074	0	0	0	0	0	0	0	0	0	0	0	0	0
0	4.37034	-89.99552	22.80074	0	0	0	0	0	0	0	0	0	0	0	0	0
0	4.37034	-89.99552	22.80074	0	0	0	0	0	0	0	0	0	0	0	0	0
0	4.368481	-89.94724	22.86265	0	0	0	0	0	0	0	-0.08163696	9.33344	2.718827	0	0	0
0	4.366859	-89.95278	22.91668	0	0	0	0	0	0	0	-0.106909	-0.3479916	3.560485	0	0	0
0	4.365237	-89.9583	22.97072	0	0	0	0	0	0	0	-0.02134063	-0.07236719	0.7107257	0	0	0
0	4.361754	-89.91543	23.08669	0	0	0	0	0	0	0	-0.02852544	2.531665	0.9500076	0	0	0
0	4.358271	-89.87247	23.20271	0	0	0	0	0	0	0	-0.01232344	0.1594081	0.4104183	0	0	0
0	4.358271	-89.87247	23.20271	0	0	0	0	0	0	0	-1.092634E-05	0.0001413362	0.0003638896	0	0	0
0	4.358032	-89.81865	23.21065	0	0	0	0	0	0	0	-0.02162401	4.869626	0.7201632	0	0	0
0	4.3629	-89.8023	23.04853	0	0	0	0	0	0	0	0.5418238	1.842035	-18.04483	0	0	0
0	4.497639	-89.8059	22.55799	0	0	0	0	0	0	0	2.972712	1.362611	-26.53071	0	0	0
0	4.629761	-89.81943	22.17578	0	0	0	0	0	0	0	7.455488	1.844026	-34.71627	0	0	0
0	4.95058	-89.80775	21.58392	0	0	0	0	0	0	0	12.01261	-9.53102	-30.80802	0	0	0
0	5.146995	-89.81227	21.15062	0	0	0	0	0	0	0	21.88528	-3.392882	-30.32543	0	0	0
0	5.593715	-89.84985	20.55718	0	0	0	0	0	0	0	22.78712	-2.721557	-23.5567	0	0	0
0	6.033536	-90.02589	20.21939	0	0	0	0	0	0	0	27.48136	-9.120106	-4.861235	0	0	0
0	6.345985	-90.1675	20.04736	0	0	0	0	0	0	0	18.72484	-11.0689	-9.525726	0	0	0
0	6.656399	-90.2618	19.93768	0	0	0	0	0	0	0	15.35393	-8.84206	-7.137345	0	0	0
0	6.77845	-90.2618	19.94321	0	0	0	0	0	0	0	1.743816	-0.02044152	0.06155526	0	0	0
0	6.83451	-90.27523	20.05374	0	0	0	0	0	0	0	0.9569287	-1.682806	13.61573	0	0	0
0	6.766148	-90.2952	20.21256	0	0	0	0	0	0	0	-7.852514	-0.394888	2.858845	0	0	0
0	6.763687	-90.30183	20.26644	0	0	0	0	0	0	0	-0.1552341	-0.09166758	0.742333	0	0	0
0	6.824578	-90.30183	20.26923	0	0	0	0	0	0	0	10.37647	-0.0004014702	0.4815012	0	0	0
0	6.824578	-90.30183	20.26923	0	0	0	0	0	0	0	0.02398885	-9.281392E-07	0.001113159	0	0	0
0	6.824578	-90.30183	20.26923	0	0	0	0	0	0	0	0.0002739453	-1.059907E-08	1.271194E-05	0	0	0
0	6.822095	-90.30842	20.32311	0	0	0	0	0	0	0	-0.01266165	-0.03356501	0.2747607	0	0	0
0	6.819612	-90.31499	20.37699	0	0	0	0	0	0	0	-0.04414688	-0.1166221	0.9579059	0	0	0
0	6.819612	-90.31499	20.37699	0	0	0	0	0	0	0	-0.0009550641	-0.002522978	0.02072313	0	0	0
0	6.819612	-90.31499	20.37699	0	0	0	0	0	0	0	-3.039004E-06	-8.028091E-06	6.594078E-05	0	0	0
0	6.819612	-90.31499	20.37699	0	0	0	0	0	0	0	-7.025723E-09	-1.855975E-08	1.524452E-07	0	0	0
0	6.819612	-90.31499	20.37699	0	0	0	0	0	0	0	-1.51993E-10	-4.015175E-10	3.297967E-09	0	0	0
0	6.819612	-90.31499	20.37699	0	0	0	0	0	0	0	0	0	0	0	0	0
0	6.819612	-90.31499	20.37699	0	0	0	0	0	0	0	0	0	0	0	0	0
0	6.819612	-90.31499	20.37699	0	0	0	0	0	0	0	0	0	0	0	0	0
0	6.824578	-90.30183	20.26923	0	0	0	0	0	0	0	0.2247419	0.597735	-4.876485	0	0	0
0	6.898347	-90.3224	19.99508	0	0	0	0	0	0	0	11.76099	2.328938	-20.50383	0	0	0
0	6.910869	-90.28856	19.7258	0	0	0	0	0	0	0	0.9982995	2.4739	-19.53738	0	0	0
0	6.921237	-90.31496	19.50282	0	0	0	0	0	0	0	0.852612	1.828052	-18.31406	0	0	0
0	6.931249	-90.28714	19.28749	0	0	0	0	0	0	0	0.5171715	1.443128	-11.12209	0	0	0
0	6.946967	-90.35251	18.94946	0	0	0	0	0	0	0	1.010088	-10.43058	-21.72282	0	0	0
0	7.084332	-90.58604	18.64881	0	0	0	0	0	0	0	10.28769	-19.90998	-19.86444	0	0	0
0	7.219224	-90.77252	18.41001	0	0	0	0	0	0	0	11.64408	-14.60521	-18.08558	0	0	0
0	7.364313	-90.82102	17.97124	0	0	0	0	0	0	0	21.14647	1.74606	-43.45677	0	0	0
0	7.504401	-90.82952	17.64761	0	0	0	0	0	0	0	10.18302	0.94615	-15.73944	0	0	0
0	7.574461	-90.80651	17.48953	0	0	0	0	0	0	0	11.13069	1.589239	-10.70393	0	0	0
0	7.647371	-90.77554	17.27779	0	0	0	0	0	0	0	2.464296	2.524945	-17.33032	0	0	0
0	7.672567	-90.81239	16.78005	0	0	0	0	0	0	0	0.9345546	1.648449	-18.38921	0	0	0
0	7.757537	-90.85566	16.33948	0	0	0	0	0	0	0	6.985548	-6.147277	-22.30036	0	0	0
0	7.847635	-90.77295	15.80634	0	0	0	0	0	0	0	8.785534	8.513064	-54.66846	0	0	0
0	7.921481	-90.73925	15.59514	0	0	0	0	0	0	0	6.59139	2.799639	-17.42992	0	0	0
0	7.989895	-90.72227	15.49122	0	0	0	0	0	0	0	0.5193652	0.18112	-1.116412	0	0	0
0	7.989895	-90.72227	15.49122	0	0	0	0	0	0	0	0.005930993	0.002068336	-0.01274909	0	0	0
0	7.990271	-90.77621	15.48404	0	0	0	0	0	0	0	0.01299713	-1.869747	-0.2483343	0	0	0
0	7.990271	-90.77621	15.48404	0	0	0	0	0	0	0	4.135674E-05	-0.005949514	-0.0007901972	0	0	0
0	7.993072	-90.76768	15.43045	0	0	0	0	0	0	0	0.3795491	1.156209	-7.261349	0	0	0
0	7.995873	-90.75914	15.37686	0	0	0	0	0	0	0	0.04288572	0.1309901	-0.8204688	0	0	0
0	7.998674	-90.75057	15.32328	0	0	0	0	0	0	0	0.005412025	0.01657385	-0.1035402	0	0	0
0	7.935749	-90.75057	15.32	0	0	0	0	0	0	0	-2.196648	0.0003585551	-0.1161586	0	0	0
0	7.935749	-90.75057	15.32	0	0	0	0	0	0	0	-0.00962051	1.57034E-06	-0.0005087322	0	0	0
0	7.938528	-90.74198	15.26642	0	0	0	0	0	0	0	0.380769	1.178459	-7.343037	0	0	0
0	7.881092	-90.72474	15.15601	0	0	0	0	0	0	0	-2.36547	2.04153	-12.81031	0	0	0
0	7.779867	-90.7	14.66037	0	0	0	0	0	0	0	-10.50715	-3.984046	-18.83853	0	0	0
0	7.796127	-90.64658	14.33916	0	0	0	0	0	0	0	0.7431213	2.531883	-15.20471	0	0	0
0	7.809671	-90.60145	14.07158	0	0	0	0	0	0	0	1.607404	5.389369	-31.75992	0	0	0
0	7.815088	-90.58324	13.96458	0	0	0	0	0	0	0	0.01924635	0.06484189	-0.3802268	0	0	0
0	7.815088	-90.58324	13.96458	0	0	0	0	0	0	0	4.449469E-05	0.0001499061	-0.0008790273	0	0	0
0	7.878571	-90.58324	13.9678	0	0	0	0	0	0	0	0.3177851	2.517909E-07	0.01621601	0	0	0
0	7.88403	-90.56496	13.86082	0	0	0	0	0	0	0	0.007389834	0.02481586	-0.1448004	0	0	0
0	7.88403	-90.56496	13.86082	0	0	0	0	0	0	0	3.236366E-05	0.0001086843	-0.0006341726	0	0	0
0	7.878571	-90.58324	13.9678	0	0	0	0	0	0	0	-0.2676905	-0.8945585	5.24545	0	0	0
0	7.862186	-90.6376	14.28885	0	0	0	0	0	0	0	-0.7287188	-2.39925	14.27939	0	0	0
0	7.856724	-90.65553	14.3959	0	0	0	0	0	0	0	-0.01429011	-0.04681418	0.2800177	0	0	0
0	7.856724	-90.65553	14.3959	0	0	0	0	0	0	0	-2.40025E-05	-7.863181E-05	0.0004703339	0	0	0
0	7.856724	-90.65553	14.3959	0	0	0	0	0	0	0	-4.031599E-08	-1.320745E-07	7.900001E-07	0	0	0
0	7.859455	-90.64658	14.34237	0	0	0	0	0	0	0	0.01410473	0.0463228	-0.2763851	0	0	0
0	7.859455	-90.64658	14.34237	0	0	0	0	0	0	0	8.502399E-05	0.000279236	-0.001666062	0	0	0
0	7.859455	-90.64658	14.34237	0	0	0	0	0	0	0	1.965628E-07	6.455519E-07	-3.851687E-06	0	0	0
0	7.862186	-90.6376	14.28885	0	0	0	0	0	0	0	0.4650517	1.531146	-9.112782	0	0	0
0	7.87584	-90.59236	14.0213	0	0	0	0	0	0	0	0.886012	2.953555	-17.36159	0	0	0
0	7.892219	-90.53735	13.70036	0	0	0	0	0	0	0	0.9329616	3.156129	-18.28157	0	0	0
0	7.920228	-90.55183	13.15153	0	0	0	0	0	0	0	1.67851	-2.10949	-32.89074	0	0	0
0	7.968359	-90.65777	12.20839	0	0	0	0	0	0	0	2.802814	-9.503011	-54.9217	0	0	0
0	8.012625	-90.60577	11.34099	0	0	0	0	0	0	0	1.934907	2.455324	-37.91489	0	0	0
0	8.127227	-90.52713	10.3716	0	0	0	0	0	0	0	12.74091	5.493938	-32.06668	0	0	0
0	8.245307	-90.43051	9.350603	0	0	0	0	0	0	0	5.609315	1.028912	-23.04172	0	0	0
0	8.352687	-90.31745	8.550475	0	0	0	0	0	0	0	1.271039	0.7541687	-20.84925	0	0	0
0	8.443911	-90.26888	8.069594	0	0	0	0	0	0	0	2.762879	4.086225	-35.75375	0	0	0
0	8.443911	-90.26888	8.069594	0	0	0	0	0	0	0	0.008791451	0.01300232	-0.1137681	0	0	0
0	8.441116	-90.28036	8.122632	0	0	0	0	0	0	0	-0.05041312	-0.2069986	0.9570196	0	0	0
0	8.441116	-90.28036	8.122632	0	0	0	0	0	0	0	-8.467679E-05	-0.0003476869	0.001607465	0	0	0
0	8.438322	-90.29182	8.175674	0	0	0	0	0	0	0	-0.1841863	-0.7546425	3.496182	0	0	0
0	8.504185	-90.29182	8.179158	0	0	0	0	0	0	0	0.06634921	-0.001267541	0.009411592	0	0	0
0	8.504185	-90.29182	8.179158	0	0	0	0	0	0	0	0.000111444	-2.129035E-06	1.580825E-05	0	0	0
0	8.504185	-90.29182	8.179158	0	0	0	0	0	0	0	1.871877E-07	-3.576051E-09	2.655246E-08	0	0	0
0	8.504185	-90.29182	8.179158	0	0	0	0	0	0	0	0	0	0	0	0	0
0	8.504185	-90.29182	8.179158	0	0	0	0	0	0	0	0	0	0	0	0	0
0	8.504185	-90.29182	8.179158	0	0	0	0	0	0	0	0	0	0	0	0	0
0	8.504185	-90.29182	8.179158	0	0	0	0	0	0	0	0	0	0	0	0	0
0	8.504185	-90.29182	8.179158	0	0	0	0	0	0	0	0	0	0	0	0	0
0	8.504185	-90.29182	8.179158	0	0	0	0	0	0	0	0	0	0	0	0	0
0	8.504185	-90.29182	8.179158	0	0	0	0	0	0	0	0	0	0	0	0	0
0	8.501369	-90.30325	8.232203	0	0	0	0	0	0	0	-0.2513064	-1.01965	4.733193	0	0	0
0	8.495735	-90.32607	8.33831	0	0	0	0	0	0	0	-0.413359	-1.670515	7.78535	0	0	0
0	8.492918	-90.33744	8.39137	0	0	0	0	0	0	0	-0.02148619	-0.0866598	0.4046785	0	0	0
0	8.4901	-90.34879	8.444434	0	0	0	0	0	0	0	-0.002228853	-0.008971673	0.041979	0	0	0
0	8.4901	-90.34879	8.444434	0	0	0	0	0	0	0	-5.152774E-06	-2.074117E-05	9.704917E-05	0	0	0
0	8.4901	-90.34879	8.444434	0	0	0	0	0	0	0	-8.09906E-08	-3.260069E-07	1.525406E-06	0	0	0
0	8.4901	-90.34879	8.444434	0	0	0	0	0	0	0	-2.577112E-10	-1.03735E-09	4.853825E-09	0	0	0
0	8.4901	-90.34879	8.444434	0	0	0	0	0	0	0	0	0	0	0	0	0
0	8.4901	-90.34879	8.444434	0	0	0	0	0	0	0	0	0	0	0	0	0
0	8.492918	-90.33744	8.39137	0	0	0	0	0	0	0	0.02155372	0.08693219	-0.4059505	0	0	0
0	8.501369	-90.30325	8.232203	0	0	0	0	0	0	0	0.5176653	2.100373	-9.749891	0	0	0
0	8.452291	-90.2343	7.910509	0	0	0	0	0	0	0	-0.855724	6.084756	-28.03638	0	0	0
0	8.477421	-90.1294	7.433507	0	0	0	0	0	0	0	1.476633	6.24905	-28.17043	0	0	0
0	8.513683	-89.97479	6.745192	0	0	0	0	0	0	0	1.665747	7.190346	-31.61915	0	0	0
0	8.544333	-89.84112	6.163415	0	0	0	0	0	0	0	3.333535	14.68833	-63.27641	0	0	0
0	8.555828	-89.84585	5.94521	0	0	0	0	0	0	0	0.833475	0.9872198	-15.82083	0	0	0
0	8.555828	-89.84585	5.94521	0	0	0	0	0	0	0	0.00192687	0.002282305	-0.0365754	0	0	0
0	8.55654	-89.95382	5.931678	0	0	0	0	0	0	0	0.05130656	-7.791385	-0.9738895	0	0	0
0	8.554465	-90.07415	5.971076	0	0	0	0	0	0	0	0.05250522	-9.576595	-0.9966423	0	0	0
0	8.554465	-90.07415	5.971076	0	0	0	0	0	0	0	0.0005995937	-0.1093618	-0.01138135	0	0	0
0	8.557249	-90.06181	5.918233	0	0	0	0	0	0	0	0.3425123	1.519884	-6.501491	0	0	0
0	8.587854	-89.92458	5.337284	0	0	0	0	0	0	0	3.226608	14.61277	-61.24675	0	0	0
0	8.607314	-89.83589	4.967911	0	0	0	0	0	0	0	1.827222	8.379948	-34.68391	0	0	0
0	8.643417	-89.66839	4.282609	0	0	0	0	0	0	0	1.412101	6.626795	-26.80419	0	0	0
0	8.677405	-89.61855	3.637461	0	0	0	0	0	0	0	2.259296	3.754144	-42.88544	0	0	0
0	8.680177	-89.60526	3.584847	0	0	0	0	0	0	0	0.5087525	2.425577	-9.657026	0	0	0
0	8.680527	-89.65926	3.578202	0	0	0	0	0	0	0	0.02301957	-1.803687	-0.4369522	0	0	0
0	8.669786	-89.7663	3.782068	0	0	0	0	0	0	0	-0.5321555	-4.48338	10.10126	0	0	0
0	8.669786	-89.7663	3.782068	0	0	0	0	0	0	0	-0.008364348	-0.07046916	0.1587702	0	0	0
0	8.737456	-89.7663	3.785647	0	0	0	0	0	0	0	1.743129	-0.0002242321	0.09305714	0	0	0
0	8.737456	-89.7663	3.785647	0	0	0	0	0	0	0	0.002927861	-3.766332E-07	0.0001563041	0	0	0
0	8.737456	-89.7663	3.785647	0	0	0	0	0	0	0	6.768775E-06	-5.039367E-10	3.613968E-07	0	0	0
0	8.737456	-89.7663	3.785647	0	0	0	0	0	0	0	1.464365E-07	0	7.774968E-09	0	0	0
0	8.734661	-89.77951	3.838282	0	0	0	0	0	0	0	-0.6512862	-3.075243	12.26656	0	0	0
0	8.726276	-89.819	3.996218	0	0	0	0	0	0	0	-0.7266251	-3.413181	13.68552	0	0	0
0	8.720684	-89.84522	4.101536	0	0	0	0	0	0	0	-0.5351927	-2.505229	10.08001	0	0	0
0	8.720684	-89.84522	4.101536	0	0	0	0	0	0	0	-0.001702977	-0.007971612	0.03207448	0	0	0
0	8.720684	-89.84522	4.101536	0	0	0	0	0	0	0	-2.860419E-06	-1.338958E-05	5.387415E-05	0	0	0
0	8.72348	-89.83212	4.048874	0	0	0	0	0	0	0	0.4831084	2.265366	-9.099036	0	0	0
0	8.72348	-89.83212	4.048874	0	0	0	0	0	0	0	0.001537246	0.007208369	-0.02895304	0	0	0
0	8.72348	-89.83212	4.048874	0	0	0	0	0	0	0	3.325645E-05	0.0001559443	-0.0006263637	0	0	0
0	8.72348	-89.83212	4.048874	0	0	0	0	0	0	0	1.058217E-07	4.962131E-07	-1.993083E-06	0	0	0
0	8.723831	-89.88613	4.042273	0	0	0	0	0	0	0	0.003357797	-0.5182794	-0.06324194	0	0	0
0	8.723831	-89.88613	4.042273	0	0	0	0	0	0	0	3.834502E-05	-0.005918593	-0.0007222036	0	0	0
0	8.723831	-89.88613	4.042273	0	0	0	0	0	0	0	1.679371E-07	-2.592126E-05	-3.162987E-06	0	0	0
0	8.723831	-89.88613	4.042273	0	0	0	0	0	0	0	2.820768E-10	-4.353885E-08	-5.312736E-09	0	0	0
0	8.723831	-89.88613	4.042273	0	0	0	0	0	0	0	0	0	0	0	0	0
0	8.723831	-89.88613	4.042273	0	0	0	0	0	0	0	0	0	0	0	0	0
0	8.721035	-89.89923	4.094934	0	0	0	0	0	0	0	-0.3472561	-1.625501	6.540344	0	0	0
0	8.718238	-89.91231	4.147602	0	0	0	0	0	0	0	-0.1368397	-0.6394285	2.577288	0	0	0
0	8.718238	-89.91231	4.147602	0	0	0	0	0	0	0	-0.001562668	-0.007302079	0.02943185	0	0	0
0	8.718238	-89.91231	4.147602	0	0	0	0	0	0	0	-6.843914E-06	-3.198043E-05	0.0001289007	0	0	0
0	8.721035	-89.89923	4.094934	0	0	0	0	0	0	0	0.2569048	1.202568	-4.838637	0	0	0
0	8.723831	-89.88613	4.042273	0	0	0	0	0	0	0	0.03879321	0.181907	-0.7306451	0	0	0
0	8.723831	-89.88613	4.042273	0	0	0	0	0	0	0	8.96841E-05	0.0004205417	-0.001689142	0	0	0
0	8.723831	-89.88613	4.042273	0	0	0	0	0	0	0	5.4062E-07	2.535045E-06	-1.018223E-05	0	0	0
0	8.723831	-89.88613	4.042273	0	0	0	0	0	0	0	6.173716E-09	2.894945E-08	-1.16278E-07	0	0	0
0	8.723831	-89.88613	4.042273	0	0	0	0	0	0	0	0	0	0	0	0	0
0	8.723831	-89.88613	4.042273	0	0	0	0	0	0	0	0	0	0	0	0	0
0	8.723831	-89.88613	4.042273	0	0	0	0	0	0	0	0	0	0	0	0	0
0	8.723831	-89.88613	4.042273	0	0	0	0	0	0	0	0	0	0	0	0	0
0	8.726626	-89.87301	3.989617	0	0	0	0	0	0	0	0.3531693	1.658944	-6.651715	0	0	0
0	8.729422	-89.85986	3.936966	0	0	0	0	0	0	0	0.02121676	0.09983481	-0.399604	0	0	0
0	8.735012	-89.83352	3.83168	0	0	0	0	0	0	0	0.1029224	0.4859791	-1.938477	0	0	0
0	8.735012	-89.83352	3.83168	0	0	0	0	0	0	0	0.0001728745	0.0008162787	-0.003255979	0	0	0
0	8.670135	-89.82031	3.775466	0	0	0	0	0	0	0	-1.048987	0.8921117	-3.617517	0	0	0
0	8.670135	-89.82031	3.775466	0	0	0	0	0	0	0	-0.001280124	0.001088682	-0.004414611	0	0	0
0	8.672907	-89.80708	3.722836	0	0	0	0	0	0	0	0.01020834	0.04877762	-0.1938982	0	0	0
0	8.673254	-89.86109	3.716256	0	0	0	0	0	0	0	0.0004984075	-0.07399741	-0.009460949	0	0	0
0	8.673599	-89.91511	3.709699	0	0	0	0	0	0	0	0.04302976	-6.73912	-0.8167812	0	0	0
0	8.673599	-89.91511	3.709699	0	0	0	0	0	0	0	9.947838E-05	-0.01557984	-0.001888276	0	0	0
0	8.68226	-89.92931	3.545304	0	0	0	0	0	0	0	0.3059542	-3.393385	-5.807552	0	0	0
0	8.693344	-89.87592	3.334901	0	0	0	0	0	0	0	0.3959658	1.90769	-7.516132	0	0	0
0	8.699228	-89.90311	3.223219	0	0	0	0	0	0	0	0.5362431	2.074863	-10.17885	0	0	0
0	8.702681	-89.99772	3.157682	0	0	0	0	0	0	0	0.03230764	-3.693117	-0.6132563	0	0	0
0	8.716866	-89.98421	2.888435	0	0	0	0	0	0	0	0.3136086	-0.3647543	-5.952848	0	0	0
0	8.716866	-89.98421	2.888435	0	0	0	0	0	0	0	0.004929258	-0.005733158	-0.09356606	0	0	0
0	8.716866	-89.98421	2.888435	0	0	0	0	0	0	0	1.568485E-05	-1.824285E-05	-0.0002977262	0	0	0
0	8.719633	-89.97063	2.835892	0	0	0	0	0	0	0	0.4968499	2.438086	-9.431092	0	0	0
0	8.731041	-89.97016	2.619349	0	0	0	0	0	0	0	0.6377445	1.751727	-12.10552	0	0	0
0	8.740014	-90.03712	2.449034	0	0	0	0	0	0	0	0.2612259	-7.370256	-4.958531	0	0	0
0	8.74278	-90.02338	2.396535	0	0	0	0	0	0	0	0.01756296	-0.1317224	-0.3333762	0	0	0
0	8.745545	-90.00961	2.344042	0	0	0	0	0	0	0	0.01391983	0.06838237	-0.2642231	0	0	0
0	8.74588	-90.06365	2.337683	0	0	0	0	0	0	0	0.02225738	-3.559832	-0.4224846	0	0	0
0	8.74588	-90.06365	2.337683	0	0	0	0	0	0	0	9.747917E-05	-0.01559076	-0.001850328	0	0	0
0	8.74588	-90.06365	2.337683	0	0	0	0	0	0	0	8.087745E-07	-0.0001293549	-1.535197E-05	0	0	0
0	8.748645	-90.04987	2.285195	0	0	0	0	0	0	0	0.0955288	0.4766675	-1.813306	0	0	0
0	8.768327	-90.00681	1.911602	0	0	0	0	0	0	0	2.187829	10.9668	-41.52888	0	0	0
0	8.77109	-89.99284	1.859159	0	0	0	0	0	0	0	0.1033183	0.5221412	-1.961164	0	0	0
0	8.773852	-89.97887	1.806723	0	0	0	0	0	0	0	0.01329419	0.06732643	-0.2523474	0	0	0
0	8.773852	-89.97887	1.806723	0	0	0	0	0	0	0	0.0002089563	0.001058228	-0.003966362	0	0	0
0	8.773852	-89.97887	1.806723	0	0	0	0	0	0	0	6.648967E-07	3.367289E-06	-1.262092E-05	0	0	0
0	8.773852	-89.97887	1.806723	0	0	0	0	0	0	0	1.537142E-09	7.784669E-09	-2.917768E-08	0	0	0
0	8.773852	-89.97887	1.806723	0	0	0	0	0	0	0	0	0	0	0	0	0
0	8.773852	-89.97887	1.806723	0	0	0	0	0	0	0	0	0	0	0	0	0
0	8.77109	-89.99284	1.859159	0	0	0	0	0	0	0	-0.2511466	-1.269819	4.767209	0	0	0
0	8.768327	-90.00681	1.911602	0	0	0	0	0	0	0	-0.1321491	-0.667061	2.508424	0	0	0
0	8.768327	-90.00681	1.911602	0	0	0	0	0	0	0	-0.002077101	-0.01048477	0.03942706	0	0	0
0	8.768327	-90.00681	1.911602	0	0	0	0	0	0	0	-6.609314E-06	-3.336244E-05	0.0001254565	0	0	0
0	8.768327	-90.00681	1.911602	0	0	0	0	0	0	0	-1.527975E-08	-7.712898E-08	2.900367E-07	0	0	0
0	8.768327	-90.00681	1.911602	0	0	0	0	0	0	0	0	0	0	0	0	0
0	8.768327	-90.00681	1.911602	0	0	0	0	0	0	0	0	0	0	0	0	0
0	8.768327	-90.00681	1.911602	0	0	0	0	0	0	0	0	0	0	0	0	0
0	8.768327	-90.00681	1.911602	0	0	0	0	0	0	0	0	0	0	0	0	0
0	8.768327	-90.00681	1.911602	0	0	0	0	0	0	0	0	0	0	0	0	0
0	8.768327	-90.00681	1.911602	0	0	0	0	0	0	0	0	0	0	0	0	0
0	8.77109	-89.99284	1.859159	0	0	0	0	0	0	0	0.0138949	0.07025377	-0.2637498	0	0	0
0	8.776614	-89.96487	1.754292	0	0	0	0	0	0	0	0.05695264	0.2889023	-1.081062	0	0	0
0	8.784899	-89.92274	1.597033	0	0	0	0	0	0	0	0.2687527	1.369987	-5.101403	0	0	0
0	8.78766	-89.90865	1.544624	0	0	0	0	0	0	0	0.1363899	0.6963904	-2.588923	0	0	0
0	8.719399	-89.96269	1.534709	0	0	0	0	0	0	0	-3.15525	-0.9747599	-0.2906724	0	0	0
0	8.582208	-89.96269	1.527595	0	0	0	0	0	0	0	-2.598224	-0.002253499	-0.1339568	0	0	0
0	8.44501	-89.96269	1.520594	0	0	0	0	0	0	0	-5.30302	-4.875172E-05	-0.2684486	0	0	0
0	8.308121	-90.01674	1.507411	0	0	0	0	0	0	0	-2.59793	-3.544726	-0.542488	0	0	0
0	8.319182	-90.06828	1.285282	0	0	0	0	0	0	0	0.872288	-2.632874	-17.60583	0	0	0
0	8.149581	-90.0298	0.523591	0	0	0	0	0	0	0	-11.26335	6.414575	-34.05117	0	0	0
0	7.905699	-89.8938	-0.1753523	0	0	0	0	0	0	0	-13.99874	5.249608	-20.03684	0	0	0
0	7.64977	-89.76012	-0.6580641	0	0	0	0	0	0	0	-15.99929	4.376804	-16.03516	0	0	0
0	7.376863	-89.8383	-0.7870504	0	0	0	0	0	0	0	-18.92271	-6.47122	-9.3307	0	0	0
0	7.238801	-90.05458	-0.8173193	0	0	0	0	0	0	0	-6.435129	-5.25718	-0.8797273	0	0	0
0	7.239058	-90.10866	-0.823329	0	0	0	0	0	0	0	-0.135671	-0.8620745	-0.1019961	0	0	0
0	7.308879	-90.16273	-0.8263255	0	0	0	0	0	0	0	1.736751	-0.108224	0.06304879	0	0	0
0	7.308879	-90.16273	-0.8263255	0	0	0	0	0	0	0	0.0375725	-0.002341294	0.001363984	0	0	0
0	7.306625	-90.17772	-0.774142	0	0	0	0	0	0	0	-0.3892617	-2.585607	9.012888	0	0	0
0	7.306625	-90.17772	-0.774142	0	0	0	0	0	0	0	-0.006118362	-0.04064022	0.1416633	0	0	0
0	7.30437	-90.19268	-0.7219524	0	0	0	0	0	0	0	-0.0114155	-0.07568557	0.2642312	0	0	0
0	7.30437	-90.19268	-0.7219524	0	0	0	0	0	0	0	-2.639096E-05	-0.0001749737	0.0006108631	0	0	0
0	7.30437	-90.19268	-0.7219524	0	0	0	0	0	0	0	-1.590859E-07	-1.05475E-06	3.682312E-06	0	0	0
0	7.30437	-90.19268	-0.7219524	0	0	0	0	0	0	0	-2.500491E-09	-1.657842E-08	5.787808E-08	0	0	0
0	7.371615	-90.20762	-0.6667398	0	0	0	0	0	0	0	3.045994	-1.806098	6.459873	0	0	0
0	7.369339	-90.22253	-0.614539	0	0	0	0	0	0	0	0.02576741	-0.1729941	0.6080835	0	0	0
0	7.367062	-90.23743	-0.5623321	0	0	0	0	0	0	0	-0.006221685	-0.04216624	0.1479001	0	0	0
0	7.369339	-90.22253	-0.614539	0	0	0	0	0	0	0	0.3122654	2.044499	-7.159623	0	0	0
0	7.369339	-90.22253	-0.614539	0	0	0	0	0	0	0	0.01166394	0.07636753	-0.2674311	0	0	0
0	7.373892	-90.19268	-0.7189346	0	0	0	0	0	0	0	0.2120784	1.392836	-4.862543	0	0	0
0	7.376168	-90.17772	-0.7711233	0	0	0	0	0	0	0	0.03121269	0.2053069	-0.715646	0	0	0
0	7.378444	-90.16273	-0.8233058	0	0	0	0	0	0	0	0.0164049	0.1080721	-0.3761322	0	0	0
0	7.378444	-90.16273	-0.8233058	0	0	0	0	0	0	0	5.220021E-05	0.0003438843	-0.001196849	0	0	0
0	7.378444	-90.16273	-0.8233058	0	0	0	0	0	0	0	8.204757E-07	5.405126E-06	-1.881191E-05	0	0	0
0	7.376168	-90.17772	-0.7711233	0	0	0	0	0	0	0	-0.5484383	-3.607448	12.57462	0	0	0
0	7.376168	-90.17772	-0.7711233	0	0	0	0	0	0	0	-0.001267907	-0.008339882	0.02907064	0	0	0
0	7.376168	-90.17772	-0.7711233	0	0	0	0	0	0	0	-1.447912E-05	-9.523892E-05	0.0003319779	0	0	0
0	7.306625	-90.17772	-0.774142	0	0	0	0	0	0	0	-0.4903594	-4.171115E-07	-0.02118341	0	0	0
0	7.306625	-90.17772	-0.774142	0	0	0	0	0	0	0	-0.001133638	-9.642994E-10	-4.897288E-05	0	0	0
0	7.306625	-90.17772	-0.774142	0	0	0	0	0	0	0	-2.452487E-05	0	-1.059541E-06	0	0	0
0	7.306625	-90.17772	-0.774142	0	0	0	0	0	0	0	-5.669784E-08	0	-2.449501E-09	0	0	0
0	7.169747	-90.16273	-0.8322791	0	0	0	0	0	0	0	-6.526934	0.1926151	-0.9482175	0	0	0
0	7.100179	-90.16273	-0.835213	0	0	0	0	0	0	0	-8.231137	0.003027498	-0.3559915	0	0	0
0	6.967969	-90.22583	-1.009432	0	0	0	0	0	0	0	-16.62077	-4.99419	-19.97926	0	0	0
0	6.763206	-90.19568	-1.122225	0	0	0	0	0	0	0	-13.02571	1.98082	-7.947187	0	0	0
0	6.279452	-90.21952	-1.251227	0	0	0	0	0	0	0	-19.37876	-5.226653	-8.731348	0	0	0
0	6.007863	-90.15878	-1.46989	0	0	0	0	0	0	0	-24.79041	6.939409	-25.03515	0	0	0
0	5.594207	-90.1671	-1.646469	0	0	0	0	0	0	0	-24.76589	1.064534	-5.757782	0	0	0
0	5.319661	-90.17522	-1.817644	0	0	0	0	0	0	0	-19.23875	1.346737	-11.83515	0	0	0
0	4.768755	-90.13681	-2.152591	0	0	0	0	0	0	0	-27.10096	3.480741	-13.45012	0	0	0
0	4.215841	-90.15174	-2.491316	0	0	0	0	0	0	0	-33.93153	7.524017	-30.8154	0	0	0
0	3.868245	-90.15892	-2.661492	0	0	0	0	0	0	0	-23.1257	3.484737	-15.57787	0	0	0
0	3.239387	-90.15016	-2.888436	0	0	0	0	0	0	0	-33.13345	0.7420399	-5.525887	0	0	0
0	2.888192	-90.13439	-2.946728	0	0	0	0	0	0	0	-13.47569	0.06165526	-0.4360795	0	0	0
0	2.888192	-90.13439	-2.946728	0	0	0	0	0	0	0	-0.08123208	0.0003716609	-0.002628708	0	0	0
0	2.888192	-90.13439	-2.946728	0	0	0	0	0	0	0	-0.0006739741	3.083631E-06	-2.181011E-05	0	0	0
0	2.958628	-90.13439	-2.945525	0	0	0	0	0	0	0	12.15006	7.321066E-09	0.2098567	0	0	0
0	2.958628	-90.13439	-2.945525	0	0	0	0	0	0	0	0.13875	0	0.002396501	0	0	0
0	2.958628	-90.13439	-2.945525	0	0	0	0	0	0	0	0.0006076742	0	1.049579E-05	0	0	0
0	2.959526	-90.11861	-2.997511	0	0	0	0	0	0	0	0.0009443978	0.01660044	-0.05461861	0	0	0
0	2.959526	-90.11861	-2.997511	0	0	0	0	0	0	0	3.005064E-06	5.282244E-05	-0.0001737958	0	0	0
0	2.959526	-90.11861	-2.997511	0	0	0	0	0	0	0	3.427981E-08	6.032162E-07	-1.984696E-06	0	0	0
0	2.959526	-90.11861	-2.997511	0	0	0	0	0	0	0	1.50133E-10	2.641866E-09	-8.692241E-09	0	0	0
0	2.959526	-90.11861	-2.997511	0	0	0	0	0	0	0	0	0	0	0	0	0
0	2.959526	-90.11861	-2.997511	0	0	0	0	0	0	0	0	0	0	0	0	0
0	3.029984	-90.11861	-2.99628	0	0	0	0	0	0	0	8.62204	0	0.1524669	0	0	0
0	3.029984	-90.11861	-2.99628	0	0	0	0	0	0	0	0.01448208	0	0.0002560923	0	0	0
0	3.029984	-90.11861	-2.99628	0	0	0	0	0	0	0	0.0001201563	0	2.124771E-06	0	0	0
0	3.029984	-90.11861	-2.99628	0	0	0	0	0	0	0	1.372148E-06	0	2.426424E-08	0	0	0
0	3.029984	-90.11861	-2.99628	0	0	0	0	0	0	0	2.30474E-09	0	4.075562E-11	0	0	0
0	3.029984	-90.11861	-2.99628	0	0	0	0	0	0	0	0	0	0	0	0	0
0	3.029984	-90.11861	-2.99628	0	0	0	0	0	0	0	0	0	0	0	0	0
0	3.029984	-90.11861	-2.99628	0	0	0	0	0	0	0	0	0	0	0	0	0
0	3.029984	-90.11861	-2.99628	0	0	0	0	0	0	0	0	0	0	0	0	0
0	3.029984	-90.11861	-2.99628	0	0	0	0	0	0	0	0	0	0	0	0	0
0	3.030903	-90.1028	-3.048259	0	0	0	0	0	0	0	0.004569665	0.07865684	-0.2584156	0	0	0
0	3.032741	-90.07111	-3.152199	0	0	0	0	0	0	0	0.1196734	2.065945	-6.767556	0	0	0
0	3.03366	-90.05524	-3.204159	0	0	0	0	0	0	0	0.001121887	0.01939563	-0.06344298	0	0	0
0	3.03366	-90.05524	-3.204159	0	0	0	0	0	0	0	1.763367E-05	0.0003048579	-0.0009971882	0	0	0
0	3.03366	-90.05524	-3.204159	0	0	0	0	0	0	0	7.722901E-08	1.335166E-06	-4.367318E-06	0	0	0
0	2.963017	-90.00114	-3.19962	0	0	0	0	0	0	0	-17.01671	1.925115	-0.08808955	0	0	0
0	2.821934	-90.00114	-3.201999	0	0	0	0	0	0	0	-17.16602	0.008431296	-0.2814699	0	0	0
0	2.610306	-90.00114	-3.205349	0	0	0	0	0	0	0	-15.64137	6.995358E-05	-0.2379842	0	0	0
0	2.539762	-90.00114	-3.206409	0	0	0	0	0	0	0	-4.995515	7.988487E-07	-0.07395473	0	0	0
0	2.469135	-89.94704	-3.201644	0	0	0	0	0	0	0	-0.07793958	0.2030921	0.02067471	0	0	0
0	2.469135	-89.94704	-3.201644	0	0	0	0	0	0	0	-0.001225044	0.003192174	0.0003249623	0	0	0
0	2.469135	-89.94704	-3.201644	0	0	0	0	0	0	0	-3.898077E-06	1.015746E-05	1.034027E-06	0	0	0
0	2.469051	-89.89294	-3.195828	0	0	0	0	0	0	0	-0.0001638171	0.105661	0.01138113	0	0	0
0	2.469051	-89.89294	-3.195828	0	0	0	0	0	0	0	-1.99902E-07	0.0001289426	1.388888E-05	0	0	0
0	2.469051	-89.89294	-3.195828	0	0	0	0	0	0	0	-3.142033E-09	2.026702E-06	2.183035E-07	0	0	0
0	2.469051	-89.89294	-3.195828	0	0	0	0	0	0	0	-1.376095E-11	8.876212E-09	9.560893E-10	0	0	0
0	2.539591	-89.89294	-3.194798	0	0	0	0	0	0	0	9.514366	0	0.140853	0	0	0
0	2.539591	-89.89294	-3.194798	0	0	0	0	0	0	0	0.09902247	0	0.001465953	0	0	0
0	2.469051	-89.89294	-3.195828	0	0	0	0	0	0	0	-9.898951	0	-0.1424751	0	0	0
0	2.468303	-89.90881	-3.143866	0	0	0	0	0	0	0	-0.3393583	-1.501633	4.915395	0	0	0
0	2.467556	-89.92466	-3.091896	0	0	0	0	0	0	0	-0.002924322	-0.03702937	0.1214664	0	0	0
0	2.466807	-89.94049	-3.039921	0	0	0	0	0	0	0	-0.002811008	-0.05938639	0.1951156	0	0	0
0	2.396332	-89.94049	-3.04092	0	0	0	0	0	0	0	-4.932769	-0.001284752	-0.06474642	0	0	0
0	2.396332	-89.94049	-3.04092	0	0	0	0	0	0	0	-0.01569602	-4.088068E-06	-0.0002060224	0	0	0
0	2.396332	-89.94049	-3.04092	0	0	0	0	0	0	0	-0.0002467079	-6.42557E-08	-3.238232E-06	0	0	0
0	2.396332	-89.94049	-3.04092	0	0	0	0	0	0	0	-1.080477E-06	0	-1.510688E-08	0	0	0
0	2.395605	-89.95631	-2.988938	0	0	0	0	0	0	0	-0.06312893	-1.372227	4.515119	0	0	0
0	2.395605	-89.95631	-2.988938	0	0	0	0	0	0	0	-0.000106035	-0.002304871	0.007583855	0	0	0
0	2.394878	-89.97209	-2.936949	0	0	0	0	0	0	0	-0.01289544	-0.2798962	0.92231	0	0	0
0	2.394797	-89.918	-2.931111	0	0	0	0	0	0	0	-0.005381535	3.521111	0.3848992	0	0	0
0	2.465142	-89.8639	-2.924252	0	0	0	0	0	0	0	9.812412	9.35397	1.156722	0	0	0
0	2.465142	-89.8639	-2.924252	0	0	0	0	0	0	0	0.03920011	0.01571147	0.002269885	0	0	0
0	2.465142	-89.8639	-2.924252	0	0	0	0	0	0	0	0.0008480467	0.0003398986	4.910586E-05	0	0	0
0	2.465142	-89.8639	-2.924252	0	0	0	0	0	0	0	1.960557E-06	7.857948E-07	1.135254E-07	0	0	0
0	2.465142	-89.8639	-2.924252	0	0	0	0	0	0	0	4.532516E-09	1.81664E-09	2.624538E-10	0	0	0
0	2.466059	-89.95631	-2.987939	0	0	0	0	0	0	0	0.1178083	-4.479854	-8.18514	0	0	0
0	2.466309	-90.11861	-3.00532	0	0	0	0	0	0	0	0.007049066	-4.311072	-0.4897581	0	0	0
0	2.466309	-90.11861	-3.00532	0	0	0	0	0	0	0	1.184002E-05	-0.007241126	-0.0008226261	0	0	0
0	2.466309	-90.11861	-3.00532	0	0	0	0	0	0	0	2.737236E-08	-1.67404E-05	-1.901789E-06	0	0	0
0	2.464813	-90.15016	-2.901337	0	0	0	0	0	0	0	-0.1084768	-2.283875	7.536799	0	0	0
0	2.461818	-90.21302	-2.693293	0	0	0	0	0	0	0	-0.2133217	-4.464918	14.82126	0	0	0
0	2.461152	-90.28279	-2.647016	0	0	0	0	0	0	0	-0.01714062	-2.245159	1.190903	0	0	0
0	2.461152	-90.28279	-2.647016	0	0	0	0	0	0	0	-0.0002694139	-0.0352891	0.01871846	0	0	0
0	2.461901	-90.26713	-2.699043	0	0	0	0	0	0	0	0.01431874	0.2996031	-0.9948435	0	0	0
0	2.391566	-90.26713	-2.70004	0	0	0	0	0	0	0	-0.9269518	0.002485776	-0.02121611	0	0	0
0	2.391566	-90.26713	-2.70004	0	0	0	0	0	0	0	-0.01058551	2.83868E-05	-0.0002422815	0	0	0
0	2.391566	-90.26713	-2.70004	0	0	0	0	0	0	0	-3.368298E-05	9.035409E-08	-7.709344E-07	0	0	0
0	2.32123	-90.26713	-2.701009	0	0	0	0	0	0	0	-0.9375591	5.446587E-10	-0.01272305	0	0	0
0	2.18122	-90.25144	-2.754882	0	0	0	0	0	0	0	-3.831655	1.045138	-3.513702	0	0	0
0	1.971342	-90.22002	-2.861469	0	0	0	0	0	0	0	-14.7261	1.635504	-5.575582	0	0	0
0	1.480317	-90.15691	-3.074414	0	0	0	0	0	0	0	-30.76454	4.489452	-15.01796	0	0	0
0	0.8471846	-90.07754	-3.338557	0	0	0	0	0	0	0	-27.76893	6.648699	-21.82529	0	0	0
0	0.3531016	-90.0616	-3.392232	0	0	0	0	0	0	0	-32.04084	2.047359	-6.73466	0	0	0
0	-0.1413689	-90.01366	-3.548344	0	0	0	0	0	0	0	-31.49833	2.806117	-9.074669	0	0	0
0	-0.4949398	-89.99763	-3.599613	0	0	0	0	0	0	0	-22.95096	2.097762	-6.727425	0	0	0
0	-0.4949232	-89.94353	-3.593863	0	0	0	0	0	0	0	-0.2619241	0.5462111	-0.02121217	0	0	0
0	-0.4949232	-89.94353	-3.593863	0	0	0	0	0	0	0	-0.001147131	0.002392204	-9.29015E-05	0	0	0
0	-0.4949232	-89.94353	-3.593863	0	0	0	0	0	0	0	-2.651997E-06	5.530418E-06	-2.147744E-07	0	0	0
0	-0.4950394	-89.81928	-3.634211	0	0	0	0	0	0	0	0.0003811004	2.206534	0.132403	0	0	0
0	-0.494989	-89.657	-3.616695	0	0	0	0	0	0	0	0.003658965	11.72154	1.27118	0	0	0
0	-0.6367544	-89.51667	-3.708255	0	0	0	0	0	0	0	-11.53401	8.85158	-10.65727	0	0	0
0	-0.8492312	-89.44647	-3.753307	0	0	0	0	0	0	0	-14.73038	0.9422185	-2.435605	0	0	0
0	-1.0615	-89.39239	-3.74618	0	0	0	0	0	0	0	-11.20252	6.70262	0.7779251	0	0	0
0	-1.203394	-89.37627	-3.797137	0	0	0	0	0	0	0	-5.189776	0.1859746	-0.4641887	0	0	0
0	-1.203394	-89.37627	-3.797137	0	0	0	0	0	0	0	-0.0815722	0.002923123	-0.007296056	0	0	0
0	-1.203352	-89.32218	-3.791166	0	0	0	0	0	0	0	-9.664919E-05	0.5109293	0.05646916	0	0	0
0	-1.203268	-89.21403	-3.779158	0	0	0	0	0	0	0	0.004140934	5.317096	0.5925288	0	0	0
0	-1.274252	-88.98159	-3.80625	0	0	0	0	0	0	0	-3.403198	11.48765	1.184229	0	0	0
0	-1.486463	-88.8194	-3.786105	0	0	0	0	0	0	0	-20.75998	16.53423	2.06816	0	0	0
0	-1.769333	-88.6032	-3.758529	0	0	0	0	0	0	0	-16.11117	10.02623	1.328602	0	0	0
0	-2.052113	-88.38702	-3.730136	0	0	0	0	0	0	0	-14.08778	14.4121	1.863588	0	0	0
0	-2.475639	-88.24107	-3.653503	0	0	0	0	0	0	0	-22.42353	4.34491	1.120355	0	0	0
0	-2.756571	-88.11123	-3.526059	0	0	0	0	0	0	0	-27.22066	6.811939	12.87104	0	0	0
0	-3.10759	-87.92731	-3.390103	0	0	0	0	0	0	0	-19.62159	11.60737	5.790537	0	0	0
0	-3.595772	-87.73729	-3.087702	0	0	0	0	0	0	0	-31.69758	9.357923	12.8201	0	0	0
0	-4.015078	-87.78503	-2.922486	0	0	0	0	0	0	0	-41.25954	-1.503624	7.123891	0	0	0
0	-4.717881	-87.80091	-2.85258	0	0	0	0	0	0	0	-36.14585	-0.7330171	3.402502	0	0	0
0	-5.351431	-87.80091	-2.833948	0	0	0	0	0	0	0	-41.72226	-0.003210346	1.314832	0	0	0
0	-5.84237	-87.81676	-2.765891	0	0	0	0	0	0	0	-12.86504	-0.207188	1.119442	0	0	0
0	-5.97946	-87.8484	-2.657123	0	0	0	0	0	0	0	-8.958558	-3.814151	12.87207	0	0	0
0	-5.971957	-87.85744	-2.442541	0	0	0	0	0	0	0	0.2288414	-2.984677	12.35854	0	0	0
0	-5.964449	-87.86613	-2.227835	0	0	0	0	0	0	0	0.2124666	-1.294324	6.09483	0	0	0
0	-6.171103	-87.89735	-2.116319	0	0	0	0	0	0	0	-10.54704	-0.2562301	1.248888	0	0	0
0	-6.311292	-87.89735	-2.111186	0	0	0	0	0	0	0	-2.728745	-0.004027389	0.1146602	0	0	0
0	-6.587634	-87.92848	-1.99653	0	0	0	0	0	0	0	-14.19679	-0.1408899	1.021277	0	0	0
0	-6.727724	-87.92848	-1.991055	0	0	0	0	0	0	0	-10.42505	-0.001168949	0.415662	0	0	0
0	-6.727989	-87.98248	-1.997771	0	0	0	0	0	0	0	-0.4003772	-6.814299	-0.8315677	0	0	0
0	-6.725935	-87.99801	-1.945741	0	0	0	0	0	0	0	0.2717803	-2.134609	6.958465	0	0	0
0	-6.71592	-88.12936	-1.69219	0	0	0	0	0	0	0	0.750502	-6.172037	19.00234	0	0	0
0	-6.769742	-88.36002	-1.286024	0	0	0	0	0	0	0	-15.57986	-9.066312	24.24835	0	0	0
0	-6.763767	-88.45967	-1.136283	0	0	0	0	0	0	0	0.1285531	-5.01794	4.539522	0	0	0
0	-6.757524	-88.50513	-0.9798579	0	0	0	0	0	0	0	0.3450706	-2.553522	8.661809	0	0	0
0	-6.814531	-88.59547	-0.6640548	0	0	0	0	0	0	0	1.220601	-10.47835	36.48333	0	0	0
0	-6.875525	-88.65527	-0.4524462	0	0	0	0	0	0	0	0.04046413	-3.716852	13.03755	0	0	0
0	-6.940639	-88.68504	-0.3451739	0	0	0	0	0	0	0	-5.761766	-4.333178	15.48576	0	0	0
0	-7.076901	-88.64589	-0.2805594	0	0	0	0	0	0	0	-16.99847	-0.4306439	2.607292	0	0	0
0	-7.139601	-88.69032	-0.1209336	0	0	0	0	0	0	0	0.1958881	-4.846976	17.15685	0	0	0
0	-7.20664	-88.70509	-0.06573857	0	0	0	0	0	0	0	-1.736008	-0.138767	0.5664667	0	0	0
0	-7.275891	-88.70509	-0.06276097	0	0	0	0	0	0	0	-3.361085	-0.0006077484	0.1473637	0	0	0
0	-7.275891	-88.70509	-0.06276097	0	0	0	0	0	0	0	-0.07271298	-1.314816E-05	0.003188033	0	0	0
0	-7.342863	-88.71984	-0.00750576	0	0	0	0	0	0	0	0.1535928	-1.329828	4.717398	0	0	0
0	-7.407489	-88.74927	0.1000422	0	0	0	0	0	0	0	-16.20309	-4.096424	15.31138	0	0	0
0	-7.402887	-88.77862	0.2045805	0	0	0	0	0	0	0	0.1095644	-2.381949	8.510136	0	0	0
0	-7.393386	-88.78305	0.4203769	0	0	0	0	0	0	0	0.3992671	0.2312962	9.09509	0	0	0
0	-7.450815	-88.85561	0.684995	0	0	0	0	0	0	0	-5.039807	-7.859076	28.8786	0	0	0
0	-7.583962	-88.88449	0.7958421	0	0	0	0	0	0	0	-2.241225	-2.38227	8.768387	0	0	0
0	-7.721448	-88.83049	0.8088054	0	0	0	0	0	0	0	-6.620526	7.024647	1.31693	0	0	0
0	-7.787907	-88.8449	0.864332	0	0	0	0	0	0	0	-0.1535552	-0.01747735	0.1873552	0	0	0
0	-7.787907	-88.8449	0.864332	0	0	0	0	0	0	0	-0.0002579202	-2.935596E-05	0.0003146926	0	0	0
0	-7.787907	-88.8449	0.864332	0	0	0	0	0	0	0	-5.962729E-07	-6.786661E-08	7.275223E-07	0	0	0
0	-7.787907	-88.8449	0.864332	0	0	0	0	0	0	0	-9.372137E-09	-1.066718E-09	1.14351E-08	0	0	0
0	-7.787907	-88.8449	0.864332	0	0	0	0	0	0	0	0	0	0	0	0	0
0	-7.787907	-88.8449	0.864332	0	0	0	0	0	0	0	0	0	0	0	0	0
0	-7.787907	-88.8449	0.864332	0	0	0	0	0	0	0	0	0	0	0	0	0
0	-7.787907	-88.8449	0.864332	0	0	0	0	0	0	0	0	0	0	0	0	0
0	-7.787907	-88.8449	0.864332	0	0	0	0	0	0	0	0	0	0	0	0	0
0	-7.787907	-88.8449	0.864332	0	0	0	0	0	0	0	0	0	0	0	0	0
0	-7.787907	-88.8449	0.864332	0	0	0	0	0	0	0	0	0	0	0	0	0
0	-7.787907	-88.8449	0.864332	0	0	0	0	0	0	0	0	0	0	0	0	0
0	-7.787907	-88.8449	0.864332	0	0	0	0	0	0	0	0	0	0	0	0	0
0	-7.787907	-88.8449	0.864332	0	0	0	0	0	0	0	0	0	0	0	0	0
0	-7.787907	-88.8449	0.864332	0	0	0	0	0	0	0	0	0	0	0	0	0
0	-7.787907	-88.8449	0.864332	0	0	0	0	0	0	0	0	0	0	0	0	0
0	-7.787907	-88.8449	0.864332	0	0	0	0	0	0	0	0	0	0	0	0	0
0	-7.787907	-88.8449	0.864332	0	0	0	0	0	0	0	0	0	0	0	0	0
0	-7.787907	-88.8449	0.864332	0	0	0	0	0	0	0	0	0	0	0	0	0
0	-7.787907	-88.8449	0.864332	0	0	0	0	0	0	0	0	0	0	0	0	0
0	-7.787907	-88.8449	0.864332	0	0	0	0	0	0	0	0	0	0	0	0	0
0	-7.787907	-88.8449	0.864332	0	0	0	0	0	0	0	0	0	0	0	0	0
0	-7.787596	-88.7909	0.8710234	0	0	0	0	0	0	0	0.002990753	0.5181491	0.06431874	0	0	0
0	-7.787596	-88.7909	0.8710234	0	0	0	0	0	0	0	4.700826E-05	0.008144197	0.001010953	0	0	0
0	-7.787283	-88.73691	0.8777369	0	0	0	0	0	0	0	0.0150306	2.595403	0.323246	0	0	0
0	-7.786656	-88.62893	0.89123	0	0	0	0	0	0	0	0.02474807	4.245144	0.5322287	0	0	0
0	-7.793007	-88.4237	0.7546402	0	0	0	0	0	0	0	-0.5327753	14.34252	-11.45779	0	0	0
0	-7.799667	-88.27227	0.611412	0	0	0	0	0	0	0	-0.8158647	7.057042	-17.54588	0	0	0
0	-7.803889	-88.13524	0.520615	0	0	0	0	0	0	0	-0.3493383	15.78811	-7.512822	0	0	0
0	-7.877805	-88.10606	0.4192659	0	0	0	0	0	0	0	-3.774006	2.552885	-8.206779	0	0	0
0	-7.885161	-88.06214	0.2624521	0	0	0	0	0	0	0	-0.4102719	2.391645	-8.51565	0	0	0
0	-7.892515	-88.01803	0.1056921	0	0	0	0	0	0	0	-0.7513925	4.517395	-16.01476	0	0	0
0	-7.894966	-88.00328	0.05345073	0	0	0	0	0	0	0	-0.2296604	1.383099	-4.895637	0	0	0
0	-7.897417	-87.98851	0.001215378	0	0	0	0	0	0	0	-0.06284853	0.3790886	-1.339738	0	0	0
0	-7.897417	-87.98851	0.001215378	0	0	0	0	0	0	0	-0.0009878445	0.005958464	-0.02105783	0	0	0
0	-7.897417	-87.98851	0.001215378	0	0	0	0	0	0	0	-4.326396E-06	2.609588E-05	-9.222555E-05	0	0	0
0	-7.897417	-87.98851	0.001215378	0	0	0	0	0	0	0	-6.800171E-08	4.101715E-07	-1.449589E-06	0	0	0
0	-7.897091	-87.93455	0.008148761	0	0	0	0	0	0	0	0.002377885	0.3939032	0.05068924	0	0	0
0	-7.897091	-87.93455	0.008148761	0	0	0	0	0	0	0	3.994033E-06	0.0006616226	8.514058E-05	0	0	0
0	-7.899541	-87.91975	-0.04408057	0	0	0	0	0	0	0	-0.1641097	0.9914162	-3.498317	0	0	0
0	-7.901991	-87.90495	-0.09630389	0	0	0	0	0	0	0	-0.08253767	0.4993998	-1.759451	0	0	0
0	-7.901991	-87.90495	-0.09630389	0	0	0	0	0	0	0	-0.001785602	0.01080391	-0.03806358	0	0	0
0	-7.901991	-87.90495	-0.09630389	0	0	0	0	0	0	0	-5.681767E-06	3.437792E-05	-0.0001211179	0	0	0
0	-7.901991	-87.90495	-0.09630389	0	0	0	0	0	0	0	-1.31354E-08	7.947661E-08	-2.800065E-07	0	0	0
0	-7.901991	-87.90495	-0.09630389	0	0	0	0	0	0	0	-1.500022E-10	9.075987E-10	-3.197589E-09	0	0	0
0	-7.901991	-87.90495	-0.09630389	0	0	0	0	0	0	0	0	0	0	0	0	0
0	-7.894641	-87.94932	0.06038411	0	0	0	0	0	0	0	0.544149	-3.277079	11.59959	0	0	0
0	-7.815721	-88.00818	0.2661575	0	0	0	0	0	0	0	1.934647	-4.081038	14.47765	0	0	0
0	-7.796271	-88.12488	0.6844544	0	0	0	0	0	0	0	1.133801	-6.736065	24.29725	0	0	0
0	-7.830832	-88.32582	1.420586	0	0	0	0	0	0	0	-0.8454496	-13.9998	51.79413	0	0	0
0	-7.887073	-88.39657	1.685846	0	0	0	0	0	0	0	-1.255945	-6.637456	24.79692	0	0	0
0	-8.006461	-88.49472	2.05945	0	0	0	0	0	0	0	-3.748007	-2.864917	10.98116	0	0	0
0	-8.277352	-88.50866	2.125299	0	0	0	0	0	0	0	-15.79085	-0.01519632	0.8437126	0	0	0
0	-8.345703	-88.50866	2.128717	0	0	0	0	0	0	0	-0.9676309	-3.513162E-05	0.04871586	0	0	0
0	-8.345703	-88.50866	2.128717	0	0	0	0	0	0	0	-0.01105005	-4.011924E-07	0.0005563204	0	0	0
0	-8.277352	-88.50866	2.125299	0	0	0	0	0	0	0	0.189484	-1.757075E-09	-0.009435571	0	0	0
0	-8.27474	-88.52257	2.177761	0	0	0	0	0	0	0	0.4378567	-2.328585	8.786574	0	0	0
0	-8.32691	-88.55164	2.503013	0	0	0	0	0	0	0	-7.526938	-2.713716	15.87206	0	0	0
0	-8.319001	-88.59287	2.66053	0	0	0	0	0	0	0	0.4921369	-2.811171	10.8003	0	0	0
0	-8.379156	-88.63391	2.821528	0	0	0	0	0	0	0	-3.973937	-3.318295	13.00703	0	0	0
0	-8.499065	-88.71541	3.143739	0	0	0	0	0	0	0	-7.177053	-8.931228	35.18678	0	0	0
0	-8.629433	-88.7424	3.255911	0	0	0	0	0	0	0	-8.237999	-2.339907	9.583847	0	0	0
0	-8.694549	-88.75587	3.312044	0	0	0	0	0	0	0	-3.242127	-0.2040091	0.9702181	0	0	0
0	-8.762411	-88.75587	3.315634	0	0	0	0	0	0	0	-0.2515886	-0.000893485	0.01685919	0	0	0
0	-8.762411	-88.75587	3.315634	0	0	0	0	0	0	0	-0.0005816353	-2.065604E-06	3.897593E-05	0	0	0
0	-8.762411	-88.75587	3.315634	0	0	0	0	0	0	0	-3.506125E-06	-1.245156E-08	2.349487E-07	0	0	0
0	-8.756828	-88.78273	3.420789	0	0	0	0	0	0	0	0.5314195	-2.552704	10.00895	0	0	0
0	-8.751244	-88.80951	3.525967	0	0	0	0	0	0	0	0.4016485	-1.922768	7.56479	0	0	0
0	-8.748451	-88.82287	3.578564	0	0	0	0	0	0	0	0.1388258	-0.6634502	2.614694	0	0	0
0	-8.734484	-88.88933	3.84163	0	0	0	0	0	0	0	0.2650547	-1.255866	4.992134	0	0	0
0	-8.734484	-88.88933	3.84163	0	0	0	0	0	0	0	0.004166093	-0.01973953	0.07846569	0	0	0
0	-8.734484	-88.88933	3.84163	0	0	0	0	0	0	0	1.824596E-05	-8.645188E-05	0.0003436509	0	0	0
0	-8.734484	-88.88933	3.84163	0	0	0	0	0	0	0	2.867875E-07	-1.358839E-06	5.401458E-06	0	0	0
0	-8.734484	-88.88933	3.84163	0	0	0	0	0	0	0	1.256024E-09	-5.951215E-09	2.36564E-08	0	0	0
0	-8.799313	-88.90256	3.897864	0	0	0	0	0	0	0	-4.388633	-0.06822693	0.5072678	0	0	0
0	-8.796496	-88.91576	3.950497	0	0	0	0	0	0	0	-0.01689379	-0.09196325	0.3687698	0	0	0
0	-8.79368	-88.92896	4.003136	0	0	0	0	0	0	0	0.01423819	-0.06688468	0.2672498	0	0	0
0	-8.861259	-88.92896	4.006766	0	0	0	0	0	0	0	-0.06930318	-0.0001123434	0.004186951	0	0	0
0	-8.860883	-88.87499	4.013741	0	0	0	0	0	0	0	0.01197131	1.870927	0.2422905	0	0	0
0	-8.860883	-88.87499	4.013741	0	0	0	0	0	0	0	3.80926E-05	0.00595327	0.0007709659	0	0	0
0	-8.858044	-88.88815	4.066384	0	0	0	0	0	0	0	0.5059894	-2.344469	9.384213	0	0	0
0	-8.855206	-88.9013	4.119033	0	0	0	0	0	0	0	0.4833194	-2.235671	8.963769	0	0	0
0	-8.851989	-88.86047	4.178684	0	0	0	0	0	0	0	0.1048586	0.2447055	1.944735	0	0	0
0	-8.916253	-88.81961	4.242014	0	0	0	0	0	0	0	-8.110559	0.3494269	1.237389	0	0	0
0	-8.913009	-88.77873	4.301718	0	0	0	0	0	0	0	0.0406316	8.620646	1.40681	0	0	0
0	-8.966045	-88.8438	4.568788	0	0	0	0	0	0	0	1.157747	-8.033408	32.78067	0	0	0
0	-8.966045	-88.8438	4.568788	0	0	0	0	0	0	0	0.01322111	-0.09173909	0.3743453	0	0	0
0	-9.024282	-88.82864	4.737645	0	0	0	0	0	0	0	-0.5103037	-2.438374	13.0302	0	0	0
0	-9.08863	-88.84152	4.794077	0	0	0	0	0	0	0	0.1296334	-1.133976	4.656981	0	0	0
0	-9.152535	-88.80044	4.857623	0	0	0	0	0	0	0	-0.3192729	0.2979239	0.3868619	0	0	0
0	-9.213416	-88.77216	4.973942	0	0	0	0	0	0	0	0.1968493	-1.408306	6.683316	0	0	0
0	-9.265616	-88.83594	5.24142	0	0	0	0	0	0	0	-2.72651	-2.028728	8.620968	0	0	0
0	-9.265616	-88.83594	5.24142	0	0	0	0	0	0	0	-0.01194111	-0.008885085	0.03775667	0	0	0
0	-9.26262	-88.84863	5.29417	0	0	0	0	0	0	0	0.3583467	-1.51643	6.30878	0	0	0
0	-9.329668	-88.84863	5.297993	0	0	0	0	0	0	0	-11.55077	-0.01731716	0.7332016	0	0	0
0	-9.326241	-88.80736	5.357875	0	0	0	0	0	0	0	0.1650229	-0.7360417	3.528502	0	0	0
0	-9.322813	-88.76607	5.417784	0	0	0	0	0	0	0	0.1276683	6.334238	2.233273	0	0	0
0	-9.310325	-88.76251	5.636045	0	0	0	0	0	0	0	0.6046811	-1.081806	10.56785	0	0	0
0	-9.288765	-88.79591	6.012841	0	0	0	0	0	0	0	1.334645	-5.083556	23.32522	0	0	0
0	-9.288765	-88.79591	6.012841	0	0	0	0	0	0	0	0.01524124	-0.05805267	0.266367	0	0	0
0	-9.418783	-88.75436	6.080568	0	0	0	0	0	0	0	-3.252164	9.182424	1.575673	0	0	0
0	-9.485507	-88.75436	6.084455	0	0	0	0	0	0	0	-0.696918	0.01542333	0.0430691	0	0	0
0	-9.485507	-88.75436	6.084455	0	0	0	0	0	0	0	-0.001170584	2.590592E-05	7.234135E-05	0	0	0
0	-9.485507	-88.75436	6.084455	0	0	0	0	0	0	0	-1.839908E-05	4.071857E-07	1.137052E-06	0	0	0
0	-9.485507	-88.75436	6.084455	0	0	0	0	0	0	0	-5.855707E-08	0	3.423052E-09	0	0	0
0	-9.485507	-88.75436	6.084455	0	0	0	0	0	0	0	0	0	0	0	0	0
0	-9.485507	-88.75436	6.084455	0	0	0	0	0	0	0	0	0	0	0	0	0
0	-9.485507	-88.75436	6.084455	0	0	0	0	0	0	0	0	0	0	0	0	0
0	-9.485507	-88.75436	6.084455	0	0	0	0	0	0	0	0	0	0	0	0	0
0	-9.485507	-88.75436	6.084455	0	0	0	0	0	0	0	0	0	0	0	0	0
0	-9.485507	-88.75436	6.084455	0	0	0	0	0	0	0	0	0	0	0	0	0
0	-9.485084	-88.70044	6.091692	0	0	0	0	0	0	0	0.0004328042	0.05508481	0.007403843	0	0	0
0	-9.551804	-88.70044	6.095606	0	0	0	0	0	0	0	-2.335756	0.0001273478	0.1375215	0	0	0
0	-9.551804	-88.70044	6.095606	0	0	0	0	0	0	0	-0.03671309	2.001636E-06	0.002161544	0	0	0
0	-9.551804	-88.70044	6.095606	0	0	0	0	0	0	0	-0.0001607899	8.766431E-09	9.466769E-06	0	0	0
0	-9.618522	-88.70044	6.099547	0	0	0	0	0	0	0	-0.6513484	0	0.0386132	0	0	0
0	-9.618522	-88.70044	6.099547	0	0	0	0	0	0	0	-0.00540417	0	0.0003203697	0	0	0
0	-9.615391	-88.71281	6.152367	0	0	0	0	0	0	0	0.04167376	-0.1645008	0.703187	0	0	0
0	-9.615391	-88.71281	6.152367	0	0	0	0	0	0	0	0.0004759017	-0.00187855	0.008030183	0	0	0
0	-9.611829	-88.67123	6.21245	0	0	0	0	0	0	0	0.008985206	0.3585962	0.1515673	0	0	0
0	-9.611829	-88.67123	6.21245	0	0	0	0	0	0	0	0.000194384	0.007757793	0.003278975	0	0	0
0	-9.611829	-88.67123	6.21245	0	0	0	0	0	0	0	4.493868E-07	1.793486E-05	7.580501E-06	0	0	0
0	-9.678498	-88.67123	6.216416	0	0	0	0	0	0	0	-0.1787808	4.146272E-08	0.01067226	0	0	0
0	-9.745167	-88.67123	6.220409	0	0	0	0	0	0	0	-0.09553994	0	0.005742645	0	0	0
0	-9.745167	-88.67123	6.220409	0	0	0	0	0	0	0	-0.0005759193	0	3.461693E-05	0	0	0
0	-9.745167	-88.67123	6.220409	0	0	0	0	0	0	0	-6.576824E-06	0	3.953149E-07	0	0	0
0	-9.745167	-88.67123	6.220409	0	0	0	0	0	0	0	-7.510533E-08	0	4.514376E-09	0	0	0
0	-9.745167	-88.67123	6.220409	0	0	0	0	0	0	0	0	0	0	0	0	0
0	-9.745167	-88.67123	6.220409	0	0	0	0	0	0	0	0	0	0	0	0	0
0	-9.745167	-88.67123	6.220409	0	0	0	0	0	0	0	0	0	0	0	0	0
0	-9.745167	-88.67123	6.220409	0	0	0	0	0	0	0	0	0	0	0	0	0
0	-9.745167	-88.67123	6.220409	0	0	0	0	0	0	0	0	0	0	0	0	0
0	-9.745167	-88.67123	6.220409	0	0	0	0	0	0	0	0	0	0	0	0	0
0	-9.745167	-88.67123	6.220409	0	0	0	0	0	0	0	0	0	0	0	0	0
0	-9.745167	-88.67123	6.220409	0	0	0	0	0	0	0	0	0	0	0	0	0
0	-9.745167	-88.67123	6.220409	0	0	0	0	0	0	0	0	0	0	0	0	0
0	-9.738379	-88.64194	6.333348	0	0	0	0	0	0	0	0.834567	-3.083524	13.88463	0	0	0
0	-9.798603	-88.66648	6.443042	0	0	0	0	0	0	0	-0.08585934	-0.03693179	0.1665739	0	0	0
0	-9.798603	-88.66648	6.443042	0	0	0	0	0	0	0	-0.0009804876	-0.0004217499	0.001902224	0	0	0
0	-9.798603	-88.66648	6.443042	0	0	0	0	0	0	0	-4.294176E-06	-1.84711E-06	8.331042E-06	0	0	0
0	-9.798603	-88.66648	6.443042	0	0	0	0	0	0	0	-7.212972E-09	-3.130158E-09	1.398956E-08	0	0	0
0	-9.798603	-88.66648	6.443042	0	0	0	0	0	0	0	0	0	0	0	0	0
0	-9.798603	-88.66648	6.443042	0	0	0	0	0	0	0	0	0	0	0	0	0
0	-9.795404	-88.67872	6.495888	0	0	0	0	0	0	0	0.008456471	-0.03232969	0.1397303	0	0	0
0	-9.795404	-88.67872	6.495888	0	0	0	0	0	0	0	1.95501E-05	-7.474142E-05	0.0003230356	0	0	0
0	-9.792207	-88.69094	6.548738	0	0	0	0	0	0	0	0.396766	-1.514046	6.555952	0	0	0
0	-9.792207	-88.69094	6.548738	0	0	0	0	0	0	0	0.001737689	-0.006630965	0.02871266	0	0	0
0	-9.792207	-88.69094	6.548738	0	0	0	0	0	0	0	4.017278E-06	-1.53298E-05	6.637939E-05	0	0	0
0	-9.792207	-88.69094	6.548738	0	0	0	0	0	0	0	2.421634E-08	-9.240875E-08	4.001381E-07	0	0	0
0	-9.792207	-88.69094	6.548738	0	0	0	0	0	0	0	2.765433E-10	-1.05528E-09	4.569455E-09	0	0	0
0	-9.792207	-88.69094	6.548738	0	0	0	0	0	0	0	0	0	0	0	0	0
0	-9.792207	-88.69094	6.548738	0	0	0	0	0	0	0	0	0	0	0	0	0
0	-9.792207	-88.69094	6.548738	0	0	0	0	0	0	0	0	0	0	0	0	0
0	-9.792207	-88.69094	6.548738	0	0	0	0	0	0	0	0	0	0	0	0	0
0	-9.789007	-88.70313	6.601594	0	0	0	0	0	0	0	0.5648767	-2.151538	9.333726	0	0	0
0	-9.789007	-88.70313	6.601594	0	0	0	0	0	0	0	0.001305911	-0.004974036	0.02157818	0	0	0
0	-9.785809	-88.71531	6.654454	0	0	0	0	0	0	0	0.2155426	-0.8194417	3.561513	0	0	0
0	-9.785809	-88.71531	6.654454	0	0	0	0	0	0	0	0.001299301	-0.004939633	0.02146897	0	0	0
0	-9.782609	-88.72746	6.70732	0	0	0	0	0	0	0	0.4083846	-1.549681	6.747931	0	0	0
0	-9.782609	-88.72746	6.70732	0	0	0	0	0	0	0	0.004663628	-0.01769689	0.07705933	0	0	0
0	-9.779409	-88.73959	6.76019	0	0	0	0	0	0	0	0.1540991	-0.5836599	2.546252	0	0	0
0	-9.779409	-88.73959	6.76019	0	0	0	0	0	0	0	0.003333747	-0.01262677	0.05508507	0	0	0
0	-9.776209	-88.7517	6.813065	0	0	0	0	0	0	0	0.01644937	-0.06218625	0.2718007	0	0	0
0	-9.776209	-88.7517	6.813065	0	0	0	0	0	0	0	7.20422E-05	-0.0002723529	0.001190387	0	0	0
0	-9.776209	-88.7517	6.813065	0	0	0	0	0	0	0	1.665508E-07	-6.296393E-07	2.751997E-06	0	0	0
0	-9.776209	-88.7517	6.813065	0	0	0	0	0	0	0	2.617823E-09	-9.896585E-09	4.325553E-08	0	0	0
0	-9.776209	-88.7517	6.813065	0	0	0	0	0	0	0	0	0	0	0	0	0
0	-9.776209	-88.7517	6.813065	0	0	0	0	0	0	0	0	0	0	0	0	0
0	-9.776209	-88.7517	6.813065	0	0	0	0	0	0	0	0	0	0	0	0	0
0	-9.773009	-88.76379	6.865945	0	0	0	0	0	0	0	0.08133134	-0.3068931	1.343876	0	0	0
0	-9.769809	-88.77585	6.91883	0	0	0	0	0	0	0	0.7704883	-2.901869	12.73114	0	0	0
0	-9.766607	-88.7879	6.97172	0	0	0	0	0	0	0	0.1524322	-0.5730199	2.51871	0	0	0
0	-9.747396	-88.8597	7.289163	0	0	0	0	0	0	0	0.9898698	-3.678992	16.35609	0	0	0
0	-9.74099	-88.88347	7.395016	0	0	0	0	0	0	0	0.2679572	-0.9921044	4.427583	0	0	0
0	-9.734582	-88.90715	7.500888	0	0	0	0	0	0	0	0.8353829	-3.081152	13.80343	0	0	0
0	-9.731379	-88.91895	7.553831	0	0	0	0	0	0	0	0.4038479	-1.486658	6.67297	0	0	0
0	-9.728174	-88.93074	7.606779	0	0	0	0	0	0	0	0.3763817	-1.382884	6.219133	0	0	0
0	-9.724969	-88.9425	7.659732	0	0	0	0	0	0	0	0.1551756	-0.5690408	2.56404	0	0	0
0	-9.718558	-88.96597	7.765652	0	0	0	0	0	0	0	0.4595391	-1.678662	7.593181	0	0	0
0	-9.715353	-88.97766	7.81862	0	0	0	0	0	0	0	0.3057423	-1.114691	5.051925	0	0	0
0	-9.699321	-89.03583	8.083527	0	0	0	0	0	0	0	0.1967734	-0.7104515	3.251381	0	0	0
0	-9.692906	-89.05894	8.189523	0	0	0	0	0	0	0	0.3304341	-1.188365	5.459919	0	0	0
0	-9.68649	-89.08198	8.295538	0	0	0	0	0	0	0	0.4056257	-1.453053	6.702345	0	0	0
0	-9.676864	-89.11636	8.454595	0	0	0	0	0	0	0	0.3521158	-1.253909	5.818176	0	0	0
0	-9.670445	-89.13917	8.560656	0	0	0	0	0	0	0	0.4935823	-1.750716	8.155694	0	0	0
0	-9.667235	-89.15054	8.613693	0	0	0	0	0	0	0	0.39684	-1.404776	6.557175	0	0	0
0	-9.651182	-89.20708	8.878951	0	0	0	0	0	0	0	0.3321848	-1.164192	5.488847	0	0	0
0	-9.644759	-89.22955	8.985085	0	0	0	0	0	0	0	0.271459	-0.9475429	4.485445	0	0	0
0	-9.635121	-89.26309	9.144322	0	0	0	0	0	0	0	0.4844701	-1.680833	8.005129	0	0	0
0	-9.635121	-89.26309	9.144322	0	0	0	0	0	0	0	0.01708958	-0.05929105	0.2823793	0	0	0
0	-9.63468	-89.20918	9.151625	0	0	0	0	0	0	0	0.1047823	12.75801	1.731367	0	0	0
0	-9.63468	-89.20918	9.151625	0	0	0	0	0	0	0	0.0002422409	0.0294946	0.004002662	0	0	0
0	-9.63468	-89.20918	9.151625	0	0	0	0	0	0	0	5.240588E-06	0.0006380799	8.659272E-05	0	0	0
0	-9.63468	-89.20918	9.151625	0	0	0	0	0	0	0	2.293994E-08	2.794597E-06	3.790475E-07	0	0	0
0	-9.624598	-89.1886	9.318226	0	0	0	0	0	0	0	0.6452236	-1.840249	10.66133	0	0	0
0	-9.61085	-89.12494	9.545372	0	0	0	0	0	0	0	1.977962	0.5391824	32.6828	0	0	0
0	-9.594773	-89.17964	9.811014	0	0	0	0	0	0	0	0.4341812	-1.446473	7.174182	0	0	0
0	-9.591558	-89.19051	9.864156	0	0	0	0	0	0	0	0.007708996	-0.02596694	0.1273794	0	0	0
0	-9.591558	-89.19051	9.864156	0	0	0	0	0	0	0	0.0001667748	-0.0005617632	0.002755698	0	0	0
0	-9.59111	-89.13661	9.871545	0	0	0	0	0	0	0	0.03893438	4.685678	0.6433311	0	0	0
0	-9.59111	-89.13661	9.871545	0	0	0	0	0	0	0	0.0006119652	0.07364885	0.01011179	0	0	0
0	-9.59111	-89.13661	9.871545	0	0	0	0	0	0	0	1.414753E-06	0.0001702652	2.337663E-05	0	0	0
0	-9.525943	-89.13661	9.867615	0	0	0	0	0	0	0	3.1266	1.944377E-06	-0.1879311	0	0	0
0	-9.519554	-89.15829	9.973914	0	0	0	0	0	0	0	0.5679725	-1.835891	9.016467	0	0	0
0	-9.519554	-89.15829	9.973914	0	0	0	0	0	0	0	0.0006931212	-0.002240416	0.01100318	0	0	0
0	-9.519554	-89.15829	9.973914	0	0	0	0	0	0	0	1.499483E-05	-4.846868E-05	0.0002380404	0	0	0
0	-9.519554	-89.15829	9.973914	0	0	0	0	0	0	0	4.77134E-08	-1.542268E-07	7.574421E-07	0	0	0
0	-9.519554	-89.15829	9.973914	0	0	0	0	0	0	0	1.052716E-10	-3.565494E-10	1.751396E-09	0	0	0
0	-9.454429	-89.15829	9.970013	0	0	0	0	0	0	0	1.159786	0	-0.06923296	0	0	0
0	-9.451256	-89.16911	10.02317	0	0	0	0	0	0	0	0.01984071	-0.05496616	0.270349	0	0	0
0	-9.317915	-89.17989	10.06862	0	0	0	0	0	0	0	15.80866	-0.7200059	2.633473	0	0	0
0	-9.317915	-89.17989	10.06862	0	0	0	0	0	0	0	0.3420011	-0.01557645	0.05697199	0	0	0
0	-9.317915	-89.17989	10.06862	0	0	0	0	0	0	0	0.0007906556	-3.601043E-05	0.0001317107	0	0	0
0	-9.317915	-89.17989	10.06862	0	0	0	0	0	0	0	9.029047E-06	-4.112282E-07	1.504097E-06	0	0	0
0	-9.317915	-89.17989	10.06862	0	0	0	0	0	0	0	7.491305E-08	-3.411917E-09	1.247933E-08	0	0	0
0	-9.243505	-89.21213	10.22432	0	0	0	0	0	0	0	10.21527	-4.47369	21.68773	0	0	0
0	-9.033215	-89.26542	10.47902	0	0	0	0	0	0	0	16.08439	-1.565926	6.962553	0	0	0
0	-8.897377	-89.28658	10.57807	0	0	0	0	0	0	0	11.19258	-2.795284	13.49979	0	0	0
0	-8.764666	-89.29713	10.62403	0	0	0	0	0	0	0	6.291514	-0.1655057	0.4888213	0	0	0
0	-8.761707	-89.30766	10.67725	0	0	0	0	0	0	0	0.1380638	-0.1420052	0.7132547	0	0	0
0	-8.761707	-89.30766	10.67725	0	0	0	0	0	0	0	0.0004393175	-0.0004518591	0.002269569	0	0	0
0	-8.743957	-89.37038	10.9967	0	0	0	0	0	0	0	0.3070065	-1.077559	5.524772	0	0	0
0	-8.544051	-89.39111	11.09256	0	0	0	0	0	0	0	13.35291	-2.52484	12.31539	0	0	0
0	-8.473642	-89.41175	11.1956	0	0	0	0	0	0	0	1.659868	-1.447211	7.417963	0	0	0
0	-8.406169	-89.42204	11.24541	0	0	0	0	0	0	0	0.1558801	-0.3704515	1.917564	0	0	0
0	-8.397614	-89.45277	11.40527	0	0	0	0	0	0	0	0.1549651	-0.5549787	2.896045	0	0	0
0	-8.307603	-89.54381	11.88166	0	0	0	0	0	0	0	4.206874	-7.032559	37.32433	0	0	0
0	-8.232022	-89.5837	12.09162	0	0	0	0	0	0	0	3.507712	-4.730134	25.2986	0	0	0
0	-8.159401	-89.6134	12.24832	0	0	0	0	0	0	0	1.632915	-3.322873	17.9387	0	0	0
0	-8.151032	-89.64289	12.40842	0	0	0	0	0	0	0	1.017471	-3.559164	19.38565	0	0	0
0	-8.006305	-89.70129	12.7221	0	0	0	0	0	0	0	16.64288	-1.678771	8.440317	0	0	0
0	-7.998062	-89.7302	12.88232	0	0	0	0	0	0	0	0.7157791	-1.614452	8.966355	0	0	0
0	-7.987069	-89.76844	13.096	0	0	0	0	0	0	0	0.3200773	-1.106125	6.210295	0	0	0
0	-7.959573	-89.86251	13.63048	0	0	0	0	0	0	0	0.511884	-1.730357	9.950052	0	0	0
0	-7.887765	-89.8903	13.78763	0	0	0	0	0	0	0	1.155373	-1.800769	10.39898	0	0	0
0	-7.882307	-89.90873	13.8946	0	0	0	0	0	0	0	0.08259582	-0.273209	1.590203	0	0	0
0	-7.882307	-89.90873	13.8946	0	0	0	0	0	0	0	0.000262819	-0.0008693482	0.005060008	0	0	0
0	-7.881928	-89.85483	13.90201	0	0	0	0	0	0	0	0.01814373	2.579759	0.3555286	0	0	0
0	-7.818419	-89.85483	13.89879	0	0	0	0	0	0	0	0.1292028	0.008208767	-0.005406118	0	0	0
0	-7.818419	-89.85483	13.89879	0	0	0	0	0	0	0	0.002795146	0.0001775867	-0.0001169548	0	0	0
0	-7.815711	-89.86401	13.95228	0	0	0	0	0	0	0	0.005045436	-0.01705066	0.09949552	0	0	0
0	-7.736104	-89.91862	14.27009	0	0	0	0	0	0	0	7.976774	-0.3936564	1.936719	0	0	0
0	-7.609386	-89.91862	14.26378	0	0	0	0	0	0	0	16.38656	-0.004495436	-0.782544	0	0	0
0	-7.543405	-89.92764	14.31419	0	0	0	0	0	0	0	1.696267	-0.06466969	0.3018211	0	0	0
0	-7.540784	-89.93665	14.36771	0	0	0	0	0	0	0	0.04515354	-0.06448426	0.3825337	0	0	0
0	-7.540784	-89.93665	14.36771	0	0	0	0	0	0	0	0.0001977559	-0.0002824174	0.001675357	0	0	0
0	-7.540784	-89.93665	14.36771	0	0	0	0	0	0	0	3.1083E-06	-4.438998E-06	2.633303E-05	0	0	0
0	-7.54042	-89.88274	14.37515	0	0	0	0	0	0	0	0.0007049289	0.1041475	0.01439454	0	0	0
0	-7.54042	-89.88274	14.37515	0	0	0	0	0	0	0	3.087307E-06	0.0004561278	6.30426E-05	0	0	0
0	-7.54042	-89.88274	14.37515	0	0	0	0	0	0	0	4.852587E-08	7.169355E-06	9.908949E-07	0	0	0
0	-7.537798	-89.89172	14.42868	0	0	0	0	0	0	0	0.1695477	-0.5802054	3.462153	0	0	0
0	-7.532555	-89.90962	14.53574	0	0	0	0	0	0	0	0.2420185	-0.8240612	4.942001	0	0	0
0	-7.532555	-89.90962	14.53574	0	0	0	0	0	0	0	0.002763778	-0.009410528	0.05643616	0	0	0
0	-7.53219	-89.85573	14.5432	0	0	0	0	0	0	0	0.02356001	3.46694	0.4810939	0	0	0
0	-7.53219	-89.85573	14.5432	0	0	0	0	0	0	0	0.0003703131	0.05449289	0.007561768	0	0	0
0	-7.53219	-89.85573	14.5432	0	0	0	0	0	0	0	1.621835E-06	0.0002386589	3.311777E-05	0	0	0
0	-7.53219	-89.85573	14.5432	0	0	0	0	0	0	0	3.745792E-09	5.517561E-07	7.648881E-08	0	0	0
0	-7.53219	-89.85573	14.5432	0	0	0	0	0	0	0	8.103564E-11	1.193657E-08	1.654742E-09	0	0	0
0	-7.53219	-89.85573	14.5432	0	0	0	0	0	0	0	0	0	0	0	0	0
0	-7.53219	-89.85573	14.5432	0	0	0	0	0	0	0	0	0	0	0	0	0
0	-7.53219	-89.85573	14.5432	0	0	0	0	0	0	0	0	0	0	0	0	0
0	-7.531823	-89.80183	14.55068	0	0	0	0	0	0	0	0.009137377	1.341917	0.1865846	0	0	0
0	-7.531823	-89.80183	14.55068	0	0	0	0	0	0	0	5.508055E-05	0.008089139	0.001124741	0	0	0
0	-7.531823	-89.80183	14.55068	0	0	0	0	0	0	0	8.657485E-07	0.000127144	1.767853E-05	0	0	0
0	-7.531823	-89.80183	14.55068	0	0	0	0	0	0	0	3.79166E-09	5.568439E-07	7.742545E-08	0	0	0
0	-7.531823	-89.80183	14.55068	0	0	0	0	0	0	0	5.959681E-11	8.752398E-09	1.216963E-09	0	0	0
0	-7.531823	-89.80183	14.55068	0	0	0	0	0	0	0	0	0	0	0	0	0
0	-7.531823	-89.80183	14.55068	0	0	0	0	0	0	0	0	0	0	0	0	0
0	-7.531823	-89.80183	14.55068	0	0	0	0	0	0	0	0	0	0	0	0	0
0	-7.531823	-89.80183	14.55068	0	0	0	0	0	0	0	0	0	0	0	0	0
0	-7.531823	-89.80183	14.55068	0	0	0	0	0	0	0	0	0	0	0	0	0
0	-7.531823	-89.80183	14.55068	0	0	0	0	0	0	0	0	0	0	0	0	0
0	-7.531823	-89.80183	14.55068	0	0	0	0	0	0	0	0	0	0	0	0	0
0	-7.529202	-89.81075	14.60422	0	0	0	0	0	0	0	0.6200686	-2.105995	12.66176	0	0	0
0	-7.465981	-89.81075	14.60114	0	0	0	0	0	0	0	0.2311298	-0.009223483	0.04436217	0	0	0
0	-7.463381	-89.81965	14.65468	0	0	0	0	0	0	0	0.007516297	-0.02387588	0.1438876	0	0	0
0	-7.460781	-89.82852	14.70823	0	0	0	0	0	0	0	0.4466333	-1.522036	9.197399	0	0	0
0	-7.460781	-89.82852	14.70823	0	0	0	0	0	0	0	0.001032549	-0.00351872	0.02126301	0	0	0
0	-7.395024	-89.83737	14.75872	0	0	0	0	0	0	0	0.6534116	-0.1629355	0.9579384	0	0	0
0	-7.32931	-89.8462	14.80925	0	0	0	0	0	0	0	15.05588	-0.8065801	4.191494	0	0	0
0	-7.122808	-89.96128	15.16785	0	0	0	0	0	0	0	17.96342	-3.133254	12.44167	0	0	0
0	-6.866038	-89.97857	15.26353	0	0	0	0	0	0	0	19.63448	-0.7573853	3.76698	0	0	0
0	-6.607285	-90.00433	15.41326	0	0	0	0	0	0	0	16.85535	-2.096515	12.43337	0	0	0
0	-6.21902	-90.04684	15.66555	0	0	0	0	0	0	0	23.40261	-0.129644	-0.1285966	0	0	0
0	-5.961587	-90.07207	15.81645	0	0	0	0	0	0	0	13.08627	-1.64009	10.00359	0	0	0
0	-5.634058	-90.1302	16.18016	0	0	0	0	0	0	0	24.98106	-5.422893	34.50285	0	0	0
0	-5.188699	-90.16293	16.37932	0	0	0	0	0	0	0	21.03689	-3.06368	19.51502	0	0	0
0	-4.805238	-90.20336	16.63552	0	0	0	0	0	0	0	31.60187	-5.944577	38.8027	0	0	0
0	-4.4215	-90.25114	16.94649	0	0	0	0	0	0	0	23.28102	-4.241994	28.20447	0	0	0
0	-4.095613	-90.32904	17.4753	0	0	0	0	0	0	0	18.35793	-1.862336	12.55136	0	0	0
0	-3.840592	-90.36716	17.73768	0	0	0	0	0	0	0	10.23313	-1.21919	8.407958	0	0	0
0	-3.71009	-90.40474	18.00357	0	0	0	0	0	0	0	6.463977	-0.6930373	4.84199	0	0	0
0	-3.461556	-90.41219	18.05148	0	0	0	0	0	0	0	10.76921	-1.079461	7.565317	0	0	0
0	-3.213191	-90.41962	18.09981	0	0	0	0	0	0	0	11.28831	-0.362346	2.38913	0	0	0
0	-3.213191	-90.41962	18.09981	0	0	0	0	0	0	0	0.4986957	-0.007838915	0.04624356	0	0	0
0	-3.213191	-90.41962	18.09981	0	0	0	0	0	0	0	0.001586844	-2.494335E-05	0.0001471465	0	0	0
0	-3.21204	-90.42702	18.15363	0	0	0	0	0	0	0	0.1980413	-1.272218	9.259652	0	0	0
0	-3.210889	-90.4344	18.20745	0	0	0	0	0	0	0	0.1039243	-0.6656524	4.85954	0	0	0
0	-3.210889	-90.4344	18.20745	0	0	0	0	0	0	0	0.001633466	-0.01046263	0.07638159	0	0	0
0	-3.209738	-90.44176	18.26127	0	0	0	0	0	0	0	0.04032676	-0.2575169	1.885697	0	0	0
0	-3.209738	-90.44176	18.26127	0	0	0	0	0	0	0	0.0001766164	-0.001127829	0.008258658	0	0	0
0	-3.208586	-90.4491	18.3151	0	0	0	0	0	0	0	0.1475321	-0.93924	6.898663	0	0	0
0	-3.207435	-90.45642	18.36893	0	0	0	0	0	0	0	0.1591555	-1.010149	7.44218	0	0	0
0	-3.207435	-90.45642	18.36893	0	0	0	0	0	0	0	0.005920585	-0.03757757	0.2768491	0	0	0
0	-3.206284	-90.46372	18.42277	0	0	0	0	0	0	0	0.0114281	-0.07231162	0.534383	0	0	0
0	-3.206284	-90.46372	18.42277	0	0	0	0	0	0	0	2.642007E-05	-0.0001671737	0.001235414	0	0	0
0	-3.206284	-90.46372	18.42277	0	0	0	0	0	0	0	4.15267E-07	-2.627613E-06	1.941806E-05	0	0	0
0	-3.206284	-90.46372	18.42277	0	0	0	0	0	0	0	1.321375E-09	-8.361036E-09	6.178808E-08	0	0	0
0	-3.20267	-90.43159	18.59178	0	0	0	0	0	0	0	0.2536628	11.3302	11.86138	0	0	0
0	-3.136571	-90.46028	18.80588	0	0	0	0	0	0	0	1.595159	-0.3343146	4.603868	0	0	0
0	-2.889556	-90.46741	18.85478	0	0	0	0	0	0	0	7.477026	-0.09375402	0.5727752	0	0	0
0	-2.703188	-90.48158	18.95906	0	0	0	0	0	0	0	10.65977	-1.246657	9.315095	0	0	0
0	-2.518898	-90.48158	18.95584	0	0	0	0	0	0	0	6.152964	-0.002882085	-0.08176304	0	0	0
0	-2.45823	-90.42062	18.90846	0	0	0	0	0	0	0	4.01581	1.455469	-3.474559	0	0	0
0	-2.397643	-90.41351	18.85359	0	0	0	0	0	0	0	0.6230027	0.1089811	-0.7487407	0	0	0
0	-2.33617	-90.41351	18.85262	0	0	0	0	0	0	0	2.131446	0.0004772971	-0.03654318	0	0	0
0	-2.33617	-90.41351	18.85262	0	0	0	0	0	0	0	0.03350179	7.502092E-06	-0.0005743807	0	0	0
0	-2.33617	-90.41351	18.85262	0	0	0	0	0	0	0	0.0001467255	3.285641E-08	-2.515576E-06	0	0	0
0	-2.33617	-90.41351	18.85262	0	0	0	0	0	0	0	1.675561E-06	3.363274E-10	-2.873255E-08	0	0	0
0	-2.33617	-90.41351	18.85262	0	0	0	0	0	0	0	1.913485E-08	0	-2.99017E-10	0	0	0
0	-2.33617	-90.41351	18.85262	0	0	0	0	0	0	0	0	0	0	0	0	0
0	-2.33617	-90.41351	18.85262	0	0	0	0	0	0	0	0	0	0	0	0	0
0	-2.335328	-90.42062	18.90649	0	0	0	0	0	0	0	0.0008425056	-0.007093493	0.05391404	0	0	0
0	-2.335328	-90.42062	18.90649	0	0	0	0	0	0	0	2.680844E-06	-2.257142E-05	0.0001715539	0	0	0
0	-2.335328	-90.42062	18.90649	0	0	0	0	0	0	0	1.616025E-08	-1.360616E-07	1.034135E-06	0	0	0
0	-2.335328	-90.42062	18.90649	0	0	0	0	0	0	0	1.845452E-10	-1.553782E-09	1.180951E-08	0	0	0
0	-2.335328	-90.42062	18.90649	0	0	0	0	0	0	0	0	0	0	0	0	0
0	-1.967423	-90.46741	18.8398	0	0	0	0	0	0	0	29.14972	-8.587246	-4.447897	0	0	0
0	-1.1686	-90.46028	18.77755	0	0	0	0	0	0	0	45.79326	0.02197259	-0.6395299	0	0	0
0	-0.4920463	-90.46028	18.77379	0	0	0	0	0	0	0	45.38707	0.0001823043	-0.151643	0	0	0
0	0.1230118	-90.46028	18.77304	0	0	0	0	0	0	0	40.23888	2.08186E-06	0.03306567	0	0	0
0	0.6760753	-90.4745	18.88226	0	0	0	0	0	0	0	32.83891	-1.760657	13.53217	0	0	0
0	1.228332	-90.48863	18.99353	0	0	0	0	0	0	0	34.71895	-0.6773468	5.467159	0	0	0
0	1.534851	-90.49567	19.05025	0	0	0	0	0	0	0	10.50335	-0.1311486	1.114459	0	0	0
0	1.534851	-90.49567	19.05025	0	0	0	0	0	0	0	-3.848032	-0.0002202848	-0.03786851	0	0	0
0	1.473459	-90.49567	19.04963	0	0	0	0	0	0	0	-14.09622	-3.70003E-07	-0.139114	0	0	0
0	1.473459	-90.49567	19.04963	0	0	0	0	0	0	0	-0.2215624	-5.815657E-09	-0.002186575	0	0	0
0	1.46913	-90.49725	19.48828	0	0	0	0	0	0	0	-0.2545581	9.263884	25.72223	0	0	0
0	1.462521	-90.41617	20.15798	0	0	0	0	0	0	0	-0.1964817	0.2191975	19.90862	0	0	0
0	1.459327	-90.45526	20.48164	0	0	0	0	0	0	0	-0.07770883	-0.9111457	7.873955	0	0	0
0	1.519653	-90.51558	20.52863	0	0	0	0	0	0	0	0.1662573	-2.686304	-0.05554389	0	0	0
0	1.519575	-90.4617	20.53621	0	0	0	0	0	0	0	-0.007363913	6.847342	0.9696196	0	0	0
0	1.583159	-90.37541	20.27471	0	0	0	0	0	0	0	11.01066	4.888694	-10.137	0	0	0
0	1.645843	-90.3557	20.11356	0	0	0	0	0	0	0	0.3932845	0.6323435	-5.091406	0	0	0
0	1.645843	-90.3557	20.11356	0	0	0	0	0	0	0	0.008508231	0.01367998	-0.1101464	0	0	0
0	1.645928	-90.40958	20.10596	0	0	0	0	0	0	0	0.0147014	-9.382494	-1.322026	0	0	0
0	1.645329	-90.41617	20.1599	0	0	0	0	0	0	0	-0.01492862	-0.3141036	1.344611	0	0	0
0	1.645329	-90.41617	20.1599	0	0	0	0	0	0	0	-4.750387E-05	-0.0009994742	0.004278538	0	0	0
0	1.645329	-90.41617	20.1599	0	0	0	0	0	0	0	-7.466593E-07	-1.57096E-05	6.724948E-05	0	0	0
0	1.645329	-90.41617	20.1599	0	0	0	0	0	0	0	-3.270094E-09	-6.880228E-08	2.94528E-07	0	0	0
0	1.645329	-90.41617	20.1599	0	0	0	0	0	0	0	-7.183748E-11	-7.896161E-10	6.470198E-09	0	0	0
0	1.645329	-90.41617	20.1599	0	0	0	0	0	0	0	0	0	0	0	0	0
0	1.645329	-90.41617	20.1599	0	0	0	0	0	0	0	0	0	0	0	0	0
0	1.645329	-90.41617	20.1599	0	0	0	0	0	0	0	0	0	0	0	0	0
0	1.645329	-90.41617	20.1599	0	0	0	0	0	0	0	0	0	0	0	0	0
0	1.645329	-90.41617	20.1599	0	0	0	0	0	0	0	0	0	0	0	0	0
0	1.584393	-90.41617	20.15923	0	0	0	0	0	0	0	-14.84368	0	-0.1587024	0	0	0
0	1.584393	-90.41617	20.15923	0	0	0	0	0	0	0	-0.06500986	0	-0.0006950581	0	0	0
0	1.523457	-90.41617	20.15859	0	0	0	0	0	0	0	-0.04494617	0	-0.0004620617	0	0	0
0	1.523457	-90.41617	20.15859	0	0	0	0	0	0	0	-0.0009723558	0	-9.996143E-06	0	0	0
0	1.523457	-90.41617	20.15859	0	0	0	0	0	0	0	-3.094026E-06	0	-3.180762E-08	0	0	0
0	1.523379	-90.36229	20.16619	0	0	0	0	0	0	0	-0.01302759	8.969452	1.267229	0	0	0
0	1.523379	-90.36229	20.16619	0	0	0	0	0	0	0	-1.589806E-05	0.01094581	0.001546454	0	0	0
0	1.523301	-90.30842	20.17382	0	0	0	0	0	0	0	-0.002678838	1.838961	0.2605789	0	0	0
0	1.461838	-90.31499	20.22714	0	0	0	0	0	0	0	-2.195841	-1.104637	9.189248	0	0	0
0	1.461838	-90.31499	20.22714	0	0	0	0	0	0	0	-0.01821866	-0.00916506	0.07624223	0	0	0
0	1.461763	-90.26112	20.23479	0	0	0	0	0	0	0	-0.017611	12.52633	1.780368	0	0	0
0	1.400858	-90.26112	20.2342	0	0	0	0	0	0	0	-0.4139443	0.1968872	0.02407118	0	0	0
0	1.339883	-90.20725	20.2413	0	0	0	0	0	0	0	-1.140974	1.393769	0.1883526	0	0	0
0	1.339883	-90.20725	20.2413	0	0	0	0	0	0	0	-0.01302957	0.01591642	0.002150929	0	0	0
0	1.340371	-90.20068	20.18736	0	0	0	0	0	0	0	0.03171071	0.4293595	-3.51719	0	0	0
0	1.340371	-90.20068	20.18736	0	0	0	0	0	0	0	5.326313E-05	0.000721177	-0.005907675	0	0	0
0	1.279381	-90.14681	20.19451	0	0	0	0	0	0	0	-0.7664159	0.3512958	0.04350869	0	0	0
0	1.218459	-90.14681	20.194	0	0	0	0	0	0	0	-10.87627	0.001538547	-0.08922868	0	0	0
0	1.157537	-90.14681	20.19351	0	0	0	0	0	0	0	-1.101075	3.556775E-06	-0.008602124	0	0	0
0	1.03564	-90.09295	20.20032	0	0	0	0	0	0	0	-7.86969	0.07485476	-0.04428071	0	0	0
0	1.035963	-90.0325	20.15412	0	0	0	0	0	0	0	-0.09963888	1.427204	-3.447435	0	0	0
0	0.9750245	-90.0325	20.1537	0	0	0	0	0	0	0	-0.1190036	0.006250632	-0.01587837	0	0	0
0	0.9753793	-90.02589	20.09977	0	0	0	0	0	0	0	0.01678992	0.3172791	-2.582359	0	0	0
0	0.9753793	-90.02589	20.09977	0	0	0	0	0	0	0	0.0002639017	0.00498695	-0.04058916	0	0	0
0	0.9144189	-90.02589	20.09938	0	0	0	0	0	0	0	-5.452044	2.184051E-05	-0.03380631	0	0	0
0	0.9143711	-89.97203	20.10714	0	0	0	0	0	0	0	-0.01272988	0.141915	0.02038626	0	0	0
0	0.8533689	-89.91818	20.11455	0	0	0	0	0	0	0	-3.916085	12.396	1.770209	0	0	0
0	0.7924147	-89.91818	20.11421	0	0	0	0	0	0	0	-5.551506	0.03944394	-0.02397182	0	0	0
0	0.7923312	-89.81049	20.12983	0	0	0	0	0	0	0	-0.01877228	7.638818	1.111015	0	0	0
0	0.7922892	-89.75665	20.13767	0	0	0	0	0	0	0	-0.005378878	6.798897	0.9917478	0	0	0
0	0.7919589	-89.70942	20.19947	0	0	0	0	0	0	0	-0.06865684	1.166907	12.84336	0	0	0
0	0.7918744	-89.60175	20.21527	0	0	0	0	0	0	0	-0.004017078	4.124097	0.7514668	0	0	0
0	0.7917895	-89.49409	20.23115	0	0	0	0	0	0	0	-0.004110007	5.193483	0.7688527	0	0	0
0	0.7919925	-89.37984	20.19319	0	0	0	0	0	0	0	-0.001290067	8.552013	0.2413308	0	0	0
0	0.7919925	-89.37984	20.19319	0	0	0	0	0	0	0	-0.0001476175	0.2945231	0.02761458	0	0	0
0	0.792569	-89.36654	20.08533	0	0	0	0	0	0	0	0.02834999	0.6569123	-5.30339	0	0	0
0	0.7928573	-89.35986	20.0314	0	0	0	0	0	0	0	0.004967709	0.1153307	-0.9293017	0	0	0
0	0.7931455	-89.35316	19.97748	0	0	0	0	0	0	0	0.007473234	0.1740732	-1.398006	0	0	0
0	0.7933909	-89.29262	19.93158	0	0	0	0	0	0	0	0.0120564	1.619819	-2.255372	0	0	0
0	0.7936791	-89.28587	19.87766	0	0	0	0	0	0	0	0.001162215	0.03835369	-0.2174137	0	0	0
0	0.7939244	-89.22529	19.83179	0	0	0	0	0	0	0	0.01138981	2.813495	-2.130673	0	0	0
0	0.7942126	-89.2185	19.77788	0	0	0	0	0	0	0	0.0142498	0.3763452	-2.665689	0	0	0
0	0.7944576	-89.15788	19.73203	0	0	0	0	0	0	0	0.04824109	3.669146	-9.024386	0	0	0
0	0.7950339	-89.14418	19.62422	0	0	0	0	0	0	0	0.06628079	1.585642	-12.39904	0	0	0
0	0.7952788	-89.0835	19.57841	0	0	0	0	0	0	0	0.02585389	1.152386	-4.836449	0	0	0
0	0.7952788	-89.0835	19.57841	0	0	0	0	0	0	0	0.000406368	0.01811305	-0.07601864	0	0	0
0	0.795567	-89.0766	19.52451	0	0	0	0	0	0	0	0.0136845	0.3283265	-2.559938	0	0	0
0	0.7955236	-89.0228	19.53261	0	0	0	0	0	0	0	-0.0003102117	0.5281352	0.05803083	0	0	0
0	0.7955236	-89.0228	19.53261	0	0	0	0	0	0	0	-2.573794E-06	0.004381882	0.0004814757	0	0	0
0	0.7958118	-89.01587	19.47872	0	0	0	0	0	0	0	0.002778899	0.06697697	-0.5198444	0	0	0
0	0.7958118	-89.01587	19.47872	0	0	0	0	0	0	0	8.842427E-06	0.00021312	-0.001654139	0	0	0
0	0.7958118	-89.01587	19.47872	0	0	0	0	0	0	0	1.389841E-07	3.349791E-06	-2.599953E-05	0	0	0
0	0.7957683	-88.96207	19.48685	0	0	0	0	0	0	0	-0.0058662	7.253476	1.097381	0	0	0
0	0.7957683	-88.96207	19.48685	0	0	0	0	0	0	0	-0.0003015821	0.3729022	0.0564165	0	0	0
0	0.7960564	-88.95512	19.43295	0	0	0	0	0	0	0	0.005341591	0.1301818	-0.9992433	0	0	0
0	0.7960564	-88.95512	19.43295	0	0	0	0	0	0	0	8.395841E-05	0.00204618	-0.01570597	0	0	0
0	0.7963445	-88.94816	19.37907	0	0	0	0	0	0	0	0.03981704	0.9644635	-7.448511	0	0	0
0	0.7963445	-88.94816	19.37907	0	0	0	0	0	0	0	0.0001589292	0.003849644	-0.02973064	0	0	0
0	0.7963445	-88.94816	19.37907	0	0	0	0	0	0	0	1.814923E-06	4.396176E-05	-0.0003395149	0	0	0
0	0.7963445	-88.94816	19.37907	0	0	0	0	0	0	0	2.072587E-08	5.0203E-07	-3.877157E-06	0	0	0
0	0.7963445	-88.94816	19.37907	0	0	0	0	0	0	0	3.257664E-10	7.890839E-09	-6.094062E-08	0	0	0
0	0.7963009	-88.89436	19.38722	0	0	0	0	0	0	0	-0.00409002	5.043341	0.7651139	0	0	0
0	0.7963009	-88.89436	19.38722	0	0	0	0	0	0	0	-9.455517E-06	0.01165945	0.001768829	0	0	0
0	0.7963009	-88.89436	19.38722	0	0	0	0	0	0	0	-1.486205E-07	0.0001832617	2.780221E-05	0	0	0
0	0.7963009	-88.89436	19.38722	0	0	0	0	0	0	0	-8.958916E-10	1.10471E-06	1.675931E-07	0	0	0
0	0.7963009	-88.89436	19.38722	0	0	0	0	0	0	0	-2.071167E-12	2.553924E-09	3.874501E-10	0	0	0
0	0.7963009	-88.89436	19.38722	0	0	0	0	0	0	0	0	0	0	0	0	0
0	0.7963009	-88.89436	19.38722	0	0	0	0	0	0	0	0	0	0	0	0	0
0	0.7963009	-88.89436	19.38722	0	0	0	0	0	0	0	0	0	0	0	0	0
0	0.7963009	-88.89436	19.38722	0	0	0	0	0	0	0	0	0	0	0	0	0
0	0.7963009	-88.89436	19.38722	0	0	0	0	0	0	0	0	0	0	0	0	0
0	0.7963009	-88.89436	19.38722	0	0	0	0	0	0	0	0	0	0	0	0	0
0	0.7962572	-88.84057	19.39539	0	0	0	0	0	0	0	-0.0003162765	0.3889254	0.05916535	0	0	0
0	0.7962572	-88.84057	19.39539	0	0	0	0	0	0	0	-1.385175E-06	0.00170335	0.0002591225	0	0	0
0	0.7962572	-88.84057	19.39539	0	0	0	0	0	0	0	-3.202317E-09	3.937892E-06	5.990526E-07	0	0	0
0	0.7962572	-88.84057	19.39539	0	0	0	0	0	0	0	-5.033358E-11	6.189525E-08	9.415826E-09	0	0	0
0	0.7962572	-88.84057	19.39539	0	0	0	0	0	0	0	0	0	0	0	0	0
0	0.7962572	-88.84057	19.39539	0	0	0	0	0	0	0	0	0	0	0	0	0
0	0.7962572	-88.84057	19.39539	0	0	0	0	0	0	0	0	0	0	0	0	0
0	0.8575071	-88.84057	19.39573	0	0	0	0	0	0	0	0.8555822	0	0.004925457	0	0	0
0	0.8575071	-88.84057	19.39573	0	0	0	0	0	0	0	0.01344793	0	7.741766E-05	0	0	0
0	0.8575071	-88.84057	19.39573	0	0	0	0	0	0	0	4.279115E-05	0	2.463422E-07	0	0	0
0	0.85746	-88.78678	19.40392	0	0	0	0	0	0	0	-0.008148549	9.280138	1.415614	0	0	0
0	0.85746	-88.78678	19.40392	0	0	0	0	0	0	0	-3.568765E-05	0.0406436	0.006199869	0	0	0
0	0.85746	-88.78678	19.40392	0	0	0	0	0	0	0	-8.251389E-08	9.396193E-05	1.433317E-05	0	0	0