88.5005	16.56944	-87.66869	0.2929446	0	0	0	0	0	0	0	0.6865361	1.999257	-6.963274	0	0	0
88.5105	16.67971	-87.54858	-0.115979	0	0	0	0	0	0	0	5.129985	10.05729	-34.4313	0	0	0
88.5205	16.65139	-87.42711	-0.5381996	0	0	0	0	0	0	0	-5.929921	11.26995	-39.26229	0	0	0
88.5305	16.6923	-87.30428	-0.9531795	0	0	0	0	0	0	0	2.472527	8.047311	-27.04382	0	0	0
88.5405	16.6583	-87.19569	-1.322823	0	0	0	0	0	0	0	0.8326699	4.01288	-13.38384	0	0	0
88.55051	16.61453	-87.17144	-1.595591	0	0	0	0	0	0	0	-1.792417	-7.976725	-17.69741	0	0	0
88.56051	16.61521	-87.2254	-1.602543	0	0	0	0	0	0	0	0.0746912	-6.59902	-0.9218077	0	0	0
88.57051	16.61521	-87.2254	-1.602543	0	0	0	0	0	0	0	0.0008529508	-0.07535881	-0.01052676	0	0	0
88.58051	16.61589	-87.27937	-1.609473	0	0	0	0	0	0	0	0.00246435	-0.1966468	-0.02521804	0	0	0
88.59052	16.62095	-87.26366	-1.661246	0	0	0	0	0	0	0	0.6070644	1.880468	-6.209499	0	0	0
88.60052	16.63107	-87.23219	-1.764772	0	0	0	0	0	0	0	0.1290663	0.401907	-1.320185	0	0	0
88.61052	16.44118	-87.16899	-1.99216	0	0	0	0	0	0	0	-11.55746	4.37261	-15.52901	0	0	0
88.62052	16.09647	-87.2071	-2.084257	0	0	0	0	0	0	0	-14.9555	-12.5962	-3.084524	0	0	0
88.63052	16.02638	-87.2071	-2.090862	0	0	0	0	0	0	0	-2.609819	-0.07593046	-0.2554776	0	0	0
88.64053	16.02638	-87.2071	-2.090862	0	0	0	0	0	0	0	-0.04102078	-0.001193465	-0.004015563	0	0	0
88.65053	16.02638	-87.2071	-2.090862	0	0	0	0	0	0	0	-0.000179656	-5.226937E-06	-1.758669E-05	0	0	0
88.66053	16.02638	-87.2071	-2.090862	0	0	0	0	0	0	0	-2.823836E-06	-8.224665E-08	-2.761304E-07	0	0	0
88.67053	16.03125	-87.19123	-2.142601	0	0	0	0	0	0	0	0.8234997	2.688844	-8.757933	0	0	0
88.68053	16.04098	-87.15942	-2.246062	0	0	0	0	0	0	0	0.7787699	2.55021	-8.28223	0	0	0
88.69054	15.9055	-87.14348	-2.310921	0	0	0	0	0	0	0	-12.41958	1.466804	-5.955957	0	0	0
88.70054	15.76514	-87.14348	-2.323944	0	0	0	0	0	0	0	-11.64045	0.03173252	-1.179029	0	0	0
88.71054	15.55458	-87.14348	-2.343262	0	0	0	0	0	0	0	-16.23007	0.0001389768	-1.479435	0	0	0
88.72054	15.34401	-87.14348	-2.36232	0	0	0	0	0	0	0	-16.82704	2.184418E-06	-1.512459	0	0	0
88.73055	15.26856	-87.10545	-2.30996	0	0	0	0	0	0	0	-3.209521	6.446325	4.107728	0	0	0
88.74055	15.19838	-87.10545	-2.316224	0	0	0	0	0	0	0	-0.9661993	0.1010221	-0.05151169	0	0	0
88.75055	15.1282	-87.10545	-2.322459	0	0	0	0	0	0	0	-4.616093	0.002185491	-0.408418	0	0	0
88.76055	14.92217	-87.08952	-2.392742	0	0	0	0	0	0	0	-22.42835	0.2862925	-2.896188	0	0	0
88.77055	14.64132	-87.08952	-2.417055	0	0	0	0	0	0	0	-23.6665	0.003269373	-2.039819	0	0	0
88.78056	14.29019	-87.08952	-2.446797	0	0	0	0	0	0	0	-26.74227	1.970723E-05	-2.237531	0	0	0
88.79056	14.14972	-87.08952	-2.458491	0	0	0	0	0	0	0	-3.544873	3.097556E-07	-0.2936572	0	0	0
88.80056	13.79851	-87.08952	-2.487222	0	0	0	0	0	0	0	-12.93213	1.356616E-09	-1.044527	0	0	0
88.81056	13.72826	-87.08952	-2.492882	0	0	0	0	0	0	0	-2.710958	0	-0.217842	0	0	0
88.82056	13.5175	-87.08952	-2.509687	0	0	0	0	0	0	0	-14.09036	0	-1.114754	0	0	0
88.83057	13.30672	-87.08952	-2.526232	0	0	0	0	0	0	0	-9.581438	0	-0.7461395	0	0	0
88.84057	13.02617	-87.14348	-2.554808	0	0	0	0	0	0	0	-4.777886	-3.590796	-0.8266011	0	0	0
88.85057	12.81922	-87.12753	-2.622544	0	0	0	0	0	0	0	-13.61975	0.0392	-1.288069	0	0	0
88.86057	12.75278	-87.11154	-2.679593	0	0	0	0	0	0	0	-2.774673	3.741524	-12.39542	0	0	0
88.87057	12.75278	-87.11154	-2.679593	0	0	0	0	0	0	0	-0.00882898	0.01190549	-0.0394421	0	0	0
88.88058	12.74505	-87.14348	-2.576003	0	0	0	0	0	0	0	-0.4822934	-1.991058	6.467425	0	0	0
88.89058	12.74505	-87.14348	-2.576003	0	0	0	0	0	0	0	-0.01043383	-0.04307412	0.1399149	0	0	0
88.90058	12.74505	-87.14348	-2.576003	0	0	0	0	0	0	0	-3.320034E-05	-0.0001370614	0.0004452077	0	0	0
88.91058	12.74505	-87.14348	-2.576003	0	0	0	0	0	0	0	-2.754305E-07	-1.137184E-06	3.693844E-06	0	0	0
88.92059	12.67477	-87.14348	-2.581229	0	0	0	0	0	0	0	-2.433674	-6.854999E-09	-0.1804599	0	0	0
88.93059	12.60448	-87.14348	-2.586426	0	0	0	0	0	0	0	-9.444666	0	-0.696429	0	0	0
88.94059	12.53419	-87.14348	-2.591595	0	0	0	0	0	0	0	-9.105656	0	-0.6676667	0	0	0
88.95059	12.32331	-87.14348	-2.606927	0	0	0	0	0	0	0	-13.48384	0	-0.9719725	0	0	0
88.96059	12.1864	-87.12753	-2.668815	0	0	0	0	0	0	0	-1.60773	0.01220761	-0.1543694	0	0	0
88.9706	12.11975	-87.11154	-2.725617	0	0	0	0	0	0	0	-16.73815	0.29638	-2.150805	0	0	0
88.9806	11.97905	-87.11154	-2.735526	0	0	0	0	0	0	0	-12.25866	0.001786593	-0.8641425	0	0	0
88.9906	11.83834	-87.11154	-2.74532	0	0	0	0	0	0	0	-18.60475	2.040235E-05	-1.287357	0	0	0
89.0006	11.62727	-87.11154	-2.759794	0	0	0	0	0	0	0	-7.929994	1.229863E-07	-0.5388603	0	0	0
89.0106	11.34582	-87.11154	-2.778687	0	0	0	0	0	0	0	-18.61818	1.933082E-09	-1.234384	0	0	0
89.02061	10.92357	-87.11154	-2.806158	0	0	0	0	0	0	0	-29.34548	0	-1.872895	0	0	0
89.03061	10.64849	-87.07952	-2.927545	0	0	0	0	0	0	0	-18.30383	3.891541	-13.76479	0	0	0
89.04061	10.44035	-87.06348	-2.992371	0	0	0	0	0	0	0	-20.25719	1.467368	-5.988238	0	0	0
89.05061	10.44035	-87.06348	-2.992371	0	0	0	0	0	0	0	-0.3183998	0.02306389	-0.09412231	0	0	0
89.06062	10.44035	-87.06348	-2.992371	0	0	0	0	0	0	0	-0.001394474	0.0001010114	-0.0004122211	0	0	0
89.07062	10.5108	-87.06348	-2.988063	0	0	0	0	0	0	0	0.6577445	1.153519E-06	0.04034587	0	0	0
89.08062	10.50763	-87.07952	-2.936245	0	0	0	0	0	0	0	-0.03953411	-0.2138982	0.6915717	0	0	0
89.09062	10.50763	-87.07952	-2.936245	0	0	0	0	0	0	0	-0.0006213918	-0.003362023	0.01087003	0	0	0
89.10062	10.5108	-87.06348	-2.988063	0	0	0	0	0	0	0	0.3937316	1.988503	-6.418271	0	0	0
89.11063	10.51716	-87.03133	-3.091681	0	0	0	0	0	0	0	0.7152659	3.622815	-11.65965	0	0	0
89.12063	10.52034	-87.01522	-3.14348	0	0	0	0	0	0	0	0.3721026	1.887411	-6.065696	0	0	0
89.13063	10.52034	-87.01522	-3.14348	0	0	0	0	0	0	0	0.005848659	0.02966608	-0.09533979	0	0	0
89.14063	10.52034	-87.01522	-3.14348	0	0	0	0	0	0	0	2.561498E-05	0.0001299265	-0.0004175532	0	0	0
89.15063	10.52034	-87.01522	-3.14348	0	0	0	0	0	0	0	5.541489E-07	2.810802E-06	-9.033257E-06	0	0	0
89.16064	10.52034	-87.01522	-3.14348	0	0	0	0	0	0	0	1.763296E-09	8.943942E-09	-2.874373E-08	0	0	0
89.17064	10.52034	-87.01522	-3.14348	0	0	0	0	0	0	0	0	0	0	0	0	0
89.18064	10.52352	-86.99909	-3.195273	0	0	0	0	0	0	0	0.1543324	0.7839447	-2.515794	0	0	0
89.19064	10.45298	-86.99909	-3.199586	0	0	0	0	0	0	0	-0.9755598	0.02334301	-0.1346347	0	0	0
89.20065	10.45298	-86.99909	-3.199586	0	0	0	0	0	0	0	-0.005880721	0.0001407128	-0.0008115841	0	0	0
89.21065	10.45298	-86.99909	-3.199586	0	0	0	0	0	0	0	-9.243238E-05	2.211704E-06	-1.275637E-05	0	0	0
89.22065	10.45298	-86.99909	-3.199586	0	0	0	0	0	0	0	-4.048198E-07	9.686453E-09	-5.586821E-08	0	0	0
89.23065	10.45298	-86.99909	-3.199586	0	0	0	0	0	0	0	-4.644551E-09	0	-2.830049E-10	0	0	0
89.24065	10.3887	-86.96677	-3.30744	0	0	0	0	0	0	0	-1.70062	3.914401	-12.67531	0	0	0
89.25066	10.18308	-86.93437	-3.423677	0	0	0	0	0	0	0	-19.1816	4.753818	-16.36079	0	0	0
89.26066	9.900531	-86.93437	-3.440193	0	0	0	0	0	0	0	-15.98887	0.02081998	-0.9881306	0	0	0
89.27066	9.623755	-86.90189	-3.55979	0	0	0	0	0	0	0	-24.51905	1.786389	-7.07596	0	0	0
89.28066	9.340984	-86.90189	-3.575387	0	0	0	0	0	0	0	-19.94135	0.03864636	-1.20682	0	0	0
89.29066	8.990193	-86.88561	-3.646002	0	0	0	0	0	0	0	-22.67171	0.2229802	-1.89579	0	0	0
89.30067	8.568398	-86.86932	-3.719432	0	0	0	0	0	0	0	-34.90434	0.415711	-3.061121	0	0	0
89.31067	8.014026	-86.73355	-3.998559	0	0	0	0	0	0	0	-34.30663	3.763241	-12.83862	0	0	0
89.32067	7.595619	-86.68422	-4.173028	0	0	0	0	0	0	0	-31.72828	2.122865	-8.064927	0	0	0
89.33067	7.249579	-86.61814	-4.395165	0	0	0	0	0	0	0	-23.51862	3.822945	-12.94472	0	0	0
89.34068	6.971692	-86.56837	-4.561959	0	0	0	0	0	0	0	-5.570815	1.12168	-3.718149	0	0	0
89.35068	6.831803	-86.6057	-4.626259	0	0	0	0	0	0	0	-12.54334	-0.3414649	-1.11514	0	0	0
89.36068	6.831803	-86.6057	-4.626259	0	0	0	0	0	0	0	-0.05493524	-0.001495491	-0.004883904	0	0	0
89.37068	6.831803	-86.6057	-4.626259	0	0	0	0	0	0	0	-0.001188457	-3.235313E-05	-0.0001056573	0	0	0
89.38068	6.831803	-86.6057	-4.626259	0	0	0	0	0	0	0	-3.781658E-06	-1.029473E-07	-3.362005E-07	0	0	0
89.39069	6.831803	-86.6057	-4.626259	0	0	0	0	0	0	0	-5.943959E-08	-1.618112E-09	-5.284353E-09	0	0	0
89.40069	6.833844	-86.58904	-4.677941	0	0	0	0	0	0	0	0.01442675	0.1177954	-0.3652748	0	0	0
89.41069	6.833844	-86.58904	-4.677941	0	0	0	0	0	0	0	0.0001196973	0.0009773362	-0.003030647	0	0	0
89.42069	6.762695	-86.58904	-4.680737	0	0	0	0	0	0	0	-12.24482	5.891429E-06	-0.4785921	0	0	0
89.43069	6.762695	-86.58904	-4.680737	0	0	0	0	0	0	0	-0.02830819	1.36201E-08	-0.001106433	0	0	0
89.4407	6.762695	-86.58904	-4.680737	0	0	0	0	0	0	0	-0.0004449444	0	-1.739011E-05	0	0	0
89.4507	6.762695	-86.58904	-4.680737	0	0	0	0	0	0	0	-1.948693E-06	0	-7.616228E-08	0	0	0
89.4607	6.762695	-86.58904	-4.680737	0	0	0	0	0	0	0	-3.062929E-08	0	-1.197108E-09	0	0	0
89.4707	6.762695	-86.58904	-4.680737	0	0	0	0	0	0	0	0	0	0	0	0	0
89.48071	6.762695	-86.58904	-4.680737	0	0	0	0	0	0	0	0	0	0	0	0	0
89.49071	6.762695	-86.58904	-4.680737	0	0	0	0	0	0	0	0	0	0	0	0	0
89.50071	6.762695	-86.58904	-4.680737	0	0	0	0	0	0	0	0	0	0	0	0	0
89.51071	6.762695	-86.58904	-4.680737	0	0	0	0	0	0	0	0	0	0	0	0	0
89.52071	6.764714	-86.57237	-4.732414	0	0	0	0	0	0	0	0.03693461	0.3051718	-0.9450113	0	0	0
89.53072	6.764714	-86.57237	-4.732414	0	0	0	0	0	0	0	0.00016176	0.001336541	-0.004138802	0	0	0
89.54072	6.766734	-86.55567	-4.784083	0	0	0	0	0	0	0	0.03815358	0.3156832	-0.9761999	0	0	0
89.55072	6.766734	-86.55567	-4.784083	0	0	0	0	0	0	0	0.0001670987	0.001382576	-0.004275397	0	0	0
89.56072	6.766734	-86.55567	-4.784083	0	0	0	0	0	0	0	7.318308E-07	6.055177E-06	-1.872467E-05	0	0	0
89.57072	6.766734	-86.55567	-4.784083	0	0	0	0	0	0	0	6.488639E-10	5.368707E-09	-1.660187E-08	0	0	0
89.58073	6.766734	-86.55567	-4.784083	0	0	0	0	0	0	0	0	0	0	0	0	0
89.59073	6.766734	-86.55567	-4.784083	0	0	0	0	0	0	0	0	0	0	0	0	0
89.60073	6.695541	-86.55567	-4.786851	0	0	0	0	0	0	0	-3.321671	0	-0.1284555	0	0	0
89.61073	6.562926	-86.47187	-5.050559	0	0	0	0	0	0	0	-6.709087	6.128608	-19.10238	0	0	0
89.62074	6.495489	-86.4382	-5.1565	0	0	0	0	0	0	0	0.1396645	5.117673	-15.69038	0	0	0
89.63074	6.427965	-86.40445	-5.262388	0	0	0	0	0	0	0	-0.2954384	1.747781	-5.356423	0	0	0
89.64074	6.358464	-86.38754	-5.316623	0	0	0	0	0	0	0	-8.839478	0.4646666	-1.742817	0	0	0
89.65074	6.358464	-86.38754	-5.316623	0	0	0	0	0	0	0	-0.1389377	0.007303567	-0.02739336	0	0	0
89.66074	6.215639	-86.38754	-5.321793	0	0	0	0	0	0	0	-4.887916	4.402624E-05	-0.1750709	0	0	0
89.67075	6.001394	-86.38754	-5.329329	0	0	0	0	0	0	0	-21.28471	5.027663E-07	-0.7354831	0	0	0
89.68075	5.644298	-86.38754	-5.3413	0	0	0	0	0	0	0	-23.18556	3.030699E-09	-0.7534413	0	0	0
89.69075	5.433255	-86.35366	-5.451342	0	0	0	0	0	0	0	-23.5663	1.372109	-4.915113	0	0	0
89.70075	5.363379	-86.33669	-5.505157	0	0	0	0	0	0	0	-1.697958	0.1885601	-0.6257964	0	0	0
89.71075	5.364971	-86.31969	-5.556746	0	0	0	0	0	0	0	-0.01518309	0.1259762	-0.3830393	0	0	0
89.72076	5.364971	-86.31969	-5.556746	0	0	0	0	0	0	0	-0.0003284676	0.002725341	-0.008286589	0	0	0
89.73076	5.364971	-86.31969	-5.556746	0	0	0	0	0	0	0	-5.162809E-06	4.283655E-05	-0.0001302475	0	0	0
89.74076	5.364971	-86.31969	-5.556746	0	0	0	0	0	0	0	-4.283529E-08	3.554103E-07	-1.08065E-06	0	0	0
89.75076	5.29346	-86.31969	-5.558937	0	0	0	0	0	0	0	-4.86842	7.68887E-09	-0.1481855	0	0	0
89.76077	5.150436	-86.31969	-5.563231	0	0	0	0	0	0	0	-9.973444	0	-0.2953633	0	0	0
89.77077	4.864377	-86.31969	-5.571467	0	0	0	0	0	0	0	-18.37473	0	-0.5139194	0	0	0
89.78077	4.649825	-86.31969	-5.577336	0	0	0	0	0	0	0	-19.0504	0	-0.5092989	0	0	0
89.79077	4.363743	-86.31969	-5.584749	0	0	0	0	0	0	0	-21.20808	0	-0.5320768	0	0	0
89.80077	4.077651	-86.31969	-5.591691	0	0	0	0	0	0	0	-13.10363	0	-0.3071836	0	0	0
89.81078	3.791547	-86.31969	-5.598162	0	0	0	0	0	0	0	-20.95332	0	-0.4567193	0	0	0
89.82078	3.364232	-86.23168	-5.703234	0	0	0	0	0	0	0	-18.11241	4.805302	-12.65444	0	0	0
89.83078	3.151385	-86.19756	-5.810413	0	0	0	0	0	0	0	-3.832482	1.220331	-3.750175	0	0	0
89.84078	3.010827	-86.1462	-5.967637	0	0	0	0	0	0	0	-3.348204	1.686521	-5.129149	0	0	0
89.85078	2.939147	-86.1462	-5.96886	0	0	0	0	0	0	0	-4.58993	0.002832777	-0.08590769	0	0	0
89.86079	2.939147	-86.1462	-5.96886	0	0	0	0	0	0	0	-0.02766831	1.707611E-05	-0.0005178556	0	0	0
89.87079	2.939147	-86.1462	-5.96886	0	0	0	0	0	0	0	-0.0002295611	1.416787E-07	-4.296594E-06	0	0	0
89.88079	2.867467	-86.1462	-5.970054	0	0	0	0	0	0	0	-6.513729	3.065047E-09	-0.1071472	0	0	0
89.89079	2.724106	-86.1462	-5.972353	0	0	0	0	0	0	0	-10.75284	0	-0.1680328	0	0	0
89.90079	2.652424	-86.1462	-5.973459	0	0	0	0	0	0	0	-2.783669	0	-0.042355	0	0	0
89.9108	2.50906	-86.1462	-5.975581	0	0	0	0	0	0	0	-10.16475	0	-0.1463008	0	0	0
89.9208	2.509802	-86.12904	-6.027133	0	0	0	0	0	0	0	-0.2501387	0.4588126	-1.381299	0	0	0
89.9308	2.509802	-86.12904	-6.027133	0	0	0	0	0	0	0	-0.005411446	0.009925852	-0.02988272	0	0	0
89.9408	2.509802	-86.12904	-6.027133	0	0	0	0	0	0	0	-6.179707E-05	0.0001133502	-0.0003412516	0	0	0
89.95081	2.509802	-86.12904	-6.027133	0	0	0	0	0	0	0	-1.336904E-06	2.452194E-06	-7.382564E-06	0	0	0
89.96081	2.509802	-86.12904	-6.027133	0	0	0	0	0	0	0	-3.980814E-08	7.301739E-08	-2.198258E-07	0	0	0
89.97081	2.509802	-86.12904	-6.027133	0	0	0	0	0	0	0	2.617706E-11	6.058176E-10	-1.818741E-09	0	0	0
89.98081	2.509802	-86.12904	-6.027133	0	0	0	0	0	0	0	0	0	0	0	0	0
89.99081	2.509802	-86.12904	-6.027133	0	0	0	0	0	0	0	0	0	0	0	0	0
90.00082	2.509802	-86.12904	-6.027133	0	0	0	0	0	0	0	0	0	0	0	0	0
90.01082	2.509802	-86.12904	-6.027133	0	0	0	0	0	0	0	0	0	0	0	0	0
90.02082	2.509802	-86.12904	-6.027133	0	0	0	0	0	0	0	0	0	0	0	0	0
90.03082	2.509802	-86.12904	-6.027133	0	0	0	0	0	0	0	0	0	0	0	0	0
90.04082	2.509802	-86.12904	-6.027133	0	0	0	0	0	0	0	0	0	0	0	0	0
90.05083	2.438098	-86.12904	-6.028151	0	0	0	0	0	0	0	-4.797151	0	-0.0670722	0	0	0
90.06083	2.366394	-86.12904	-6.029139	0	0	0	0	0	0	0	-3.44021	0	-0.04668501	0	0	0
90.07083	2.222984	-86.12904	-6.031026	0	0	0	0	0	0	0	-2.882028	0	-0.03673968	0	0	0
90.08083	2.079573	-86.12904	-6.032795	0	0	0	0	0	0	0	-4.128044	0	-0.0492283	0	0	0
90.09084	1.93616	-86.12904	-6.034446	0	0	0	0	0	0	0	-4.09658	0	-0.04548361	0	0	0
90.10084	1.792746	-86.12904	-6.035979	0	0	0	0	0	0	0	-2.791837	0	-0.02870102	0	0	0
90.11084	1.721039	-86.12904	-6.036702	0	0	0	0	0	0	0	-2.54228	0	-0.02509	0	0	0
90.12084	1.721039	-86.12904	-6.036702	0	0	0	0	0	0	0	-0.008089508	0	-7.983611E-05	0	0	0
90.13084	1.721039	-86.12904	-6.036702	0	0	0	0	0	0	0	-0.0001271498	0	-1.254853E-06	0	0	0
90.14085	1.721039	-86.12904	-6.036702	0	0	0	0	0	0	0	-7.66465E-07	0	-7.564315E-09	0	0	0
90.15085	1.649331	-86.12904	-6.037395	0	0	0	0	0	0	0	-12.50902	0	-0.1183085	0	0	0
90.16085	1.577623	-86.12904	-6.038058	0	0	0	0	0	0	0	-12.37711	0	-0.1119711	0	0	0
90.17085	1.505915	-86.12904	-6.038692	0	0	0	0	0	0	0	-4.974482	0	-0.04295659	0	0	0
90.18085	1.362497	-86.12904	-6.039872	0	0	0	0	0	0	0	-9.424211	0	-0.07363077	0	0	0
90.19086	1.290788	-86.12904	-6.040417	0	0	0	0	0	0	0	-4.917964	0	-0.03640137	0	0	0
90.20086	1.07566	-86.12904	-6.041877	0	0	0	0	0	0	0	-14.33548	0	-0.0884221	0	0	0
90.21086	0.93224	-86.12904	-6.042703	0	0	0	0	0	0	0	-11.16352	0	-0.05967609	0	0	0
90.22086	0.5736879	-86.12904	-6.04425	0	0	0	0	0	0	0	-16.59467	0	-0.05458988	0	0	0
90.23087	0.2868443	-86.12904	-6.044958	0	0	0	0	0	0	0	-23.28369	0	-0.03829694	0	0	0
90.24087	0	-86.12904	-6.045194	0	0	0	0	0	0	0	-22.23247	0	0	0	0	0
90.25087	-0.2867595	-86.1462	-5.993401	0	0	0	0	0	0	0	-26.76303	-0.08441871	0.2978269	0	0	0
90.26087	-0.5735182	-86.1462	-5.992693	0	0	0	0	0	0	0	-20.79276	-0.0003697229	0.0695115	0	0	0
90.27087	-0.7168971	-86.1462	-5.992163	0	0	0	0	0	0	0	-13.96716	-5.811255E-06	0.05745061	0	0	0
90.28088	-0.7885863	-86.1462	-5.991853	0	0	0	0	0	0	0	-0.7253293	-9.760919E-09	0.003280852	0	0	0
90.29088	-0.7885863	-86.1462	-5.991853	0	0	0	0	0	0	0	-0.003176676	0	1.43688E-05	0	0	0
90.30088	-0.7883531	-86.16334	-5.940289	0	0	0	0	0	0	0	0.05328187	-3.91778	11.79483	0	0	0
90.31088	-0.860021	-86.16334	-5.93995	0	0	0	0	0	0	0	-0.9499909	-0.01246634	0.04221951	0	0	0
90.32088	-0.9316887	-86.16334	-5.939582	0	0	0	0	0	0	0	-1.870311	-0.000269694	0.01080996	0	0	0
90.33089	-0.9316887	-86.16334	-5.939582	0	0	0	0	0	0	0	-0.008191277	-1.181161E-06	4.734367E-05	0	0	0
90.34089	-0.9314131	-86.18046	-5.888011	0	0	0	0	0	0	0	0.02443674	-1.520576	4.584054	0	0	0
90.35089	-1.00306	-86.18046	-5.887613	0	0	0	0	0	0	0	-11.95926	-0.009166105	0.0964814	0	0	0
90.36089	-1.074706	-86.18046	-5.887186	0	0	0	0	0	0	0	-9.649134	-0.0001440716	0.0599508	0	0	0
90.3709	-1.146306	-86.1265	-5.879766	0	0	0	0	0	0	0	-9.030478	0.9999294	0.1886505	0	0	0
90.3809	-1.217949	-86.1265	-5.879281	0	0	0	0	0	0	0	-9.129056	0.01141889	0.06529246	0	0	0
90.3909	-1.217949	-86.1265	-5.879281	0	0	0	0	0	0	0	-0.05503038	6.883366E-05	0.0003935859	0	0	0
90.4009	-1.28954	-86.07253	-5.87178	0	0	0	0	0	0	0	-0.9738767	1.00547	0.1375768	0	0	0
90.4109	-1.432819	-86.07253	-5.870661	0	0	0	0	0	0	0	-12.14681	0.003199394	0.1003122	0	0	0
90.42091	-1.504458	-86.07253	-5.870057	0	0	0	0	0	0	0	-9.03837	5.028764E-05	0.07805639	0	0	0
90.43091	-1.576097	-86.07253	-5.869423	0	0	0	0	0	0	0	-17.06358	2.202414E-07	0.1543678	0	0	0
90.44091	-1.64767	-86.01858	-5.861754	0	0	0	0	0	0	0	-8.879656	1.356393	0.2604172	0	0	0
90.45091	-1.790868	-85.96462	-5.853311	0	0	0	0	0	0	0	-5.597419	0.4066254	0.1106049	0	0	0
90.46091	-2.005764	-85.96462	-5.850969	0	0	0	0	0	0	0	-15.52756	0.006391283	0.1796196	0	0	0
90.47092	-2.292286	-85.96462	-5.847435	0	0	0	0	0	0	0	-11.6903	3.852695E-05	0.1538392	0	0	0
90.48092	-2.722057	-85.96462	-5.841249	0	0	0	0	0	0	0	-24.28018	2.322423E-07	0.3794223	0	0	0
90.49092	-3.080063	-85.91067	-5.828235	0	0	0	0	0	0	0	-23.19202	0.2666462	0.4450232	0	0	0
90.50092	-3.724486	-85.85672	-5.808571	0	0	0	0	0	0	0	-34.89324	2.504253	1.075136	0	0	0
90.51093	-4.225766	-85.85672	-5.79713	0	0	0	0	0	0	0	-35.02977	0.02859781	0.8537711	0	0	0
90.52093	-4.798615	-85.85672	-5.782286	0	0	0	0	0	0	0	-35.59431	0.000172389	0.9809057	0	0	0
90.53093	-5.228005	-85.80277	-5.762825	0	0	0	0	0	0	0	-35.29522	1.378636	1.241484	0	0	0
90.54093	-5.800736	-85.80277	-5.744685	0	0	0	0	0	0	0	-31.86318	0.008310486	1.062758	0	0	0
90.55093	-6.087078	-85.80277	-5.734909	0	0	0	0	0	0	0	-16.25682	0.0001306231	0.5684555	0	0	0
90.56094	-6.439257	-85.854	-5.567375	0	0	0	0	0	0	0	-27.85478	-6.402021	20.42418	0	0	0
90.57094	-6.791047	-85.95899	-5.406157	0	0	0	0	0	0	0	-22.4857	-10.50832	11.64934	0	0	0
90.58094	-7.005387	-85.95899	-5.397648	0	0	0	0	0	0	0	-19.30138	-0.2273347	1.011237	0	0	0
90.59094	-7.148274	-85.95899	-5.391828	0	0	0	0	0	0	0	-10.74608	-0.003573216	0.4457895	0	0	0
90.60094	-7.291156	-85.95899	-5.38589	0	0	0	0	0	0	0	-10.45177	-2.96466E-05	0.4386587	0	0	0
90.61095	-7.288992	-85.97596	-5.334316	0	0	0	0	0	0	0	-0.361641	-1.136659	3.47793	0	0	0
90.62095	-7.286827	-85.99291	-5.282734	0	0	0	0	0	0	0	0.2671144	-2.152396	6.554938	0	0	0
90.63095	-7.284662	-86.00984	-5.231146	0	0	0	0	0	0	0	0.1418986	-1.109306	3.38278	0	0	0
90.64095	-7.284662	-86.00984	-5.231146	0	0	0	0	0	0	0	0.003069804	-0.02399848	0.07318232	0	0	0
90.65096	-7.284662	-86.00984	-5.231146	0	0	0	0	0	0	0	4.825076E-05	-0.0003772049	0.00115027	0	0	0
90.66096	-7.284662	-86.00984	-5.231146	0	0	0	0	0	0	0	4.005178E-07	-3.12963E-06	9.54366E-06	0	0	0
90.67096	-7.284662	-86.00984	-5.231146	0	0	0	0	0	0	0	6.295285E-09	-4.919109E-08	1.500059E-07	0	0	0
90.68096	-7.284662	-86.00984	-5.231146	0	0	0	0	0	0	0	0	0	0	0	0	0
90.69096	-7.356038	-86.00984	-5.228136	0	0	0	0	0	0	0	-1.281539	0	0.05431011	0	0	0
90.70097	-7.356038	-86.00984	-5.228136	0	0	0	0	0	0	0	-0.02014305	0	0.0008536389	0	0	0
90.71097	-7.356038	-86.00984	-5.228136	0	0	0	0	0	0	0	-0.0001671248	0	7.082552E-06	0	0	0
90.72097	-7.356038	-86.00984	-5.228136	0	0	0	0	0	0	0	-1.908514E-06	0	8.08806E-08	0	0	0
90.73097	-7.356038	-86.00984	-5.228136	0	0	0	0	0	0	0	-6.072872E-09	0	2.573612E-10	0	0	0
90.74097	-7.427413	-86.00984	-5.225096	0	0	0	0	0	0	0	-2.401624	0	0.1027674	0	0	0
90.75098	-7.498786	-86.00984	-5.222027	0	0	0	0	0	0	0	-2.479914	0	0.1071391	0	0	0
90.76098	-7.498786	-86.00984	-5.222027	0	0	0	0	0	0	0	-0.05364992	0	0.002317823	0	0	0
90.77098	-7.570158	-86.00984	-5.218929	0	0	0	0	0	0	0	-16.79057	0	0.7323158	0	0	0
90.78098	-7.570158	-86.00984	-5.218929	0	0	0	0	0	0	0	-0.1393096	0	0.006075947	0	0	0
90.79099	-7.570158	-86.00984	-5.218929	0	0	0	0	0	0	0	-0.002189649	0	9.550091E-05	0	0	0
90.80099	-7.570158	-86.00984	-5.218929	0	0	0	0	0	0	0	-1.319931E-05	0	5.75684E-07	0	0	0
90.81099	-7.570158	-86.00984	-5.218929	0	0	0	0	0	0	0	-2.07465E-07	0	9.048523E-09	0	0	0
90.82099	-7.570158	-86.00984	-5.218929	0	0	0	0	0	0	0	-4.488252E-09	0	1.957538E-10	0	0	0
90.83099	-7.570158	-86.00984	-5.218929	0	0	0	0	0	0	0	0	0	0	0	0	0
90.841	-7.570158	-86.00984	-5.218929	0	0	0	0	0	0	0	0	0	0	0	0	0
90.851	-7.641529	-86.00984	-5.215802	0	0	0	0	0	0	0	-4.619292	0	0.2033722	0	0	0
90.861	-7.641529	-86.00984	-5.215802	0	0	0	0	0	0	0	-0.05275091	0	0.002322448	0	0	0
90.871	-7.641529	-86.00984	-5.215802	0	0	0	0	0	0	0	-0.0004376688	0	1.926911E-05	0	0	0
90.881	-7.641529	-86.00984	-5.215802	0	0	0	0	0	0	0	-4.998045E-06	0	2.200474E-07	0	0	0
90.89101	-7.641529	-86.00984	-5.215802	0	0	0	0	0	0	0	-2.18896E-08	0	9.637268E-10	0	0	0
90.90101	-7.641529	-86.00984	-5.215802	0	0	0	0	0	0	0	0	0	0	0	0	0
90.91101	-7.641529	-86.00984	-5.215802	0	0	0	0	0	0	0	0	0	0	0	0	0
90.92101	-7.639257	-86.02675	-5.164211	0	0	0	0	0	0	0	0.1488363	-1.107161	3.380591	0	0	0
90.93102	-7.639257	-86.02675	-5.164211	0	0	0	0	0	0	0	0.003219892	-0.02395207	0.07313498	0	0	0
90.94102	-7.639257	-86.02675	-5.164211	0	0	0	0	0	0	0	1.940966E-05	-0.0001443842	0.0004408612	0	0	0
90.95102	-7.636985	-86.04363	-5.112613	0	0	0	0	0	0	0	0.04114577	-0.3056525	0.9345641	0	0	0
90.96102	-7.636985	-86.04363	-5.112613	0	0	0	0	0	0	0	0.0008901386	-0.00661242	0.02021816	0	0	0
90.97102	-7.708313	-86.04363	-5.109458	0	0	0	0	0	0	0	-17.10122	-2.895997E-05	0.7600446	0	0	0
90.98103	-7.708313	-86.04363	-5.109458	0	0	0	0	0	0	0	-0.2687946	-4.551889E-07	0.01194628	0	0	0
90.99103	-7.708313	-86.04363	-5.109458	0	0	0	0	0	0	0	-0.001620307	-2.7439E-09	7.201273E-05	0	0	0
91.00103	-7.708313	-86.04363	-5.109458	0	0	0	0	0	0	0	-2.546777E-05	0	1.131754E-06	0	0	0
91.01103	-7.708313	-86.04363	-5.109458	0	0	0	0	0	0	0	-1.535209E-07	0	6.822269E-09	0	0	0
91.02103	-7.708313	-86.04363	-5.109458	0	0	0	0	0	0	0	0	0	0	0	0	0
91.03104	-7.708313	-86.04363	-5.109458	0	0	0	0	0	0	0	0	0	0	0	0	0
91.04104	-7.708313	-86.04363	-5.109458	0	0	0	0	0	0	0	0	0	0	0	0	0
91.05104	-7.708313	-86.04363	-5.109458	0	0	0	0	0	0	0	0	0	0	0	0	0
91.06104	-7.708313	-86.04363	-5.109458	0	0	0	0	0	0	0	0	0	0	0	0	0
91.07104	-7.636985	-86.04363	-5.112613	0	0	0	0	0	0	0	9.556626	0	-0.4207467	0	0	0
91.08105	-7.636985	-86.04363	-5.112613	0	0	0	0	0	0	0	0.3569557	0	-0.01571558	0	0	0
91.09105	-7.637297	-86.09758	-5.119679	0	0	0	0	0	0	0	-0.0006241929	-1.449718	-0.1899252	0	0	0
91.10105	-7.637297	-86.09758	-5.119679	0	0	0	0	0	0	0	-5.178863E-06	-0.01202816	-0.00157579	0	0	0
91.11105	-7.637607	-86.15154	-5.126723	0	0	0	0	0	0	0	-0.02783429	-4.850114	-0.6322575	0	0	0
91.12106	-7.637607	-86.15154	-5.126723	0	0	0	0	0	0	0	-0.0004374956	-0.07623343	-0.009937736	0	0	0
91.13106	-7.70894	-86.15154	-5.123568	0	0	0	0	0	0	0	-2.510175	-0.0004595387	0.1114889	0	0	0
91.14106	-7.70894	-86.15154	-5.123568	0	0	0	0	0	0	0	-0.03945458	-7.222967E-06	0.001752367	0	0	0
91.15106	-7.70894	-86.15154	-5.123568	0	0	0	0	0	0	0	-0.0002378341	-4.354039E-08	1.056335E-05	0	0	0
91.16106	-7.70894	-86.15154	-5.123568	0	0	0	0	0	0	0	-2.71599E-06	0	1.206951E-07	0	0	0
91.17107	-7.70894	-86.15154	-5.123568	0	0	0	0	0	0	0	-1.637212E-08	0	7.275556E-10	0	0	0
91.18107	-7.70894	-86.15154	-5.123568	0	0	0	0	0	0	0	0	0	0	0	0	0
91.19107	-7.70894	-86.15154	-5.123568	0	0	0	0	0	0	0	0	0	0	0	0	0
91.20107	-7.773327	-86.20206	-4.965555	0	0	0	0	0	0	0	-2.041038	-3.164267	9.826016	0	0	0
91.21107	-7.982364	-86.23565	-4.852586	0	0	0	0	0	0	0	-11.2045	-0.9367738	3.406413	0	0	0
91.22108	-8.048782	-86.26915	-4.746016	0	0	0	0	0	0	0	-3.408577	-3.017719	9.494523	0	0	0
91.23108	-8.257376	-86.30257	-4.632661	0	0	0	0	0	0	0	-18.51253	-2.068827	7.302332	0	0	0
91.24108	-8.326018	-86.31924	-4.577595	0	0	0	0	0	0	0	-1.859695	-1.480088	4.688083	0	0	0
91.25108	-8.534232	-86.35253	-4.463866	0	0	0	0	0	0	0	-9.588445	-4.339041	13.99319	0	0	0
91.26109	-8.81319	-86.38574	-4.34625	0	0	0	0	0	0	0	-16.62011	-2.471988	8.572692	0	0	0
91.27109	-9.094505	-86.40231	-4.279842	0	0	0	0	0	0	0	-17.96885	-0.4473501	2.346608	0	0	0
91.28109	-9.443753	-86.43539	-4.157413	0	0	0	0	0	0	0	-28.12795	-2.930732	10.73832	0	0	0
91.29109	-9.869333	-86.43539	-4.133589	0	0	0	0	0	0	0	-31.24399	-0.009325558	1.817023	0	0	0
91.30109	-10.15302	-86.43539	-4.117123	0	0	0	0	0	0	0	-23.68954	-0.0002017471	1.39522	0	0	0
91.3111	-10.43668	-86.43539	-4.10019	0	0	0	0	0	0	0	-12.98798	-8.835783E-07	0.7860347	0	0	0
91.3211	-10.64941	-86.43539	-4.087183	0	0	0	0	0	0	0	-13.98175	-1.388796E-08	0.8634872	0	0	0
91.3311	-10.78798	-86.4519	-4.026698	0	0	0	0	0	0	0	-4.506257	-2.79785	9.07984	0	0	0
91.3411	-10.8556	-86.46838	-3.970573	0	0	0	0	0	0	0	-0.9664471	-2.115246	6.721813	0	0	0
91.3511	-10.91663	-86.51772	-3.811035	0	0	0	0	0	0	0	-5.663738	-3.718103	12.11751	0	0	0
91.36111	-10.98082	-86.5505	-3.703128	0	0	0	0	0	0	0	-4.137583	-2.914936	9.508858	0	0	0
91.37111	-11.04492	-86.5832	-3.59517	0	0	0	0	0	0	0	-4.143341	-2.044483	6.768887	0	0	0
91.38111	-11.1056	-86.63209	-3.435427	0	0	0	0	0	0	0	-0.8123763	-5.117956	16.40097	0	0	0
91.39111	-11.24009	-86.66457	-3.32275	0	0	0	0	0	0	0	-9.134578	-3.039615	10.33591	0	0	0
91.40112	-11.30386	-86.69698	-3.214604	0	0	0	0	0	0	0	-4.12153	-2.930313	9.686403	0	0	0
91.41112	-11.43805	-86.72929	-3.10172	0	0	0	0	0	0	0	-8.82607	-3.040295	10.38564	0	0	0
91.42112	-11.57507	-86.69147	-3.033448	0	0	0	0	0	0	0	-2.576287	0.3579897	0.7793927	0	0	0
91.43112	-11.71601	-86.69147	-3.023871	0	0	0	0	0	0	0	-10.20371	0.005626834	0.7070952	0	0	0
91.44112	-11.71247	-86.70758	-2.972095	0	0	0	0	0	0	0	-0.6517828	-0.2176543	0.7488369	0	0	0
91.45113	-11.77936	-86.72366	-2.915484	0	0	0	0	0	0	0	-3.30601	-0.5657515	2.05857	0	0	0
91.46113	-11.7758	-86.73972	-2.863697	0	0	0	0	0	0	0	-0.02303254	-0.2306492	0.7492099	0	0	0
91.47113	-11.76511	-86.78779	-2.708296	0	0	0	0	0	0	0	1.006998	-4.520119	14.64595	0	0	0
91.48113	-11.75798	-86.81973	-2.604663	0	0	0	0	0	0	0	0.7172718	-3.209283	10.42882	0	0	0
91.49113	-11.74729	-86.86748	-2.449165	0	0	0	0	0	0	0	0.1694812	-0.7550004	2.464165	0	0	0
91.50114	-11.72945	-86.94663	-2.189872	0	0	0	0	0	0	0	0.923861	-4.085614	13.43244	0	0	0
91.51114	-11.71875	-86.99387	-2.03422	0	0	0	0	0	0	0	0.9375424	-4.127882	13.63136	0	0	0
91.52114	-11.78163	-87.02526	-1.925589	0	0	0	0	0	0	0	-8.781878	-3.420469	11.99018	0	0	0
91.53114	-11.8408	-87.07218	-1.764991	0	0	0	0	0	0	0	-11.70526	-3.275665	11.76417	0	0	0
91.54115	-11.90299	-87.04941	-1.649196	0	0	0	0	0	0	0	-5.652738	-2.219993	11.47749	0	0	0
91.55115	-11.96873	-87.01102	-1.585274	0	0	0	0	0	0	0	-3.219862	0.6356292	3.015193	0	0	0
91.56115	-11.96092	-86.98812	-1.474285	0	0	0	0	0	0	0	0.4596215	0.3781154	7.975933	0	0	0
91.57115	-11.94261	-87.06537	-1.21445	0	0	0	0	0	0	0	1.133549	-4.740304	16.11097	0	0	0
91.58115	-11.92746	-87.07285	-0.9993473	0	0	0	0	0	0	0	0.6120218	-2.348424	8.689787	0	0	0
91.59116	-11.9713	-87.1795	-0.6302332	0	0	0	0	0	0	0	0.4119886	-4.425248	15.24381	0	0	0
91.60116	-11.95655	-87.23998	-0.421986	0	0	0	0	0	0	0	1.11176	-4.566257	15.77112	0	0	0
91.61116	-11.8688	-87.3151	-0.1664337	0	0	0	0	0	0	0	3.351375	-3.773915	12.96396	0	0	0
91.62116	-11.85779	-87.35992	-0.01008787	0	0	0	0	0	0	0	1.347691	-5.317769	18.59123	0	0	0
91.63116	-11.85362	-87.32088	0.04918298	0	0	0	0	0	0	0	0.4927343	-0.03332768	6.991465	0	0	0
91.64117	-11.85362	-87.32088	0.04918298	0	0	0	0	0	0	0	0.01065971	-0.0007210039	0.1512518	0	0	0
91.65117	-11.8426	-87.36545	0.2056015	0	0	0	0	0	0	0	0.1197803	-0.4831946	1.700673	0	0	0
91.66117	-11.83842	-87.32632	0.2649184	0	0	0	0	0	0	0	0.05984736	2.450888	0.8497289	0	0	0
91.67117	-11.83792	-87.27239	0.2721058	0	0	0	0	0	0	0	0.1232729	13.06811	1.750261	0	0	0
91.68118	-11.97242	-87.28718	0.3340526	0	0	0	0	0	0	0	-16.72936	-0.6337454	3.729981	0	0	0
91.69118	-11.9687	-87.30195	0.3862131	0	0	0	0	0	0	0	0.671401	-3.431246	12.14494	0	0	0
91.70118	-11.96499	-87.3167	0.4383797	0	0	0	0	0	0	0	0.3547779	-1.412757	5.001388	0	0	0
91.71118	-11.95755	-87.34613	0.5427307	0	0	0	0	0	0	0	0.5749545	-2.272203	8.068928	0	0	0
91.72118	-11.95383	-87.36081	0.5949152	0	0	0	0	0	0	0	0.6266768	-2.472655	8.794521	0	0	0
91.73119	-11.94216	-87.35081	0.7587132	0	0	0	0	0	0	0	1.627904	6.12227	22.84532	0	0	0
91.74119	-11.931	-87.39454	0.9153559	0	0	0	0	0	0	0	0.6689808	-2.344061	9.388196	0	0	0
91.75119	-11.92728	-87.40907	0.9675819	0	0	0	0	0	0	0	0.06115083	-0.2363896	0.8581651	0	0	0
91.76119	-11.92356	-87.42358	1.019814	0	0	0	0	0	0	0	0.1866817	-0.7273204	2.619813	0	0	0
91.77119	-11.91983	-87.43808	1.072052	0	0	0	0	0	0	0	0.06926549	-0.2694469	0.9720429	0	0	0
91.7812	-11.91983	-87.43808	1.072052	0	0	0	0	0	0	0	0.0007909909	-0.003077002	0.01110044	0	0	0
91.7912	-11.9156	-87.39862	1.131526	0	0	0	0	0	0	0	0.3017539	5.928673	4.234688	0	0	0
91.8012	-11.90815	-87.4275	1.236031	0	0	0	0	0	0	0	0.6989831	-2.647245	9.809237	0	0	0
91.8112	-11.89646	-87.41673	1.400086	0	0	0	0	0	0	0	0.6951284	2.554737	9.755141	0	0	0
91.82121	-11.89221	-87.37715	1.459639	0	0	0	0	0	0	0	0.3019052	3.759739	4.236811	0	0	0
91.83121	-11.88849	-87.39147	1.511924	0	0	0	0	0	0	0	0.09787117	-0.3350696	1.373483	0	0	0
91.84121	-11.87731	-87.43431	1.668813	0	0	0	0	0	0	0	0.6248397	-2.388055	8.76874	0	0	0
91.85121	-11.87358	-87.44855	1.721121	0	0	0	0	0	0	0	0.460895	-1.758821	6.468008	0	0	0
91.86121	-11.85494	-87.5194	1.982747	0	0	0	0	0	0	0	0.5202118	-1.969183	7.300434	0	0	0
91.87122	-11.85121	-87.53351	2.035089	0	0	0	0	0	0	0	0.06109003	-0.2308716	0.8573118	0	0	0
91.88122	-11.84748	-87.54759	2.087437	0	0	0	0	0	0	0	0.05112981	-0.1929157	0.7175344	0	0	0
91.89122	-11.84375	-87.56166	2.139791	0	0	0	0	0	0	0	0.6236112	-2.349088	8.751498	0	0	0
91.90122	-11.84002	-87.5757	2.192151	0	0	0	0	0	0	0	0.884611	-3.326817	12.41426	0	0	0
91.91122	-11.83629	-87.58972	2.244516	0	0	0	0	0	0	0	0.1009431	-0.3790036	1.416593	0	0	0
91.92123	-11.82882	-87.6177	2.349264	0	0	0	0	0	0	0	1.145775	-4.287887	16.07933	0	0	0
91.93123	-11.81015	-87.68727	2.611233	0	0	0	0	0	0	0	0.6878671	-2.553136	9.653239	0	0	0
91.94123	-11.73458	-87.71495	2.71122	0	0	0	0	0	0	0	1.018206	-1.99174	7.521608	0	0	0
91.95123	-11.72663	-87.68863	2.82337	0	0	0	0	0	0	0	1.012692	3.067075	14.25333	0	0	0
91.96124	-11.70805	-87.75724	3.085598	0	0	0	0	0	0	0	1.9752	-7.157104	27.88019	0	0	0
91.97124	-11.7001	-87.73062	3.197848	0	0	0	0	0	0	0	0.3316117	0.2166647	4.680843	0	0	0
91.98124	-11.69586	-87.69032	3.257662	0	0	0	0	0	0	0	0.1956595	0.3307604	2.761821	0	0	0
91.99124	-11.68738	-87.60968	3.377373	0	0	0	0	0	0	0	0.572902	1.581107	8.086767	0	0	0
92.00124	-11.73599	-87.62331	3.652097	0	0	0	0	0	0	0	1.221458	-7.660714	33.99213	0	0	0
92.01125	-11.71995	-87.56917	3.877073	0	0	0	0	0	0	0	1.387343	-3.360162	19.57083	0	0	0
92.02125	-11.7114	-87.48808	3.99712	0	0	0	0	0	0	0	0.7989372	-0.50552	11.21311	0	0	0
92.03125	-11.68785	-87.45987	4.327547	0	0	0	0	0	0	0	0.7048974	-0.06522254	9.892244	0	0	0
92.04125	-11.67982	-87.43234	4.440274	0	0	0	0	0	0	0	0.1258601	0.1199756	1.766269	0	0	0
92.05125	-11.66	-87.39009	4.718472	0	0	0	0	0	0	0	0.9488748	4.414189	13.31611	0	0	0
92.06126	-11.65571	-87.34925	4.778716	0	0	0	0	0	0	0	0.9400494	0.6868414	13.19226	0	0	0
92.07126	-11.65516	-87.29539	4.786363	0	0	0	0	0	0	0	0.1362577	12.68494	1.912183	0	0	0
92.08126	-11.65461	-87.24152	4.794033	0	0	0	0	0	0	0	0.04974155	4.886688	0.6980521	0	0	0
92.09126	-11.65407	-87.18766	4.801724	0	0	0	0	0	0	0	0.01953885	1.917309	0.2742001	0	0	0
92.10126	-11.64602	-87.15981	4.91469	0	0	0	0	0	0	0	0.9895361	-2.667644	13.88673	0	0	0
92.11127	-11.63046	-87.15771	5.132993	0	0	0	0	0	0	0	2.040067	-5.984846	28.62945	0	0	0
92.12127	-11.61545	-87.20911	5.343645	0	0	0	0	0	0	0	1.025227	-3.496457	14.38761	0	0	0
92.13127	-11.61545	-87.20911	5.343645	0	0	0	0	0	0	0	0.008506202	-0.02900974	0.1193725	0	0	0
92.14127	-11.61545	-87.20911	5.343645	0	0	0	0	0	0	0	0.0001336993	-0.0004559711	0.00187628	0	0	0
92.15128	-11.61114	-87.16806	5.404078	0	0	0	0	0	0	0	0.2535323	-0.1255596	3.557966	0	0	0
92.16128	-11.61114	-87.16806	5.404078	0	0	0	0	0	0	0	0.002895262	-0.001433853	0.04063089	0	0	0
92.17128	-11.61114	-87.16806	5.404078	0	0	0	0	0	0	0	1.745277E-05	-8.643331E-06	0.0002449249	0	0	0
92.18128	-11.60739	-87.18084	5.456759	0	0	0	0	0	0	0	0.01396319	-0.04748304	0.1959535	0	0	0
92.19128	-11.60739	-87.18084	5.456759	0	0	0	0	0	0	0	0.0001594554	-0.0005422419	0.00223773	0	0	0
92.20129	-11.5843	-87.2032	5.780735	0	0	0	0	0	0	0	0.726002	-1.020138	10.18841	0	0	0
92.21129	-11.57623	-87.17459	5.893976	0	0	0	0	0	0	0	0.3468298	0.251632	4.867264	0	0	0
92.22129	-11.57623	-87.17459	5.893976	0	0	0	0	0	0	0	0.001103609	0.0008006905	0.01548758	0	0	0
92.23129	-11.57192	-87.13333	5.954526	0	0	0	0	0	0	0	0.03194552	0.4431537	0.44831	0	0	0
92.24129	-11.57136	-87.07949	5.962371	0	0	0	0	0	0	0	0.001615138	0.1438137	0.02266617	0	0	0
92.2513	-11.5708	-87.02566	5.970238	0	0	0	0	0	0	0	0.005454374	0.5230552	0.0765444	0	0	0
92.2613	-11.5708	-87.02566	5.970238	0	0	0	0	0	0	0	4.525437E-05	0.004339734	0.0006350809	0	0	0
92.2713	-11.5708	-87.02566	5.970238	0	0	0	0	0	0	0	2.727821E-07	2.616017E-05	3.82811E-06	0	0	0
92.2813	-11.5708	-87.02566	5.970238	0	0	0	0	0	0	0	3.115089E-09	2.987412E-07	4.371585E-08	0	0	0
92.29131	-11.5708	-87.02566	5.970238	0	0	0	0	0	0	0	2.584557E-11	2.478624E-09	3.627059E-10	0	0	0
92.30131	-11.5708	-87.02566	5.970238	0	0	0	0	0	0	0	0	0	0	0	0	0
92.31131	-11.5708	-87.02566	5.970238	0	0	0	0	0	0	0	0	0	0	0	0	0
92.32131	-11.5708	-87.02566	5.970238	0	0	0	0	0	0	0	0	0	0	0	0	0
92.33131	-11.50776	-87.01307	5.912765	0	0	0	0	0	0	0	3.789233	1.565763	-6.856624	0	0	0
92.34132	-11.44097	-87.01307	5.908046	0	0	0	0	0	0	0	0.9020302	0.002629946	-0.07459657	0	0	0
92.35132	-11.30737	-87.01307	5.898692	0	0	0	0	0	0	0	2.552852	1.585344E-05	-0.1777572	0	0	0
92.36132	-11.24057	-87.01307	5.894056	0	0	0	0	0	0	0	1.283016	2.491822E-07	-0.08877489	0	0	0
92.37132	-11.17377	-87.01307	5.889448	0	0	0	0	0	0	0	0.1793474	1.502082E-09	-0.01233523	0	0	0
92.38132	-11.17377	-87.01307	5.889448	0	0	0	0	0	0	0	0.002048093	0	-0.0001408645	0	0	0
92.39133	-11.1774	-87.00047	5.836716	0	0	0	0	0	0	0	-0.3308406	1.150907	-4.810424	0	0	0
92.40133	-11.18102	-86.98784	5.78399	0	0	0	0	0	0	0	-0.1328035	0.4628054	-1.930894	0	0	0
92.41133	-11.18828	-86.96252	5.678552	0	0	0	0	0	0	0	-0.5432208	1.899882	-7.898135	0	0	0
92.42133	-11.1919	-86.94983	5.625841	0	0	0	0	0	0	0	-0.09600503	0.3363749	-1.395861	0	0	0
92.43134	-11.19244	-87.00367	5.617973	0	0	0	0	0	0	0	-0.009429049	-0.7251697	-0.1370932	0	0	0
92.44134	-11.19244	-87.00367	5.617973	0	0	0	0	0	0	0	-0.0001482045	-0.01139812	-0.002154813	0	0	0
92.45134	-11.19244	-87.00367	5.617973	0	0	0	0	0	0	0	-1.229637E-06	-9.4569E-05	-1.787826E-05	0	0	0
92.46134	-11.18573	-87.08287	5.715554	0	0	0	0	0	0	0	0.5608745	-4.709973	8.15481	0	0	0
92.47134	-11.11218	-87.16198	5.808595	0	0	0	0	0	0	0	1.017609	-4.601581	7.959205	0	0	0
92.48135	-11.10964	-87.28228	5.845744	0	0	0	0	0	0	0	0.06105918	-4.672397	0.8356836	0	0	0
92.49135	-11.10657	-87.34872	5.890724	0	0	0	0	0	0	0	0.02859339	-2.177067	0.417342	0	0	0
92.50135	-11.10296	-87.36127	5.943467	0	0	0	0	0	0	0	0.4908098	-1.720828	7.179226	0	0	0
92.51135	-11.10296	-87.36127	5.943467	0	0	0	0	0	0	0	0.01331667	-0.04649284	0.1947871	0	0	0
92.52135	-11.10296	-87.36127	5.943467	0	0	0	0	0	0	0	8.027349E-05	-0.000280261	0.001174186	0	0	0
92.53136	-11.10296	-87.36127	5.943467	0	0	0	0	0	0	0	9.16699E-07	-3.200496E-06	1.340885E-05	0	0	0
92.54136	-11.09935	-87.37382	5.996215	0	0	0	0	0	0	0	0.08812155	-0.3061588	1.288982	0	0	0
92.55136	-11.09575	-87.38634	6.048969	0	0	0	0	0	0	0	0.09175306	-0.3181967	1.342101	0	0	0
92.56136	-11.09575	-87.38634	6.048969	0	0	0	0	0	0	0	0.001442162	-0.005001373	0.02109497	0	0	0
92.57137	-11.16248	-87.38634	6.053545	0	0	0	0	0	0	0	-0.1839308	-2.190418E-05	0.01274328	0	0	0
92.58137	-11.23287	-87.37382	6.005398	0	0	0	0	0	0	0	-16.11978	1.093252	-3.509205	0	0	0
92.59137	-11.37745	-87.33614	5.856479	0	0	0	0	0	0	0	-16.43559	1.508856	-5.197582	0	0	0
92.60137	-11.45115	-87.25705	5.763483	0	0	0	0	0	0	0	-1.054453	7.54193	-0.9812804	0	0	0
92.61137	-11.52174	-87.2444	5.715492	0	0	0	0	0	0	0	-2.150745	1.930784	-6.359303	0	0	0
92.62138	-11.52174	-87.2444	5.715492	0	0	0	0	0	0	0	-0.009419474	0.008456124	-0.02785141	0	0	0
92.63138	-11.52174	-87.2444	5.715492	0	0	0	0	0	0	0	-0.0001075675	9.656638E-05	-0.0003180547	0	0	0
92.64138	-11.51427	-87.26968	5.820924	0	0	0	0	0	0	0	0.4700859	-1.587784	6.63548	0	0	0
92.65138	-11.5068	-87.29487	5.926378	0	0	0	0	0	0	0	0.4914512	-1.653958	6.937054	0	0	0
92.66138	-11.49933	-87.31997	6.031851	0	0	0	0	0	0	0	0.5297689	-1.77646	7.477925	0	0	0
92.67139	-11.49559	-87.33249	6.084596	0	0	0	0	0	0	0	0.1937278	-0.6484426	2.734554	0	0	0
92.68139	-11.49185	-87.34499	6.137345	0	0	0	0	0	0	0	0.33876	-1.13183	4.781749	0	0	0
92.69139	-11.49185	-87.34499	6.137345	0	0	0	0	0	0	0	0.003868537	-0.01292515	0.05460612	0	0	0
92.70139	-11.49185	-87.34499	6.137345	0	0	0	0	0	0	0	6.080513E-05	-0.0002031558	0.0008582916	0	0	0
92.7114	-11.42515	-87.34499	6.132634	0	0	0	0	0	0	0	3.178904	-3.193175E-06	-0.2238802	0	0	0
92.7214	-11.42515	-87.34499	6.132634	0	0	0	0	0	0	0	0.02637503	-2.649344E-08	-0.001857511	0	0	0
92.7314	-11.42515	-87.34499	6.132634	0	0	0	0	0	0	0	0.0004145592	-4.164203E-10	-2.91961E-05	0	0	0
92.7414	-11.42515	-87.34499	6.132634	0	0	0	0	0	0	0	1.815616E-06	0	-1.278759E-07	0	0	0
92.7514	-11.42887	-87.33249	6.079883	0	0	0	0	0	0	0	-0.512011	1.723801	-7.26967	0	0	0
92.76141	-11.42887	-87.33249	6.079883	0	0	0	0	0	0	0	-0.007334528	0.02469335	-0.1041376	0	0	0
92.77141	-11.42887	-87.33249	6.079883	0	0	0	0	0	0	0	-6.085381E-05	0.0002048781	-0.0008640188	0	0	0
92.78141	-11.42832	-87.27864	6.087662	0	0	0	0	0	0	0	0.07624984	7.4829	1.082616	0	0	0
92.79141	-11.42832	-87.27864	6.087662	0	0	0	0	0	0	0	0.002848065	0.2794986	0.04043759	0	0	0
92.80141	-11.42832	-87.27864	6.087662	0	0	0	0	0	0	0	1.716831E-05	0.001684831	0.0002437602	0	0	0
92.81142	-11.42832	-87.27864	6.087662	0	0	0	0	0	0	0	1.960568E-07	1.924025E-05	2.783668E-06	0	0	0
92.82142	-11.4246	-87.29114	6.140413	0	0	0	0	0	0	0	0.18016	-0.605446	2.55796	0	0	0
92.83142	-11.42405	-87.23729	6.148215	0	0	0	0	0	0	0	0.05095451	4.777916	0.7234659	0	0	0
92.84142	-11.48701	-87.24976	6.20568	0	0	0	0	0	0	0	-1.091545	-0.2854573	1.418491	0	0	0
92.85143	-11.48701	-87.24976	6.20568	0	0	0	0	0	0	0	-0.02361424	-0.006175521	0.03068733	0	0	0
92.86143	-11.48701	-87.24976	6.20568	0	0	0	0	0	0	0	-0.0001034217	-2.704651E-05	0.0001343992	0	0	0
92.87143	-11.48701	-87.24976	6.20568	0	0	0	0	0	0	0	-1.625568E-06	-4.251134E-07	2.112469E-06	0	0	0
92.88143	-11.54993	-87.26221	6.263176	0	0	0	0	0	0	0	-0.5400699	-2.16976	9.285242	0	0	0
92.89143	-11.54617	-87.27465	6.315939	0	0	0	0	0	0	0	0.6282433	-2.099307	8.918129	0	0	0
92.90144	-11.60901	-87.28706	6.373467	0	0	0	0	0	0	0	-3.659445	-1.748107	7.73965	0	0	0
92.91144	-11.60523	-87.29945	6.426239	0	0	0	0	0	0	0	0.04092214	-0.1775713	0.7580081	0	0	0
92.92144	-11.65279	-87.36108	6.694951	0	0	0	0	0	0	0	0.5570857	-4.605769	19.88028	0	0	0
92.93144	-11.64137	-87.39779	6.853366	0	0	0	0	0	0	0	0.3803978	-1.236468	5.350307	0	0	0
92.94144	-11.56739	-87.42216	6.954232	0	0	0	0	0	0	0	1.482219	-0.6785547	2.855923	0	0	0
92.95145	-11.55982	-87.44644	7.05989	0	0	0	0	0	0	0	0.6600474	-2.07883	9.061619	0	0	0
92.96145	-11.54467	-87.49474	7.271265	0	0	0	0	0	0	0	1.152787	-3.66126	16.08125	0	0	0
92.97145	-11.47466	-87.50677	7.319389	0	0	0	0	0	0	0	8.246842	-0.7944374	2.926189	0	0	0
92.98145	-11.4709	-87.51877	7.372252	0	0	0	0	0	0	0	0.1623112	-0.2260173	0.9900137	0	0	0
92.99146	-11.39721	-87.54271	7.473291	0	0	0	0	0	0	0	0.7829278	-1.70575	7.531948	0	0	0
93.00146	-11.32733	-87.55464	7.521498	0	0	0	0	0	0	0	0.4868977	-0.4572896	2.003608	0	0	0
93.01146	-11.17665	-87.614	7.776726	0	0	0	0	0	0	0	7.116157	-2.658631	11.4659	0	0	0
93.02146	-11.03004	-87.66109	7.979278	0	0	0	0	0	0	0	15.0986	-4.227896	18.12894	0	0	0
93.03146	-10.8	-87.7658	8.442413	0	0	0	0	0	0	0	14.92345	-10.36156	46.79383	0	0	0
93.04147	-10.51602	-87.83463	8.742858	0	0	0	0	0	0	0	17.92222	-8.170303	36.95689	0	0	0
93.05147	-10.24327	-87.86874	8.884853	0	0	0	0	0	0	0	18.41146	-0.8266294	2.698616	0	0	0
93.06147	-9.892299	-87.9476	9.235518	0	0	0	0	0	0	0	9.898597	-1.671595	7.343376	0	0	0
93.07147	-9.480686	-88.01435	9.530152	0	0	0	0	0	0	0	26.67585	-5.269768	23.80214	0	0	0
93.08147	-9.343817	-88.03643	9.628636	0	0	0	0	0	0	0	13.72356	-2.00418	8.889252	0	0	0
93.09148	-9.275444	-88.04743	9.677929	0	0	0	0	0	0	0	6.488488	-0.1502655	0.3492359	0	0	0
93.10148	-9.272339	-88.05842	9.731055	0	0	0	0	0	0	0	0.1123908	-0.2081974	1.004913	0	0	0
93.11148	-9.272339	-88.05842	9.731055	0	0	0	0	0	0	0	0.001766544	-0.003272419	0.01579508	0	0	0
93.12148	-9.337562	-88.05842	9.734881	0	0	0	0	0	0	0	-3.165739	-5.143544E-05	0.1866148	0	0	0
93.13148	-9.334435	-88.06938	9.788011	0	0	0	0	0	0	0	-0.003091798	-0.05596808	0.2726589	0	0	0
93.14149	-9.334435	-88.06938	9.788011	0	0	0	0	0	0	0	-9.206247E-05	-0.001666525	0.008118785	0	0	0
93.15149	-9.334435	-88.06938	9.788011	0	0	0	0	0	0	0	-1.447025E-06	-2.619422E-05	0.00012761	0	0	0
93.16149	-9.333973	-88.01554	9.795839	0	0	0	0	0	0	0	0.08260623	9.636206	1.403216	0	0	0
93.17149	-9.333973	-88.01554	9.795839	0	0	0	0	0	0	0	0.002459712	0.286931	0.04178266	0	0	0
93.1815	-9.333973	-88.01554	9.795839	0	0	0	0	0	0	0	3.866143E-05	0.004509943	0.0006567332	0	0	0
93.1915	-9.333973	-88.01554	9.795839	0	0	0	0	0	0	0	2.330529E-07	2.718615E-05	3.958819E-06	0	0	0
93.2015	-9.333973	-88.01554	9.795839	0	0	0	0	0	0	0	3.663094E-09	4.273082E-07	6.222417E-08	0	0	0
93.2115	-9.333973	-88.01554	9.795839	0	0	0	0	0	0	0	1.604301E-11	1.871453E-09	2.72519E-10	0	0	0
93.2215	-9.333973	-88.01554	9.795839	0	0	0	0	0	0	0	0	0	0	0	0	0
93.23151	-9.333973	-88.01554	9.795839	0	0	0	0	0	0	0	0	0	0	0	0	0
93.24151	-9.333973	-88.01554	9.795839	0	0	0	0	0	0	0	0	0	0	0	0	0
93.25151	-9.333973	-88.01554	9.795839	0	0	0	0	0	0	0	0	0	0	0	0	0
93.26151	-9.39917	-88.01554	9.799691	0	0	0	0	0	0	0	-0.3191998	0	0.01892279	0	0	0
93.27151	-9.398705	-87.9617	9.807542	0	0	0	0	0	0	0	0.01570785	2.612099	0.3818579	0	0	0
93.28152	-9.463896	-87.9617	9.81142	0	0	0	0	0	0	0	-0.4529184	0.01144003	0.0287133	0	0	0
93.29152	-9.463896	-87.9617	9.81142	0	0	0	0	0	0	0	-0.005172191	0.0001306417	0.0003278971	0	0	0
93.30152	-9.463896	-87.9617	9.81142	0	0	0	0	0	0	0	-1.277796E-06	3.22752E-08	8.10074E-08	0	0	0
93.31152	-9.45438	-87.99445	9.970826	0	0	0	0	0	0	0	0.7856906	-2.696211	13.16184	0	0	0
93.32153	-9.376651	-88.03783	10.17956	0	0	0	0	0	0	0	0.6879783	-0.8190504	4.005233	0	0	0
93.33153	-9.30535	-88.05938	10.28205	0	0	0	0	0	0	0	0.490215	-1.666901	8.239838	0	0	0
93.34153	-9.30222	-88.07013	10.33523	0	0	0	0	0	0	0	0.1236677	-0.4238618	2.09972	0	0	0
93.35153	-9.299089	-88.08085	10.3884	0	0	0	0	0	0	0	0.07887863	-0.2699082	1.339888	0	0	0
93.36153	-9.295959	-88.09155	10.44159	0	0	0	0	0	0	0	0.04199504	-0.143397	0.7133604	0	0	0
93.37154	-9.295959	-88.09155	10.44159	0	0	0	0	0	0	0	0.000253148	-0.0008644037	0.00430017	0	0	0
93.38154	-9.292828	-88.10223	10.49477	0	0	0	0	0	0	0	0.1513701	-0.5157792	2.57129	0	0	0
93.39154	-9.224808	-88.11289	10.54416	0	0	0	0	0	0	0	1.432373	-1.939026	9.636646	0	0	0
93.40154	-9.211907	-88.10147	10.76484	0	0	0	0	0	0	0	1.191403	-3.622142	20.1476	0	0	0
93.41154	-9.082306	-88.10147	10.75732	0	0	0	0	0	0	0	11.8645	-0.07836063	-0.2464145	0	0	0
93.42155	-8.946204	-88.06872	10.86424	0	0	0	0	0	0	0	7.074839	5.849498	7.400582	0	0	0
93.43155	-8.813705	-88.07922	10.91016	0	0	0	0	0	0	0	8.762882	-0.2676488	2.274767	0	0	0
93.44155	-8.810282	-88.03588	10.97132	0	0	0	0	0	0	0	0.7882911	-2.314493	13.15179	0	0	0
93.45155	-8.733291	-88.02377	11.18863	0	0	0	0	0	0	0	2.021067	-2.94444	24.94736	0	0	0
93.46156	-8.398749	-88.06515	11.38408	0	0	0	0	0	0	0	24.47784	-3.308759	15.898	0	0	0
93.47156	-7.991605	-88.02907	11.75288	0	0	0	0	0	0	0	33.6261	1.941414	40.13484	0	0	0
93.48156	-7.597068	-88.0056	11.90162	0	0	0	0	0	0	0	32.24951	3.539754	17.02019	0	0	0
93.49156	-7.13343	-87.89431	12.17131	0	0	0	0	0	0	0	32.75348	7.967262	8.919328	0	0	0
93.50156	-6.674028	-87.82642	12.38115	0	0	0	0	0	0	0	33.00744	9.461092	4.613661	0	0	0
93.51157	-6.226214	-87.65515	12.33369	0	0	0	0	0	0	0	28.28321	5.385733	-12.8855	0	0	0
93.52157	-5.844963	-87.5815	12.22024	0	0	0	0	0	0	0	32.26339	2.490957	-12.34265	0	0	0
93.53157	-5.145728	-87.54152	11.98187	0	0	0	0	0	0	0	44.50226	1.791314	-10.98904	0	0	0
93.54157	-4.248368	-87.5214	11.84808	0	0	0	0	0	0	0	35.86607	0.1548855	-1.794157	0	0	0
93.55157	-3.733519	-87.5214	11.83496	0	0	0	0	0	0	0	29.73322	0.001768746	-0.7186275	0	0	0
93.56158	-3.410554	-87.53147	11.88099	0	0	0	0	0	0	0	13.43027	-0.8966642	4.467646	0	0	0
93.57158	-3.40939	-87.54152	11.93438	0	0	0	0	0	0	0	0.4478407	-0.472638	2.505103	0	0	0
93.58158	-3.472522	-87.55155	11.98919	0	0	0	0	0	0	0	-15.11833	-0.4774115	2.881754	0	0	0
93.59158	-3.47015	-87.57154	12.09599	0	0	0	0	0	0	0	-0.10528	-0.5709572	3.060967	0	0	0
93.60159	-3.467778	-87.59145	12.2028	0	0	0	0	0	0	0	0.1108135	-0.9364185	5.036708	0	0	0
93.61159	-3.467778	-87.59145	12.2028	0	0	0	0	0	0	0	0.001741751	-0.0147185	0.0791663	0	0	0
93.62159	-3.466592	-87.60136	12.25621	0	0	0	0	0	0	0	0.002374835	-0.01983666	0.1069374	0	0	0
93.63159	-3.466592	-87.60136	12.25621	0	0	0	0	0	0	0	3.732846E-05	-0.00031179	0.001680827	0	0	0
93.64159	-3.466592	-87.60136	12.25621	0	0	0	0	0	0	0	1.63485E-07	-1.365526E-06	7.361406E-06	0	0	0
93.6516	-3.530777	-87.60136	12.25765	0	0	0	0	0	0	0	-2.982149	-1.559389E-08	0.06745568	0	0	0
93.6616	-3.530777	-87.60136	12.25765	0	0	0	0	0	0	0	-0.03405524	0	0.0007703225	0	0	0
93.6716	-3.530777	-87.60136	12.25765	0	0	0	0	0	0	0	-0.0005352756	0	1.210782E-05	0	0	0
93.6816	-3.530777	-87.60136	12.25765	0	0	0	0	0	0	0	-2.34431E-06	0	5.302782E-08	0	0	0
93.6916	-3.531985	-87.59145	12.20424	0	0	0	0	0	0	0	-0.03124893	0.2568474	-1.381484	0	0	0
93.70161	-3.531985	-87.59145	12.20424	0	0	0	0	0	0	0	-0.0001883698	0.001548288	-0.008327653	0	0	0
93.71161	-3.596192	-87.59145	12.2057	0	0	0	0	0	0	0	-0.3149913	9.333154E-06	0.007204404	0	0	0
93.72161	-3.596192	-87.59145	12.2057	0	0	0	0	0	0	0	-0.002613449	7.74362E-08	5.977418E-05	0	0	0
93.73161	-3.660398	-87.59145	12.20719	0	0	0	0	0	0	0	-0.4612754	1.217132E-09	0.0108135	0	0	0
93.74162	-3.660398	-87.59145	12.20719	0	0	0	0	0	0	0	-0.00278059	0	6.518434E-05	0	0	0
93.75162	-3.660398	-87.59145	12.20719	0	0	0	0	0	0	0	-2.307026E-05	0	5.408276E-07	0	0	0
93.76162	-3.724603	-87.59145	12.20871	0	0	0	0	0	0	0	-0.4239278	0	0.0101124	0	0	0
93.77162	-3.724603	-87.59145	12.20871	0	0	0	0	0	0	0	-0.00666324	0	0.0001589453	0	0	0
93.78162	-3.724603	-87.59145	12.20871	0	0	0	0	0	0	0	-2.120236E-05	0	5.057623E-07	0	0	0
93.79163	-3.724603	-87.59145	12.20871	0	0	0	0	0	0	0	-4.586873E-07	0	1.094155E-08	0	0	0
93.80163	-3.724603	-87.59145	12.20871	0	0	0	0	0	0	0	0	0	0	0	0	0
93.81163	-3.724603	-87.59145	12.20871	0	0	0	0	0	0	0	0	0	0	0	0	0
93.82163	-3.724603	-87.59145	12.20871	0	0	0	0	0	0	0	0	0	0	0	0	0
93.83163	-3.724603	-87.59145	12.20871	0	0	0	0	0	0	0	0	0	0	0	0	0
93.84164	-3.724603	-87.59145	12.20871	0	0	0	0	0	0	0	0	0	0	0	0	0
93.85164	-3.724603	-87.59145	12.20871	0	0	0	0	0	0	0	0	0	0	0	0	0
93.86164	-3.724603	-87.59145	12.20871	0	0	0	0	0	0	0	0	0	0	0	0	0
93.87164	-3.724603	-87.59145	12.20871	0	0	0	0	0	0	0	0	0	0	0	0	0
93.88165	-3.724603	-87.59145	12.20871	0	0	0	0	0	0	0	0	0	0	0	0	0
93.89165	-3.724603	-87.59145	12.20871	0	0	0	0	0	0	0	0	0	0	0	0	0
93.90165	-3.724603	-87.59145	12.20871	0	0	0	0	0	0	0	0	0	0	0	0	0
93.91165	-3.660398	-87.59145	12.20719	0	0	0	0	0	0	0	0.4489384	0	-0.0105243	0	0	0
93.92165	-3.659146	-87.60136	12.2606	0	0	0	0	0	0	0	0.007367169	-0.03688973	0.1987997	0	0	0
93.93166	-3.659146	-87.60136	12.2606	0	0	0	0	0	0	0	8.413084E-05	-0.0004212696	0.002270232	0	0	0
93.94166	-3.593732	-87.61126	12.31253	0	0	0	0	0	0	0	1.458888	-2.329688	12.56055	0	0	0
93.95166	-3.52836	-87.62114	12.36448	0	0	0	0	0	0	0	2.376682	-1.355776	7.292144	0	0	0
93.96166	-3.464219	-87.62114	12.36305	0	0	0	0	0	0	0	4.376347	-0.06912633	0.2773472	0	0	0
93.97166	-3.333649	-87.64082	12.4671	0	0	0	0	0	0	0	8.686141	-1.35462	7.187339	0	0	0
93.98167	-3.26955	-87.64082	12.46575	0	0	0	0	0	0	0	1.714344	-0.05058833	0.2393891	0	0	0
93.99167	-3.205451	-87.64082	12.46442	0	0	0	0	0	0	0	2.223171	-0.0003049488	-0.04405494	0	0	0
94.00167	-3.205451	-87.64082	12.46442	0	0	0	0	0	0	0	0.03494351	-4.793144E-06	-0.0006924495	0	0	0
94.01167	-3.205451	-87.64082	12.46442	0	0	0	0	0	0	0	0.0007559602	-1.036938E-07	-1.49803E-05	0	0	0
94.02168	-3.205451	-87.64082	12.46442	0	0	0	0	0	0	0	2.405458E-06	-3.299527E-10	-4.766716E-08	0	0	0
94.03168	-3.205451	-87.64082	12.46442	0	0	0	0	0	0	0	7.162464E-08	0	-1.472806E-09	0	0	0
94.04168	-3.205451	-87.64082	12.46442	0	0	0	0	0	0	0	0	0	0	0	0	0
94.05168	-3.205451	-87.64082	12.46442	0	0	0	0	0	0	0	0	0	0	0	0	0
94.06168	-3.14135	-87.64082	12.46311	0	0	0	0	0	0	0	10.8391	0	-0.2184238	0	0	0
94.07169	-3.009017	-87.67993	12.67435	0	0	0	0	0	0	0	7.136446	-1.172513	6.302732	0	0	0
94.08169	-2.87901	-87.69936	12.77883	0	0	0	0	0	0	0	7.165793	-2.555712	13.97103	0	0	0
94.09169	-2.751067	-87.69936	12.77652	0	0	0	0	0	0	0	6.562578	-0.09446795	0.405263	0	0	0
94.10169	-2.751067	-87.69936	12.77652	0	0	0	0	0	0	0	0.03955953	-0.0005694573	0.002442945	0	0	0
94.11169	-2.751067	-87.69936	12.77652	0	0	0	0	0	0	0	0.0008558224	-1.231952E-05	5.285013E-05	0	0	0
94.1217	-2.751067	-87.69936	12.77652	0	0	0	0	0	0	0	1.34517E-05	-1.936365E-07	8.306912E-07	0	0	0
94.1317	-2.687095	-87.69936	12.7754	0	0	0	0	0	0	0	7.724495	-1.606582E-09	-0.133418	0	0	0
94.1417	-2.687095	-87.69936	12.7754	0	0	0	0	0	0	0	0.2300073	0	-0.003972702	0	0	0
94.1517	-2.686172	-87.70904	12.82886	0	0	0	0	0	0	0	0.1159862	-1.176589	6.505947	0	0	0
94.16171	-2.686172	-87.70904	12.82886	0	0	0	0	0	0	0	0.0006991705	-0.007092534	0.03921815	0	0	0
94.17171	-2.686172	-87.70904	12.82886	0	0	0	0	0	0	0	1.51257E-05	-0.0001534383	0.0008484371	0	0	0
94.18171	-2.686172	-87.70904	12.82886	0	0	0	0	0	0	0	6.418092E-08	-6.720036E-07	3.715878E-06	0	0	0
94.19171	-2.686172	-87.70904	12.82886	0	0	0	0	0	0	0	7.329266E-10	-7.674077E-09	4.243421E-08	0	0	0
94.20171	-2.686172	-87.70904	12.82886	0	0	0	0	0	0	0	0	0	0	0	0	0
94.21172	-2.686172	-87.70904	12.82886	0	0	0	0	0	0	0	0	0	0	0	0	0
94.22172	-2.686172	-87.70904	12.82886	0	0	0	0	0	0	0	0	0	0	0	0	0
94.23172	-2.686172	-87.70904	12.82886	0	0	0	0	0	0	0	0	0	0	0	0	0
94.24172	-2.556512	-87.72833	12.93364	0	0	0	0	0	0	0	11.38474	-2.480891	13.599	0	0	0
94.25172	-2.427861	-87.73795	12.98506	0	0	0	0	0	0	0	9.514287	-2.278606	12.543	0	0	0
94.26173	-2.235432	-87.74754	13.03567	0	0	0	0	0	0	0	4.124955	-0.9218314	5.087126	0	0	0
94.27173	-2.041724	-87.77618	13.19349	0	0	0	0	0	0	0	7.085477	-2.2815	12.73427	0	0	0
94.28173	-1.914123	-87.77618	13.19187	0	0	0	0	0	0	0	15.78965	-0.06238019	0.1559322	0	0	0
94.29173	-1.78652	-87.77618	13.19034	0	0	0	0	0	0	0	9.615994	-0.0003760307	-0.1086052	0	0	0
94.30173	-1.78652	-87.77618	13.19034	0	0	0	0	0	0	0	0.1791145	-3.119887E-06	-0.002044797	0	0	0
94.31174	-1.78652	-87.77618	13.19034	0	0	0	0	0	0	0	0.001079711	-1.880683E-08	-1.232614E-05	0	0	0
94.32174	-1.78652	-87.77618	13.19034	0	0	0	0	0	0	0	1.232996E-05	0	-1.419681E-07	0	0	0
94.33174	-1.78652	-87.77618	13.19034	0	0	0	0	0	0	0	7.432556E-08	0	-8.557902E-10	0	0	0
94.34174	-1.722719	-87.77618	13.18962	0	0	0	0	0	0	0	7.579802	0	-0.08415722	0	0	0
94.35175	-1.722719	-87.77618	13.18962	0	0	0	0	0	0	0	0.0456914	0	-0.0005073037	0	0	0
94.36175	-1.722719	-87.77618	13.18962	0	0	0	0	0	0	0	0.000521782	0	-5.793254E-06	0	0	0
94.37175	-1.722719	-87.77618	13.18962	0	0	0	0	0	0	0	2.285213E-06	0	-2.537233E-08	0	0	0
94.38175	-1.722719	-87.77618	13.18962	0	0	0	0	0	0	0	3.591867E-08	0	-3.987988E-10	0	0	0
94.39175	-1.722719	-87.77618	13.18962	0	0	0	0	0	0	0	0	0	0	0	0	0
94.40176	-1.722719	-87.77618	13.18962	0	0	0	0	0	0	0	0	0	0	0	0	0
94.41176	-1.722719	-87.77618	13.18962	0	0	0	0	0	0	0	0	0	0	0	0	0
94.42176	-1.658917	-87.77618	13.18893	0	0	0	0	0	0	0	0.5968671	0	-0.006381452	0	0	0
94.43176	-1.595115	-87.77618	13.18826	0	0	0	0	0	0	0	0.3427018	0	-0.003523089	0	0	0
94.44176	-1.595115	-87.77618	13.18826	0	0	0	0	0	0	0	0.007413936	0	-7.621774E-05	0	0	0
94.45177	-1.467003	-87.78569	13.2405	0	0	0	0	0	0	0	2.48079	-1.227027	6.891428	0	0	0
94.46177	-1.27566	-87.78569	13.2388	0	0	0	0	0	0	0	11.48439	-0.01401228	-0.01548439	0	0	0
94.47177	-1.211878	-87.78569	13.23829	0	0	0	0	0	0	0	3.594656	-0.0003031386	-0.02637652	0	0	0
94.48177	-1.084314	-87.78569	13.23735	0	0	0	0	0	0	0	15.84223	-2.515109E-06	-0.1107308	0	0	0
94.49178	-1.084314	-87.78569	13.23735	0	0	0	0	0	0	0	0.3427273	-5.441133E-08	-0.002395527	0	0	0
94.50178	-1.084314	-87.78569	13.23735	0	0	0	0	0	0	0	0.007414489	-1.177123E-09	-5.182431E-05	0	0	0
94.51178	-1.084314	-87.78569	13.23735	0	0	0	0	0	0	0	1.714119E-05	0	-1.198254E-07	0	0	0
94.52178	-1.020532	-87.78569	13.23692	0	0	0	0	0	0	0	2.21797	0	-0.01459264	0	0	0
94.53178	-0.8926589	-87.79517	13.28963	0	0	0	0	0	0	0	15.80546	-0.01380401	-0.01301492	0	0	0
94.54179	-0.7008923	-87.81407	13.39567	0	0	0	0	0	0	0	13.38661	-1.448936	8.163046	0	0	0
94.55179	-0.5097407	-87.81407	13.39492	0	0	0	0	0	0	0	8.406268	-0.02716334	0.1265145	0	0	0
94.56179	-0.3823058	-87.81407	13.39456	0	0	0	0	0	0	0	8.922537	-0.0008088252	-0.01742312	0	0	0
94.57179	-0.191087	-87.82349	13.44772	0	0	0	0	0	0	0	10.6144	-0.1258597	0.702937	0	0	0
94.58179	0	-87.82349	13.4476	0	0	0	0	0	0	0	13.01775	-0.0007586882	0.004316265	0	0	0
94.5918	0.1273914	-87.82349	13.44765	0	0	0	0	0	0	0	9.217078	-1.64133E-05	0.007673483	0	0	0
94.6018	0.3183513	-87.77911	13.50969	0	0	0	0	0	0	0	20.0064	3.832783	5.373899	0	0	0
94.6118	0.5726352	-87.79783	13.61747	0	0	0	0	0	0	0	22.6751	-1.696706	9.971103	0	0	0
94.6218	0.6998867	-87.79783	13.61799	0	0	0	0	0	0	0	8.009392	-0.07485687	0.4687392	0	0	0
94.63181	1.017309	-87.81647	13.72682	0	0	0	0	0	0	0	15.88138	-0.3876834	2.336792	0	0	0
94.64181	1.207632	-87.82576	13.78173	0	0	0	0	0	0	0	10.90988	-0.3213252	1.939934	0	0	0
94.65181	1.461357	-87.83502	13.83747	0	0	0	0	0	0	0	18.40146	-0.3302171	2.084713	0	0	0
94.66181	1.65139	-87.84427	13.89293	0	0	0	0	0	0	0	13.70263	-1.532538	9.035644	0	0	0
94.67181	1.841926	-87.84427	13.89509	0	0	0	0	0	0	0	18.72828	-0.009238214	0.2769259	0	0	0
94.68182	1.968266	-87.85349	13.9502	0	0	0	0	0	0	0	19.78949	-0.234668	1.616765	0	0	0
94.69182	2.157234	-87.87186	14.05984	0	0	0	0	0	0	0	12.82656	-2.30255	13.6335	0	0	0
94.70182	2.34675	-87.88102	14.11618	0	0	0	0	0	0	0	10.96196	-0.8223699	4.983921	0	0	0
94.71182	2.599527	-87.89016	14.17381	0	0	0	0	0	0	0	19.72124	-1.255652	7.705948	0	0	0
94.72182	2.788747	-87.89927	14.23069	0	0	0	0	0	0	0	11.63393	-1.183643	7.178399	0	0	0
94.73183	3.04118	-87.90836	14.28905	0	0	0	0	0	0	0	13.98872	-0.6140376	3.899918	0	0	0
94.74183	3.167879	-87.90836	14.2916	0	0	0	0	0	0	0	12.3077	-0.01328396	0.3314787	0	0	0
94.75183	3.356755	-87.91743	14.34919	0	0	0	0	0	0	0	12.48544	-0.8449661	5.271338	0	0	0
94.76183	3.483403	-87.91743	14.352	0	0	0	0	0	0	0	4.379206	-0.001419254	0.1074538	0	0	0
94.77184	3.483403	-87.91743	14.352	0	0	0	0	0	0	0	0.06883176	-2.230764E-05	0.001688945	0	0	0
94.78184	3.483403	-87.91743	14.352	0	0	0	0	0	0	0	0.0003014579	-9.769926E-08	7.396958E-06	0	0	0
94.79184	3.546727	-87.91743	14.35345	0	0	0	0	0	0	0	10.77245	-1.115696E-09	0.2481026	0	0	0
94.80184	3.546727	-87.91743	14.35345	0	0	0	0	0	0	0	0.06493684	0	0.001495574	0	0	0
94.81184	3.546727	-87.91743	14.35345	0	0	0	0	0	0	0	0.000741559	0	1.7079E-05	0	0	0
94.82185	3.546727	-87.91743	14.35345	0	0	0	0	0	0	0	3.247756E-06	0	7.479975E-08	0	0	0
94.83185	3.546727	-87.91743	14.35345	0	0	0	0	0	0	0	5.104779E-08	0	1.175692E-09	0	0	0
94.84185	3.61005	-87.91743	14.35492	0	0	0	0	0	0	0	15.44101	0	0.3619778	0	0	0
94.85185	3.61005	-87.91743	14.35492	0	0	0	0	0	0	0	0.3340474	0	0.00783095	0	0	0
94.86185	3.611305	-87.90836	14.30136	0	0	0	0	0	0	0	0.005587297	0.03271544	-0.1929565	0	0	0
94.87186	3.611305	-87.90836	14.30136	0	0	0	0	0	0	0	0.0001208744	0.0007077586	-0.004174379	0	0	0
94.88186	3.611305	-87.90836	14.30136	0	0	0	0	0	0	0	3.84621E-07	2.252081E-06	-1.328283E-05	0	0	0
94.89186	3.611305	-87.90836	14.30136	0	0	0	0	0	0	0	4.894931E-09	3.53979E-08	-2.088047E-07	0	0	0
94.90186	3.611305	-87.90836	14.30136	0	0	0	0	0	0	0	0	0	0	0	0	0
94.91187	3.611305	-87.90836	14.30136	0	0	0	0	0	0	0	0	0	0	0	0	0
94.92187	3.737993	-87.90836	14.30438	0	0	0	0	0	0	0	8.145967	0	0.1976659	0	0	0
94.93187	3.991362	-87.90836	14.31073	0	0	0	0	0	0	0	21.79406	0	0.5647131	0	0	0
94.94187	4.24472	-87.90836	14.31751	0	0	0	0	0	0	0	26.55903	0	0.7318951	0	0	0
94.95187	4.624734	-87.90836	14.32845	0	0	0	0	0	0	0	27.9407	0	0.8389626	0	0	0
94.96188	4.878061	-87.90836	14.33626	0	0	0	0	0	0	0	17.96388	0	0.5689681	0	0	0
94.97188	5.258028	-87.90836	14.34877	0	0	0	0	0	0	0	18.40487	0	0.6283931	0	0	0
94.98188	5.701282	-87.90836	14.36454	0	0	0	0	0	0	0	16.93398	0	0.6269772	0	0	0
94.99188	5.891233	-87.90836	14.37169	0	0	0	0	0	0	0	3.837363	0	0.1468181	0	0	0
95.00188	6.017862	-87.90836	14.37659	0	0	0	0	0	0	0	1.937064	0	0.07570778	0	0	0
95.01189	6.081176	-87.90836	14.37908	0	0	0	0	0	0	0	0.6194808	0	0.02446677	0	0	0
95.02189	6.081176	-87.90836	14.37908	0	0	0	0	0	0	0	0.005139768	0	0.0002029983	0	0	0
95.03189	6.081176	-87.90836	14.37908	0	0	0	0	0	0	0	4.264411E-05	0	1.684255E-06	0	0	0
95.04189	6.081176	-87.90836	14.37908	0	0	0	0	0	0	0	4.869829E-07	0	1.923368E-08	0	0	0
95.0519	6.081176	-87.90836	14.37908	0	0	0	0	0	0	0	2.935556E-09	0	1.159416E-10	0	0	0
95.0619	6.081176	-87.90836	14.37908	0	0	0	0	0	0	0	0	0	0	0	0	0
95.0719	6.081176	-87.90836	14.37908	0	0	0	0	0	0	0	0	0	0	0	0	0
95.0819	6.081176	-87.90836	14.37908	0	0	0	0	0	0	0	0	0	0	0	0	0
95.0919	6.144488	-87.90836	14.38159	0	0	0	0	0	0	0	3.15013	0	0.1257137	0	0	0
95.10191	6.271109	-87.90836	14.38669	0	0	0	0	0	0	0	10.72311	0	0.4367651	0	0	0
95.11191	6.334418	-87.90836	14.38929	0	0	0	0	0	0	0	4.252145	0	0.1749463	0	0	0
95.12191	6.397726	-87.90836	14.3919	0	0	0	0	0	0	0	1.164792	0	0.0484029	0	0	0
95.13191	6.461033	-87.90836	14.39455	0	0	0	0	0	0	0	14.63564	0	0.6142123	0	0	0
95.14191	6.461033	-87.90836	14.39455	0	0	0	0	0	0	0	0.1671345	0	0.007014118	0	0	0
95.15192	6.524339	-87.90836	14.39722	0	0	0	0	0	0	0	7.950763	0	0.336944	0	0	0
95.16192	6.524339	-87.90836	14.39722	0	0	0	0	0	0	0	0.06596664	0	0.002795589	0	0	0
95.17192	6.526607	-87.89927	14.34369	0	0	0	0	0	0	0	0.206825	0.8257547	-4.855866	0	0	0
95.18192	6.528875	-87.89016	14.29017	0	0	0	0	0	0	0	0.1473245	0.5925955	-3.476221	0	0	0
95.19193	6.535678	-87.86269	14.12963	0	0	0	0	0	0	0	0.6661713	2.699506	-15.71943	0	0	0
95.20193	6.54248	-87.83502	13.96913	0	0	0	0	0	0	0	0.7193241	2.93628	-16.97367	0	0	0
95.21193	6.615117	-87.79783	13.75788	0	0	0	0	0	0	0	12.24456	4.199864	-23.56409	0	0	0
95.22193	6.68597	-87.82349	13.59196	0	0	0	0	0	0	0	2.507558	-3.931241	-16.29736	0	0	0
95.23193	6.820302	-87.79517	13.43713	0	0	0	0	0	0	0	3.899646	1.617149	-9.291433	0	0	0
95.24194	6.950097	-87.78569	13.38934	0	0	0	0	0	0	0	9.241178	1.362491	-7.278094	0	0	0
95.25194	7.146176	-87.76665	13.29115	0	0	0	0	0	0	0	17.08249	0.1159345	0.1363213	0	0	0
95.26194	7.209936	-87.76665	13.2941	0	0	0	0	0	0	0	1.816813	0.001323937	0.07704603	0	0	0
95.27194	7.337451	-87.76665	13.30008	0	0	0	0	0	0	0	11.4697	2.864305E-05	0.5426216	0	0	0
95.28194	7.337451	-87.76665	13.30008	0	0	0	0	0	0	0	0.09516291	2.376484E-07	0.004502074	0	0	0
95.29195	7.337451	-87.76665	13.30008	0	0	0	0	0	0	0	0.001495758	3.735324E-09	7.0763E-05	0	0	0
95.30195	7.337451	-87.76665	13.30008	0	0	0	0	0	0	0	9.016492E-06	0	4.266888E-07	0	0	0
95.31195	7.337451	-87.76665	13.30008	0	0	0	0	0	0	0	1.4172E-07	0	6.706637E-09	0	0	0
95.32195	7.342508	-87.74754	13.19322	0	0	0	0	0	0	0	0.2353036	0.8917139	-4.972273	0	0	0
95.33195	7.347564	-87.72833	13.08637	0	0	0	0	0	0	0	0.3755744	1.429972	-7.936378	0	0	0
95.34196	7.419448	-87.75314	12.92096	0	0	0	0	0	0	0	6.736641	3.470903	-19.98273	0	0	0
95.35196	7.54727	-87.75314	12.92712	0	0	0	0	0	0	0	16.9635	0.07508876	0.3844638	0	0	0
95.36196	7.74206	-87.79723	12.87496	0	0	0	0	0	0	0	17.54162	-0.351806	0.6699834	0	0	0
95.37196	7.74206	-87.79723	12.87496	0	0	0	0	0	0	0	0.2757169	-0.005529638	0.01053071	0	0	0
95.38197	7.74206	-87.79723	12.87496	0	0	0	0	0	0	0	0.001207539	-2.421778E-05	4.612064E-05	0	0	0
95.39197	7.74472	-87.78751	12.82157	0	0	0	0	0	0	0	0.175593	0.6427906	-3.525854	0	0	0
95.40197	7.747378	-87.77776	12.76818	0	0	0	0	0	0	0	0.05051133	0.1853534	-1.01436	0	0	0
95.41197	7.750036	-87.768	12.71479	0	0	0	0	0	0	0	0.0339493	0.124866	-0.6817653	0	0	0
95.42197	7.753101	-87.812	12.65324	0	0	0	0	0	0	0	0.02098204	-0.1969063	-0.4213585	0	0	0
95.43198	7.817532	-87.8658	12.6483	0	0	0	0	0	0	0	4.098852	-0.2690262	0.162678	0	0	0
95.44198	7.945578	-87.8658	12.65479	0	0	0	0	0	0	0	4.95944	-0.004228517	0.2524168	0	0	0
95.45198	8.012762	-87.90979	12.59657	0	0	0	0	0	0	0	0.7659	2.067233	-12.076	0	0	0
95.46198	8.018253	-87.8901	12.48984	0	0	0	0	0	0	0	0.7421876	2.656229	-14.38254	0	0	0
95.47198	8.026488	-87.86041	12.32976	0	0	0	0	0	0	0	0.4846975	1.753503	-9.421438	0	0	0
95.48199	8.029233	-87.85047	12.27641	0	0	0	0	0	0	0	0.1473337	0.5342355	-2.863894	0	0	0
95.49199	8.031978	-87.84051	12.22306	0	0	0	0	0	0	0	0.6389185	2.321981	-12.41941	0	0	0
95.50199	8.096596	-87.89431	12.21828	0	0	0	0	0	0	0	3.119883	-6.985874	-1.167667	0	0	0
95.51199	8.160796	-87.89431	12.22163	0	0	0	0	0	0	0	8.801622	-0.109803	0.4391623	0	0	0
95.522	8.161219	-87.94811	12.21355	0	0	0	0	0	0	0	0.2266655	-6.854758	-1.018085	0	0	0
95.532	8.161219	-87.94811	12.21355	0	0	0	0	0	0	0	0.002588451	-0.07827925	-0.01162622	0	0	0
95.542	8.161219	-87.94811	12.21355	0	0	0	0	0	0	0	2.147611E-05	-0.0006494747	-9.646152E-05	0	0	0
95.552	8.161219	-87.94811	12.21355	0	0	0	0	0	0	0	3.375558E-07	-1.020837E-05	-1.516117E-06	0	0	0
95.562	8.161219	-87.94811	12.21355	0	0	0	0	0	0	0	4.819479E-10	-6.153651E-08	-9.220392E-09	0	0	0
95.57201	8.164427	-87.99194	12.15216	0	0	0	0	0	0	0	0.3602864	-0.09399167	-6.892823	0	0	0
95.58201	8.164427	-87.99194	12.15216	0	0	0	0	0	0	0	0.002171823	-0.0005665863	-0.04155027	0	0	0
95.59201	8.167215	-87.98193	12.09882	0	0	0	0	0	0	0	0.3948133	1.418554	-7.553375	0	0	0
95.60201	8.239893	-87.95178	11.94221	0	0	0	0	0	0	0	1.753139	0.5522605	-2.836401	0	0	0
95.61201	8.304207	-87.95178	11.94562	0	0	0	0	0	0	0	1.238267	0.006306647	0.03229883	0	0	0
95.62202	8.497141	-87.95178	11.95598	0	0	0	0	0	0	0	16.05884	2.762083E-05	0.8723561	0	0	0
95.63202	8.561889	-88.0056	11.95146	0	0	0	0	0	0	0	0.868385	-0.04041154	0.04149997	0	0	0
95.64202	8.564807	-87.99551	11.89815	0	0	0	0	0	0	0	0.04000634	0.1370812	-0.723343	0	0	0
95.65202	8.571081	-88.02907	11.78353	0	0	0	0	0	0	0	0.4236005	-3.885462	-7.737793	0	0	0
95.66203	8.573999	-88.01891	11.73023	0	0	0	0	0	0	0	0.06406358	0.1073484	-1.170237	0	0	0
95.67203	8.576918	-88.00873	11.67693	0	0	0	0	0	0	0	0.0527066	0.1837373	-0.9627824	0	0	0
95.68203	8.576918	-88.00873	11.67693	0	0	0	0	0	0	0	0.0006018934	0.002098224	-0.01099468	0	0	0
95.69203	8.644279	-87.99853	11.62718	0	0	0	0	0	0	0	2.282396	2.307559	-11.9512	0	0	0
95.70203	8.773165	-87.99853	11.63434	0	0	0	0	0	0	0	8.738393	0.04992123	0.2279026	0	0	0
95.71204	8.837605	-87.99853	11.63796	0	0	0	0	0	0	0	2.237436	0.0001588488	0.1253463	0	0	0
95.72204	8.840611	-87.9883	11.58468	0	0	0	0	0	0	0	0.09066229	0.1889852	-0.9818696	0	0	0
95.73204	8.843616	-87.97806	11.5314	0	0	0	0	0	0	0	0.01135781	0.03824564	-0.1986597	0	0	0
95.74204	8.843616	-87.97806	11.5314	0	0	0	0	0	0	0	0.0002457125	0.0008273978	-0.004297762	0	0	0
95.75204	8.911578	-88.02161	11.47379	0	0	0	0	0	0	0	7.912498	-1.279858	-0.2746027	0	0	0
95.76205	8.914604	-88.01132	11.42052	0	0	0	0	0	0	0	0.1190315	0.08288223	-0.5073482	0	0	0
95.77205	8.982635	-88.05483	11.36298	0	0	0	0	0	0	0	0.7218988	-9.043237	-4.889977	0	0	0
95.78205	9.047188	-88.05483	11.36668	0	0	0	0	0	0	0	0.6157266	-0.103271	-0.02082982	0	0	0
95.79205	9.111738	-88.05483	11.37041	0	0	0	0	0	0	0	1.632594	-0.0006225226	0.09442298	0	0	0
95.80206	9.11483	-88.0445	11.31716	0	0	0	0	0	0	0	0.302679	0.8945599	-4.603899	0	0	0
95.81206	9.11483	-88.0445	11.31716	0	0	0	0	0	0	0	0.001325623	0.003917844	-0.02016339	0	0	0
95.82206	9.118382	-88.08797	11.25597	0	0	0	0	0	0	0	0.3433023	-6.471403	-5.91445	0	0	0
95.83206	9.192315	-88.05679	11.1	0	0	0	0	0	0	0	8.175679	1.255051	-6.356262	0	0	0
95.84206	9.256975	-88.05679	11.10379	0	0	0	0	0	0	0	2.408296	0.01972673	0.03435333	0	0	0
95.85207	9.389468	-88.04634	11.05823	0	0	0	0	0	0	0	1.16301	0.5187842	-2.582036	0	0	0
95.86207	9.518822	-88.04634	11.066	0	0	0	0	0	0	0	2.329885	0.001199352	0.1348745	0	0	0
95.87207	9.5193	-88.10017	11.05809	0	0	0	0	0	0	0	0.04531406	-0.9779136	-0.141492	0	0	0
95.88207	9.522522	-88.08971	11.00486	0	0	0	0	0	0	0	0.2102564	0.6593458	-3.461025	0	0	0
95.89207	9.523	-88.14354	10.99697	0	0	0	0	0	0	0	0.009984838	-0.9796713	-0.164905	0	0	0
95.90208	9.523	-88.14354	10.99697	0	0	0	0	0	0	0	0.0002160098	-0.021194	-0.003567519	0	0	0
95.91208	9.523	-88.14354	10.99697	0	0	0	0	0	0	0	4.67311E-06	-0.0004585064	-7.717893E-05	0	0	0
95.92208	9.523	-88.14354	10.99697	0	0	0	0	0	0	0	3.875375E-08	-3.804179E-06	-6.403466E-07	0	0	0
95.93208	9.523	-88.14354	10.99697	0	0	0	0	0	0	0	8.383904E-10	-8.22988E-08	-1.385312E-08	0	0	0
95.94209	9.523	-88.14354	10.99697	0	0	0	0	0	0	0	1.584489E-11	-1.787889E-09	-2.618125E-10	0	0	0
95.95209	9.52622	-88.13306	10.94375	0	0	0	0	0	0	0	0.01208463	0.03938024	-0.1996801	0	0	0
95.96209	9.594188	-88.12255	10.89446	0	0	0	0	0	0	0	11.58352	0.9673361	-4.20665	0	0	0
95.97209	9.594188	-88.12255	10.89446	0	0	0	0	0	0	0	0.1820681	0.01520446	-0.06611956	0	0	0
95.98209	9.665943	-88.1553	10.78414	0	0	0	0	0	0	0	4.050196	1.590964	-14.84806	0	0	0
95.9921	9.798829	-88.14474	10.73894	0	0	0	0	0	0	0	7.279375	0.1830409	-0.6233416	0	0	0
96.0021	9.928445	-88.14474	10.74705	0	0	0	0	0	0	0	9.36564	0.002877012	0.5730913	0	0	0
96.0121	9.99325	-88.14474	10.75115	0	0	0	0	0	0	0	0.9326471	1.734277E-05	0.05903665	0	0	0
96.0221	10.05805	-88.14474	10.75527	0	0	0	0	0	0	0	0.6559208	2.725912E-07	0.04186076	0	0	0
96.0321	10.05805	-88.14474	10.75527	0	0	0	0	0	0	0	0.003953922	1.906381E-09	0.0002523387	0	0	0
96.04211	10.06145	-88.13414	10.70208	0	0	0	0	0	0	0	0.1662956	0.5192344	-2.604259	0	0	0
96.05211	10.06484	-88.12353	10.6489	0	0	0	0	0	0	0	0.04755551	0.1488769	-0.7451181	0	0	0
96.06211	10.06824	-88.11289	10.59572	0	0	0	0	0	0	0	0.04495099	0.1410234	-0.7043151	0	0	0
96.07211	10.06824	-88.11289	10.59572	0	0	0	0	0	0	0	0.0002709667	0.0008500955	-0.004245645	0	0	0
96.08212	10.06824	-88.11289	10.59572	0	0	0	0	0	0	0	2.248182E-06	7.053153E-06	-3.522567E-05	0	0	0
96.09212	10.06824	-88.11289	10.59572	0	0	0	0	0	0	0	1.865293E-08	5.851927E-08	-2.922637E-07	0	0	0
96.10212	10.06824	-88.11289	10.59572	0	0	0	0	0	0	0	0	0	0	0	0	0
96.11212	10.07163	-88.10223	10.54255	0	0	0	0	0	0	0	0.1608624	0.5057389	-2.520474	0	0	0
96.12212	10.07163	-88.10223	10.54255	0	0	0	0	0	0	0	0.001836999	0.005775385	-0.02878304	0	0	0
96.13213	10.07502	-88.09155	10.48938	0	0	0	0	0	0	0	0.06295097	0.1983319	-0.9863479	0	0	0
96.14213	10.07502	-88.09155	10.48938	0	0	0	0	0	0	0	0.0005222976	0.001645539	-0.008183626	0	0	0
96.15213	10.07502	-88.09155	10.48938	0	0	0	0	0	0	0	1.129927E-05	3.559924E-05	-0.0001770428	0	0	0
96.16213	10.07502	-88.09155	10.48938	0	0	0	0	0	0	0	4.948667E-08	1.559116E-07	-7.753824E-07	0	0	0
96.17213	10.07502	-88.09155	10.48938	0	0	0	0	0	0	0	7.778247E-10	2.450597E-09	-1.218736E-08	0	0	0
96.18214	10.01348	-88.08085	10.43208	0	0	0	0	0	0	0	-1.560888	0.2716038	-1.452327	0	0	0
96.19214	10.08181	-88.07013	10.38305	0	0	0	0	0	0	0	8.895232	0.7630157	-3.226354	0	0	0
96.20214	10.09199	-88.03783	10.22359	0	0	0	0	0	0	0	0.1319551	0.1325739	-0.6466607	0	0	0
96.21214	10.16042	-88.02702	10.17461	0	0	0	0	0	0	0	15.27316	0.05409917	0.714307	0	0	0
96.22215	10.16725	-88.00533	10.06834	0	0	0	0	0	0	0	0.8230713	1.56876	-7.650633	0	0	0
96.23215	10.23233	-88.00533	10.07253	0	0	0	0	0	0	0	2.25604	0.02976033	-0.0002953645	0	0	0
96.24215	10.23233	-88.00533	10.07253	0	0	0	0	0	0	0	0.03546013	0.0004677688	-4.6425E-06	0	0	0
96.25215	10.23577	-87.99445	10.01941	0	0	0	0	0	0	0	0.8034313	2.544196	-12.4159	0	0	0
96.26215	10.23577	-87.99445	10.01941	0	0	0	0	0	0	0	0.006665986	0.02110893	-0.1030134	0	0	0
96.27216	10.23577	-87.99445	10.01941	0	0	0	0	0	0	0	0.000104775	0.0003317872	-0.001619151	0	0	0
96.28216	10.2392	-87.98356	9.966282	0	0	0	0	0	0	0	0.7989591	2.537701	-12.35859	0	0	0
96.29216	10.2392	-87.98356	9.966282	0	0	0	0	0	0	0	0.01255793	0.03988723	-0.1942507	0	0	0
96.30216	10.24263	-87.97264	9.913163	0	0	0	0	0	0	0	0.0637942	0.2030468	-0.9867921	0	0	0
96.31216	10.24607	-87.9617	9.860048	0	0	0	0	0	0	0	0.01775859	0.05663966	-0.2746964	0	0	0
96.32217	10.2495	-87.95074	9.806938	0	0	0	0	0	0	0	0.3100034	0.9907732	-4.795246	0	0	0
96.33217	10.2598	-87.91772	9.647635	0	0	0	0	0	0	0	0.04349538	0.139871	-0.6728025	0	0	0
96.34217	10.32506	-87.91772	9.651867	0	0	0	0	0	0	0	2.257751	0.001597285	0.139176	0	0	0
96.35217	10.32506	-87.91772	9.651867	0	0	0	0	0	0	0	0.01873232	1.32525E-05	0.001154729	0	0	0
96.36217	10.32506	-87.91772	9.651867	0	0	0	0	0	0	0	4.330634E-05	3.063781E-08	2.66956E-06	0	0	0
96.37218	10.32851	-87.90667	9.598776	0	0	0	0	0	0	0	0.3271723	1.047601	-5.028694	0	0	0
96.38218	10.34284	-87.9161	9.378609	0	0	0	0	0	0	0	1.305796	-8.982233	-20.07033	0	0	0
96.39218	10.41914	-87.9364	9.215862	0	0	0	0	0	0	0	9.347303	-4.865436	-9.383569	0	0	0
96.40218	10.4365	-87.88007	8.950642	0	0	0	0	0	0	0	0.9724299	1.559545	-7.983647	0	0	0
96.41219	10.58371	-88.05003	8.716112	0	0	0	0	0	0	0	9.698837	-14.99224	-7.840585	0	0	0
96.42219	10.79957	-88.10044	8.448905	0	0	0	0	0	0	0	21.06783	-2.519833	-24.94774	0	0	0
96.43219	10.99734	-88.1543	8.454678	0	0	0	0	0	0	0	20.77623	-0.9850133	1.131434	0	0	0
96.44219	11.12883	-88.1543	8.463776	0	0	0	0	0	0	0	13.03249	-0.01124855	0.9037247	0	0	0
96.45219	11.12883	-88.1543	8.463776	0	0	0	0	0	0	0	0.07856046	-6.780681E-05	0.005447695	0	0	0
96.4622	11.12514	-88.16581	8.516754	0	0	0	0	0	0	0	-0.1285587	-0.403453	1.85993	0	0	0
96.4722	11.05942	-88.16581	8.512194	0	0	0	0	0	0	0	-0.8693205	-0.008728215	-0.01971985	0	0	0
96.4822	10.93211	-88.20818	8.44252	0	0	0	0	0	0	0	-9.106998	-0.2246348	-1.395433	0	0	0
96.4922	10.93573	-88.19665	8.389542	0	0	0	0	0	0	0	-0.2772303	0.5490699	-2.591268	0	0	0
96.5022	10.93935	-88.1851	8.336568	0	0	0	0	0	0	0	0.08583311	0.2965011	-1.36001	0	0	0
96.51221	10.93935	-88.1851	8.336568	0	0	0	0	0	0	0	0.0007121483	0.002460038	-0.01128386	0	0	0
96.52221	11.00515	-88.1851	8.34108	0	0	0	0	0	0	0	6.00127	5.321994E-05	0.4125123	0	0	0
96.53221	11.00515	-88.1851	8.34108	0	0	0	0	0	0	0	0.2459538	2.182097E-06	0.01690625	0	0	0
96.54221	11.00515	-88.1851	8.34108	0	0	0	0	0	0	0	0.001482621	1.315378E-08	0.0001019117	0	0	0
96.55222	11.00515	-88.1851	8.34108	0	0	0	0	0	0	0	3.207462E-05	0	2.20604E-06	0	0	0
96.56222	10.93935	-88.1851	8.336568	0	0	0	0	0	0	0	-1.620803	0	-0.1108066	0	0	0
96.57222	10.93935	-88.1851	8.336568	0	0	0	0	0	0	0	-0.03506411	0	-0.002397166	0	0	0
96.58222	11.00515	-88.1851	8.34108	0	0	0	0	0	0	0	1.671702	0	0.1149769	0	0	0
96.59222	11.00515	-88.1851	8.34108	0	0	0	0	0	0	0	0.01909033	0	0.001313001	0	0	0
96.60223	11.00515	-88.1851	8.34108	0	0	0	0	0	0	0	0.0001150774	0	7.914835E-06	0	0	0
96.61223	11.00879	-88.17353	8.288113	0	0	0	0	0	0	0	0.4348954	1.382385	-6.323124	0	0	0
96.62223	11.00879	-88.17353	8.288113	0	0	0	0	0	0	0	0.009408433	0.02990623	-0.1367931	0	0	0
96.63223	11.00879	-88.17353	8.288113	0	0	0	0	0	0	0	7.806055E-05	0.0002481289	-0.001134958	0	0	0
96.64223	11.01244	-88.16194	8.235149	0	0	0	0	0	0	0	0.173042	0.5511203	-2.515937	0	0	0
96.65224	11.01244	-88.16194	8.235149	0	0	0	0	0	0	0	0.003743553	0.01192282	-0.05442923	0	0	0
96.66224	11.01244	-88.16194	8.235149	0	0	0	0	0	0	0	2.256632E-05	7.187131E-05	-0.000328102	0	0	0
96.67224	11.01608	-88.15033	8.182192	0	0	0	0	0	0	0	0.3275882	1.045372	-4.762954	0	0	0
96.68224	11.01608	-88.15033	8.182192	0	0	0	0	0	0	0	0.001434716	0.004578345	-0.02085999	0	0	0
96.69225	11.02336	-88.12704	8.07629	0	0	0	0	0	0	0	0.9902131	3.172212	-14.39716	0	0	0
96.70225	11.027	-88.11536	8.023346	0	0	0	0	0	0	0	0.05601562	0.1797985	-0.8144367	0	0	0
96.71225	11.027	-88.11536	8.023346	0	0	0	0	0	0	0	0.0002453279	0.0007874512	-0.003566934	0	0	0
96.72225	11.027	-88.11536	8.023346	0	0	0	0	0	0	0	1.074446E-06	3.448747E-06	-1.562186E-05	0	0	0
96.73225	11.03065	-88.10367	7.970407	0	0	0	0	0	0	0	0.09180282	0.2952396	-1.334763	0	0	0
96.74226	11.03429	-88.09195	7.917472	0	0	0	0	0	0	0	0.3263856	1.051695	-4.745469	0	0	0
96.75226	11.03429	-88.09195	7.917472	0	0	0	0	0	0	0	0.002707987	0.008725802	-0.03937266	0	0	0
96.76226	11.10392	-88.08021	7.869095	0	0	0	0	0	0	0	9.165201	0.5699146	-1.944673	0	0	0
96.77226	11.10392	-88.08021	7.869095	0	0	0	0	0	0	0	0.06852604	0.001813462	-0.00346438	0	0	0
96.78226	11.10392	-88.08021	7.869095	0	0	0	0	0	0	0	0.0005685534	1.504611E-05	-2.87436E-05	0	0	0
96.79227	11.10758	-88.06844	7.816172	0	0	0	0	0	0	0	0.4717133	1.516785	-6.817498	0	0	0
96.80227	11.10758	-88.06844	7.816172	0	0	0	0	0	0	0	0.003913756	0.01258461	-0.05656407	0	0	0
96.81227	11.11124	-88.05666	7.763254	0	0	0	0	0	0	0	0.64417	2.075308	-9.309958	0	0	0
96.82227	11.11856	-88.03302	7.657431	0	0	0	0	0	0	0	0.7631735	2.468157	-11.02987	0	0	0
96.83228	11.20411	-88.0813	7.382321	0	0	0	0	0	0	0	4.373823	-8.131204	-29.97847	0	0	0
96.84228	11.2777	-88.05737	7.281193	0	0	0	0	0	0	0	5.909522	0.2470527	-1.721555	0	0	0
96.85228	11.41819	-88.08722	7.177217	0	0	0	0	0	0	0	5.551135	0.7100411	-9.071465	0	0	0
96.86228	11.485	-88.1411	7.174366	0	0	0	0	0	0	0	0.7512358	-1.934821	-0.369251	0	0	0
96.87228	11.6219	-88.18294	7.123478	0	0	0	0	0	0	0	8.137383	-0.6470377	0.1205248	0	0	0
96.88229	11.6219	-88.18294	7.123478	0	0	0	0	0	0	0	0.09292645	-0.007388974	0.001376356	0	0	0
96.89229	11.62571	-88.17088	7.070633	0	0	0	0	0	0	0	0.8900931	2.820659	-12.3423	0	0	0
96.90229	11.64094	-88.12239	6.859304	0	0	0	0	0	0	0	1.566479	5.003762	-21.7311	0	0	0
96.91229	11.5821	-88.09802	6.748892	0	0	0	0	0	0	0	-15.38047	0.5961903	-3.695247	0	0	0
96.92229	11.58967	-88.07357	6.643274	0	0	0	0	0	0	0	-0.009258923	0.7624047	-3.304165	0	0	0
96.9323	11.58967	-88.07357	6.643274	0	0	0	0	0	0	0	-4.055068E-05	0.003339052	-0.01447103	0	0	0
96.9423	11.58967	-88.07357	6.643274	0	0	0	0	0	0	0	-6.373701E-07	5.248277E-05	-0.0002274537	0	0	0
96.9523	11.58967	-88.07357	6.643274	0	0	0	0	0	0	0	-2.791447E-09	2.298553E-07	-9.961635E-07	0	0	0
96.9623	11.58967	-88.07357	6.643274	0	0	0	0	0	0	0	1.116233E-09	3.612834E-09	-1.557442E-08	0	0	0
96.97231	11.65617	-88.07357	6.648053	0	0	0	0	0	0	0	0.1305983	0	0.009414085	0	0	0
96.98231	11.65617	-88.07357	6.648053	0	0	0	0	0	0	0	0.002052727	0	0.0001479693	0	0	0
96.99231	11.65617	-88.07357	6.648053	0	0	0	0	0	0	0	8.990189E-06	0	6.480512E-07	0	0	0
97.00231	11.65617	-88.07357	6.648053	0	0	0	0	0	0	0	1.413066E-07	0	1.018598E-08	0	0	0
97.01231	11.65617	-88.07357	6.648053	0	0	0	0	0	0	0	0	0	0	0	0	0
97.02232	11.65617	-88.07357	6.648053	0	0	0	0	0	0	0	0	0	0	0	0	0
97.03232	11.65617	-88.07357	6.648053	0	0	0	0	0	0	0	0	0	0	0	0	0
97.04232	11.65617	-88.07357	6.648053	0	0	0	0	0	0	0	0	0	0	0	0	0
97.05232	11.66051	-88.1152	6.587737	0	0	0	0	0	0	0	0.9424116	-0.7469391	-13.07375	0	0	0
97.06232	11.66432	-88.10291	6.534942	0	0	0	0	0	0	0	0.2528715	0.7573011	-3.507998	0	0	0
97.07233	11.66432	-88.10291	6.534942	0	0	0	0	0	0	0	0.001107484	0.003316701	-0.01536374	0	0	0
97.08233	11.66432	-88.10291	6.534942	0	0	0	0	0	0	0	3.297684E-05	9.875924E-05	-0.0004574762	0	0	0
97.09233	11.7314	-88.1568	6.532259	0	0	0	0	0	0	0	1.660148	-0.2762153	0.08179853	0	0	0
97.10233	11.73194	-88.21069	6.524787	0	0	0	0	0	0	0	0.08359765	-4.757008	-0.6559168	0	0	0
97.11234	11.73194	-88.21069	6.524787	0	0	0	0	0	0	0	0.001313976	-0.07477	-0.01030961	0	0	0
97.12234	11.73248	-88.26459	6.517337	0	0	0	0	0	0	0	0.00356796	-0.3562486	-0.04916774	0	0	0
97.13234	11.74396	-88.22762	6.358986	0	0	0	0	0	0	0	0.8958987	2.88545	-12.35763	0	0	0
97.14234	11.76745	-88.20699	6.034993	0	0	0	0	0	0	0	1.055995	3.299499	-14.56592	0	0	0
97.15234	11.83804	-88.19449	5.987103	0	0	0	0	0	0	0	1.751482	0.284225	-1.090731	0	0	0
97.16235	11.97156	-88.19449	5.996894	0	0	0	0	0	0	0	16.79672	0.006148862	1.212193	0	0	0
97.17235	12.03887	-88.24839	5.994426	0	0	0	0	0	0	0	2.405042	-4.827001	-0.4875876	0	0	0
97.18235	12.10618	-88.30229	5.992007	0	0	0	0	0	0	0	15.73713	-1.495613	0.9677672	0	0	0
97.19235	12.10673	-88.3562	5.984646	0	0	0	0	0	0	0	0.0944479	-2.51711	-0.3380401	0	0	0
97.20235	12.11852	-88.31858	5.826471	0	0	0	0	0	0	0	1.012033	3.20469	-13.56193	0	0	0
97.21236	12.14265	-88.29667	5.502919	0	0	0	0	0	0	0	1.256912	2.114838	-16.85643	0	0	0
97.22236	12.14658	-88.28396	5.450235	0	0	0	0	0	0	0	0.0596924	0.181592	-0.8005433	0	0	0
97.23236	12.15051	-88.27122	5.397556	0	0	0	0	0	0	0	0.1011671	0.3280777	-1.356768	0	0	0
97.24236	12.15051	-88.27122	5.397556	0	0	0	0	0	0	0	0.0004430746	0.00143686	-0.005942146	0	0	0
97.25237	12.15443	-88.25847	5.344882	0	0	0	0	0	0	0	0.05041559	0.1638786	-0.6761318	0	0	0
97.26237	12.15498	-88.31238	5.337565	0	0	0	0	0	0	0	0.0009485587	-0.07748019	-0.01272128	0	0	0
97.27237	12.16283	-88.2868	5.232234	0	0	0	0	0	0	0	0.2659908	0.8667838	-3.567246	0	0	0
97.28237	12.18246	-88.22249	4.968995	0	0	0	0	0	0	0	1.565094	5.151005	-20.98973	0	0	0
97.29237	12.18639	-88.20956	4.916363	0	0	0	0	0	0	0	0.5268129	1.736899	-7.065176	0	0	0
97.30238	12.18639	-88.20956	4.916363	0	0	0	0	0	0	0	0.002307247	0.007606979	-0.03094287	0	0	0
97.31238	12.18639	-88.20956	4.916363	0	0	0	0	0	0	0	2.634806E-05	8.686939E-05	-0.0003533582	0	0	0
97.32238	12.18639	-88.20956	4.916363	0	0	0	0	0	0	0	1.153948E-07	3.80456E-07	-1.547579E-06	0	0	0
97.33238	12.11918	-88.20956	4.911366	0	0	0	0	0	0	0	-11.63607	1.132859E-08	-0.8628295	0	0	0
97.34238	12.11918	-88.20956	4.911366	0	0	0	0	0	0	0	-0.03702586	0	-0.002745514	0	0	0
97.35239	12.05974	-88.18364	4.801141	0	0	0	0	0	0	0	-3.70743	2.296656	-9.63385	0	0	0
97.36239	12.07525	-88.13155	4.590695	0	0	0	0	0	0	0	0.4352022	1.513374	-6.092908	0	0	0
97.37239	12.16209	-88.06594	4.332745	0	0	0	0	0	0	0	3.481218	7.719134	-30.71359	0	0	0
97.38239	12.23737	-88.03954	4.232628	0	0	0	0	0	0	0	-0.7468215	3.132823	-12.58259	0	0	0
97.3924	12.25696	-87.97319	3.969894	0	0	0	0	0	0	0	1.365258	4.691642	-18.4975	0	0	0
97.4024	12.27654	-87.9063	3.707295	0	0	0	0	0	0	0	0.8891908	3.051496	-11.92804	0	0	0
97.4124	12.28828	-87.8659	3.549801	0	0	0	0	0	0	0	1.217112	4.19715	-16.32295	0	0	0
97.4224	12.35605	-87.8659	3.554868	0	0	0	0	0	0	0	5.846924	0.02530062	0.3394463	0	0	0
97.4324	12.35605	-87.8659	3.554868	0	0	0	0	0	0	0	0.1264911	0.0005473482	0.007343509	0	0	0
97.44241	12.42381	-87.8659	3.559963	0	0	0	0	0	0	0	8.944982	8.603144E-06	0.6743442	0	0	0
97.45241	12.42381	-87.8659	3.559963	0	0	0	0	0	0	0	0.1763419	7.137939E-08	0.01329444	0	0	0
97.46241	12.42381	-87.8659	3.559963	0	0	0	0	0	0	0	0.003814942	1.544206E-09	0.0002876091	0	0	0
97.47241	12.35605	-87.8659	3.554868	0	0	0	0	0	0	0	-0.347519	0	-0.02605636	0	0	0
97.48241	12.2922	-87.85239	3.497314	0	0	0	0	0	0	0	-4.318812	0.4782257	-2.189056	0	0	0
97.49242	12.2283	-87.83887	3.43979	0	0	0	0	0	0	0	-6.165584	0.07309133	-0.7420487	0	0	0
97.50242	12.16823	-87.81174	3.329823	0	0	0	0	0	0	0	-10.60285	3.984514	-16.25815	0	0	0
97.51242	12.17596	-87.78453	3.224892	0	0	0	0	0	0	0	-0.02311569	0.1679659	-0.6519137	0	0	0
97.52242	12.11191	-87.7709	3.167441	0	0	0	0	0	0	0	-11.14302	2.375777	-9.998183	0	0	0
97.53242	12.11137	-87.71699	3.174758	0	0	0	0	0	0	0	-0.2542051	1.370791	-0.03694637	0	0	0
97.54243	12.03963	-87.73062	3.222252	0	0	0	0	0	0	0	-1.151368	-2.372488	9.131459	0	0	0
97.55243	11.97173	-87.73062	3.217315	0	0	0	0	0	0	0	-15.95993	-0.03729044	-1.012215	0	0	0
97.56243	11.97173	-87.73062	3.217315	0	0	0	0	0	0	0	-0.3452738	-0.0008067334	-0.02189804	0	0	0
97.57243	11.90329	-87.67671	3.219747	0	0	0	0	0	0	0	-11.49604	9.053252	0.412282	0	0	0
97.58244	11.89951	-87.69032	3.272216	0	0	0	0	0	0	0	-0.5381311	0.1295904	0.9481794	0	0	0
97.59244	11.82358	-87.66358	3.379657	0	0	0	0	0	0	0	-16.40516	-0.5468332	8.893482	0	0	0
97.60244	11.74347	-87.59637	3.547082	0	0	0	0	0	0	0	-3.612459	4.536911	14.42798	0	0	0
97.61244	11.67517	-87.54247	3.549695	0	0	0	0	0	0	0	-4.765654	13.32861	1.885739	0	0	0
97.62244	11.59949	-87.51552	3.657381	0	0	0	0	0	0	0	-1.603387	-2.321462	13.14575	0	0	0
97.63245	11.59156	-87.48849	3.769897	0	0	0	0	0	0	0	-0.797363	5.003509	11.17008	0	0	0
97.64245	11.52389	-87.48849	3.765145	0	0	0	0	0	0	0	-8.591509	0.07734226	-0.4635988	0	0	0
97.65245	11.45621	-87.48849	3.76042	0	0	0	0	0	0	0	-15.75249	0.0008832251	-1.094872	0	0	0
97.66245	11.32085	-87.48849	3.751054	0	0	0	0	0	0	0	-19.79423	5.324123E-06	-1.361405	0	0	0
97.67245	11.18191	-87.50189	3.794338	0	0	0	0	0	0	0	-7.750512	-0.2498054	0.4581224	0	0	0
97.68246	10.9749	-87.46138	3.840715	0	0	0	0	0	0	0	-7.295445	0.1925081	0.2701534	0	0	0
97.69246	10.76851	-87.47474	3.87986	0	0	0	0	0	0	0	-21.1055	-0.1773764	-0.6629754	0	0	0
97.70246	10.69746	-87.48808	3.928011	0	0	0	0	0	0	0	-2.098976	-0.2313764	0.7803625	0	0	0
97.71246	10.62596	-87.4475	3.983718	0	0	0	0	0	0	0	-0.8775826	-2.848969	12.38785	0	0	0
97.72247	10.62256	-87.4608	4.036295	0	0	0	0	0	0	0	-0.5767708	-2.251129	8.916506	0	0	0
97.73247	10.61868	-87.42019	4.09642	0	0	0	0	0	0	0	-0.4508705	-0.7249401	6.974149	0	0	0
97.74247	10.541	-87.45987	4.249853	0	0	0	0	0	0	0	-2.931452	-2.034308	7.979276	0	0	0
97.75247	10.46009	-87.51248	4.455993	0	0	0	0	0	0	0	-9.679641	-4.737169	18.47558	0	0	0
97.76247	10.31867	-87.53867	4.552714	0	0	0	0	0	0	0	-7.218258	-0.6731071	2.267518	0	0	0
97.77248	10.24802	-87.55172	4.601129	0	0	0	0	0	0	0	-3.266408	-0.09550654	0.1824976	0	0	0
97.78248	10.24472	-87.56476	4.653777	0	0	0	0	0	0	0	-0.3360785	-1.222099	4.938676	0	0	0
97.79248	10.30872	-87.57777	4.710656	0	0	0	0	0	0	0	1.950739	-1.596314	6.612826	0	0	0
97.80248	10.30208	-87.60373	4.815978	0	0	0	0	0	0	0	-0.8243108	-3.260243	13.24949	0	0	0
97.81248	10.22165	-87.6554	5.022466	0	0	0	0	0	0	0	-9.573464	-1.543944	5.744429	0	0	0
97.82249	10.21176	-87.69392	5.180554	0	0	0	0	0	0	0	-0.5318001	-1.55515	6.390437	0	0	0
97.83249	10.14419	-87.64005	5.183933	0	0	0	0	0	0	0	-0.9513019	4.908436	0.7095249	0	0	0
97.84249	10.00953	-87.58617	5.183233	0	0	0	0	0	0	0	-12.37006	7.520671	0.3073896	0	0	0
97.85249	10.00953	-87.58617	5.183233	0	0	0	0	0	0	0	-0.1422706	0.2024237	0.01994536	0	0	0
97.8625	10.00953	-87.58617	5.183233	0	0	0	0	0	0	0	-0.00223619	0.003181668	0.0003134984	0	0	0
97.8725	10.0063	-87.59897	5.235943	0	0	0	0	0	0	0	-0.03249128	-0.1284153	0.529427	0	0	0
97.8825	9.996597	-87.63723	5.394106	0	0	0	0	0	0	0	-1.358553	-5.343733	22.14596	0	0	0
97.8925	9.990127	-87.66264	5.499574	0	0	0	0	0	0	0	-0.133367	-0.5227081	2.174033	0	0	0
97.9025	9.983656	-87.68795	5.605062	0	0	0	0	0	0	0	-0.06116374	-0.2388596	0.9970385	0	0	0
97.91251	9.980419	-87.70058	5.657814	0	0	0	0	0	0	0	-0.06024383	-0.2348433	0.9820429	0	0	0
97.92251	9.913056	-87.64671	5.661333	0	0	0	0	0	0	0	-8.590323	9.229641	0.8029112	0	0	0
97.93251	9.915339	-87.52634	5.623863	0	0	0	0	0	0	0	0.235263	11.01453	-5.024338	0	0	0
97.94251	9.914872	-87.47247	5.631537	0	0	0	0	0	0	0	-0.03877708	5.283022	0.6112266	0	0	0
97.95251	9.914872	-87.47247	5.631537	0	0	0	0	0	0	0	-0.0001698294	0.0231377	0.002676948	0	0	0
97.96252	9.978544	-87.4851	5.68838	0	0	0	0	0	0	0	0.1231239	-0.2283633	0.9662139	0	0	0
97.97252	10.03891	-87.51029	5.798014	0	0	0	0	0	0	0	8.200152	-3.150795	13.7799	0	0	0
97.98252	10.10575	-87.51029	5.802155	0	0	0	0	0	0	0	9.393739	-0.02614182	0.6941491	0	0	0
97.99252	10.09591	-87.54791	5.960464	0	0	0	0	0	0	0	-0.1633284	-1.320717	5.584197	0	0	0
98.00253	10.02914	-87.54791	5.956326	0	0	0	0	0	0	0	-0.3392926	-0.007961347	0.01276807	0	0	0
98.01253	10.02914	-87.54791	5.956326	0	0	0	0	0	0	0	-0.007340183	-0.0001722341	0.0002762216	0	0	0
98.02253	10.02588	-87.56041	6.009108	0	0	0	0	0	0	0	-0.01681473	-0.06423806	0.2715528	0	0	0
98.03253	10.02588	-87.56041	6.009108	0	0	0	0	0	0	0	-0.0001920191	-0.0007335792	0.00310105	0	0	0
98.04253	10.02262	-87.57288	6.061894	0	0	0	0	0	0	0	-0.08235977	-0.3148926	1.333585	0	0	0
98.05254	10.08935	-87.57288	6.066029	0	0	0	0	0	0	0	15.57916	-0.003595979	0.983859	0	0	0
98.06254	10.08935	-87.57288	6.066029	0	0	0	0	0	0	0	0.06823102	-1.574907E-05	0.004308941	0	0	0
98.07254	10.08607	-87.58533	6.118819	0	0	0	0	0	0	0	-0.03056419	-0.1214684	0.5154433	0	0	0
98.08254	10.08607	-87.58533	6.118819	0	0	0	0	0	0	0	-0.0002535879	-0.001007811	0.004276579	0	0	0
98.09254	10.14947	-87.59777	6.175774	0	0	0	0	0	0	0	0.3253748	-2.074282	8.8713	0	0	0
98.10255	10.21616	-87.59777	6.179961	0	0	0	0	0	0	0	1.834309	-0.009084594	0.15432	0	0	0
98.11255	10.21616	-87.59777	6.179961	0	0	0	0	0	0	0	0.02883143	-0.0001427904	0.002425582	0	0	0
98.12255	10.21616	-87.59777	6.179961	0	0	0	0	0	0	0	0.0004531684	-2.24436E-06	3.812496E-05	0	0	0
98.13255	10.28284	-87.59777	6.184175	0	0	0	0	0	0	0	15.86533	-1.862122E-08	1.006012	0	0	0
98.14256	10.28284	-87.59777	6.184175	0	0	0	0	0	0	0	0.4724117	-5.54472E-10	0.02995535	0	0	0
98.15256	10.34952	-87.59777	6.188417	0	0	0	0	0	0	0	1.660517	0	0.105978	0	0	0
98.16256	10.34952	-87.59777	6.188417	0	0	0	0	0	0	0	0.01000968	0	0.0006388403	0	0	0
98.17256	10.34952	-87.59777	6.188417	0	0	0	0	0	0	0	0.0001573307	0	1.004121E-05	0	0	0
98.18256	10.34952	-87.59777	6.188417	0	0	0	0	0	0	0	6.890509E-07	0	4.397679E-08	0	0	0
98.19257	10.34952	-87.59777	6.188417	0	0	0	0	0	0	0	0	0	0	0	0	0
98.20257	10.35289	-87.58533	6.135628	0	0	0	0	0	0	0	0.4674626	1.726551	-7.324443	0	0	0
98.21257	10.28953	-87.57288	6.078598	0	0	0	0	0	0	0	-0.03365868	0.8295533	-3.529093	0	0	0
98.22257	10.29623	-87.54791	5.973042	0	0	0	0	0	0	0	0.1889925	0.717367	-3.026906	0	0	0
98.23257	10.30292	-87.52285	5.867506	0	0	0	0	0	0	0	0.1423276	0.5339937	-2.244862	0	0	0
98.24258	10.3731	-87.51029	5.818997	0	0	0	0	0	0	0	4.589582	0.4419081	-1.568966	0	0	0
98.25258	10.3731	-87.51029	5.818997	0	0	0	0	0	0	0	0.136661	0.01315841	-0.04671807	0	0	0
98.26258	10.43993	-87.51029	5.823276	0	0	0	0	0	0	0	2.377226	0.0001091739	0.1522415	0	0	0
98.27258	10.50676	-87.51029	5.827583	0	0	0	0	0	0	0	2.319687	2.361845E-06	0.1499534	0	0	0
98.28259	10.50676	-87.51029	5.827583	0	0	0	0	0	0	0	0.03646053	3.712316E-08	0.002356946	0	0	0
98.29259	10.51017	-87.49771	5.774832	0	0	0	0	0	0	0	0.4589473	1.693847	-7.094465	0	0	0
98.30259	10.51017	-87.49771	5.774832	0	0	0	0	0	0	0	0.02358553	0.08708091	-0.364728	0	0	0
98.31259	10.51699	-87.47247	5.669345	0	0	0	0	0	0	0	0.122565	0.4542884	-1.89588	0	0	0
98.32259	10.52722	-87.43447	5.511153	0	0	0	0	0	0	0	0.6195884	2.308926	-9.584022	0	0	0
98.3326	10.53062	-87.42175	5.458432	0	0	0	0	0	0	0	0.1872185	0.69893	-2.895965	0	0	0
98.3426	10.53744	-87.39626	5.353007	0	0	0	0	0	0	0	0.2621733	0.982258	-4.055393	0	0	0
98.3526	10.54425	-87.37069	5.247603	0	0	0	0	0	0	0	0.9392499	3.531553	-14.52866	0	0	0
98.3626	10.55447	-87.33217	5.089535	0	0	0	0	0	0	0	0.9080633	3.432517	-14.04626	0	0	0
98.3726	10.5783	-87.24152	4.720895	0	0	0	0	0	0	0	1.171577	4.483528	-18.12238	0	0	0
98.38261	10.59192	-87.18925	4.51036	0	0	0	0	0	0	0	1.087974	4.192764	-16.82919	0	0	0
98.39261	10.61232	-87.11021	4.194717	0	0	0	0	0	0	0	0.3434726	1.337482	-5.312961	0	0	0
98.40261	10.62252	-87.07039	4.036968	0	0	0	0	0	0	0	0.540044	2.113813	-8.353598	0	0	0
98.41261	10.63271	-87.03038	3.879268	0	0	0	0	0	0	0	0.2959029	1.164175	-4.577136	0	0	0
98.42262	10.63271	-87.03038	3.879268	0	0	0	0	0	0	0	0.003379122	0.01329452	-0.0522695	0	0	0
98.43262	10.56508	-87.03038	3.874909	0	0	0	0	0	0	0	-4.40552	3.073495E-05	-0.2831106	0	0	0
98.44262	10.56508	-87.03038	3.874909	0	0	0	0	0	0	0	-0.01929456	1.346078E-07	-0.001239921	0	0	0
98.45262	10.56508	-87.03038	3.874909	0	0	0	0	0	0	0	-0.0003032693	2.115747E-09	-1.94889E-05	0	0	0
98.46262	10.56508	-87.03038	3.874909	0	0	0	0	0	0	0	-1.32821E-06	0	-8.53178E-08	0	0	0
98.47263	10.56508	-87.03038	3.874909	0	0	0	0	0	0	0	-2.087663E-08	0	-1.341014E-09	0	0	0
98.48263	10.56508	-87.03038	3.874909	0	0	0	0	0	0	0	0	0	0	0	0	0
98.49263	10.56508	-87.03038	3.874909	0	0	0	0	0	0	0	0	0	0	0	0	0
98.50263	10.49794	-87.08424	3.862906	0	0	0	0	0	0	0	-3.288055	-1.359279	-0.4039955	0	0	0
98.51263	10.36266	-87.08424	3.854328	0	0	0	0	0	0	0	-5.343467	-0.02136496	-0.3396714	0	0	0
98.52264	10.15973	-87.08424	3.84167	0	0	0	0	0	0	0	-16.83436	-9.357068E-05	-1.039673	0	0	0
98.53264	10.09209	-87.08424	3.837506	0	0	0	0	0	0	0	-11.69557	-1.470731E-06	-0.7174699	0	0	0
98.54264	10.09209	-87.08424	3.837506	0	0	0	0	0	0	0	-0.05122231	-6.441262E-09	-0.003142255	0	0	0
98.55264	10.15973	-87.08424	3.84167	0	0	0	0	0	0	0	3.08248	0	0.1903683	0	0	0
98.56264	10.15973	-87.08424	3.84167	0	0	0	0	0	0	0	0.01350013	0	0.0008337434	0	0	0
98.57265	10.15973	-87.08424	3.84167	0	0	0	0	0	0	0	0.0002920589	0	1.803702E-05	0	0	0
98.58265	10.15649	-87.0976	3.89424	0	0	0	0	0	0	0	-0.01177524	-0.04840891	0.1906877	0	0	0
98.59265	10.08886	-87.0976	3.890078	0	0	0	0	0	0	0	-1.24471	-0.0005528152	-0.07417142	0	0	0
98.60265	10.08886	-87.0976	3.890078	0	0	0	0	0	0	0	-0.005451374	-2.421127E-06	-0.0003248436	0	0	0
98.61266	10.02124	-87.0976	3.885943	0	0	0	0	0	0	0	-0.47342	-3.805495E-08	-0.0288466	0	0	0
98.62266	9.953608	-87.0976	3.881837	0	0	0	0	0	0	0	-0.6771187	0	-0.0409792	0	0	0
98.63266	9.953608	-87.0976	3.881837	0	0	0	0	0	0	0	-0.00773249	0	-0.00046797	0	0	0
98.64266	10.02124	-87.0976	3.885943	0	0	0	0	0	0	0	6.226641	0	0.3794059	0	0	0
98.65266	10.02124	-87.0976	3.885943	0	0	0	0	0	0	0	0.07110635	0	0.004332701	0	0	0
98.66267	10.02124	-87.0976	3.885943	0	0	0	0	0	0	0	0.0004286325	0	2.611772E-05	0	0	0
98.67267	10.02124	-87.0976	3.885943	0	0	0	0	0	0	0	7.199559E-07	0	4.386884E-08	0	0	0
98.68267	10.08886	-87.0976	3.890078	0	0	0	0	0	0	0	1.707697	0	0.1047594	0	0	0
98.69267	10.29173	-87.0976	3.902649	0	0	0	0	0	0	0	12.15106	0	0.7604591	0	0	0
98.70267	10.43363	-87.07087	3.806043	0	0	0	0	0	0	0	15.0195	2.322807	-8.2019	0	0	0
98.71268	10.98589	-87.08447	3.675992	0	0	0	0	0	0	0	26.73062	1.276792	-4.737283	0	0	0
98.72268	11.61002	-87.03048	3.507754	0	0	0	0	0	0	0	48.14782	3.309777	-9.521995	0	0	0
98.73268	12.22777	-87.00336	3.446899	0	0	0	0	0	0	0	35.97096	0.9635422	-1.075435	0	0	0
98.74268	12.71105	-87.03002	3.370252	0	0	0	0	0	0	0	30.38529	-12.70206	-2.156493	0	0	0
98.75269	12.98711	-87.07026	3.331345	0	0	0	0	0	0	0	21.71546	-0.7130564	0.2075384	0	0	0
98.76269	13.05557	-87.12414	3.329122	0	0	0	0	0	0	0	1.484017	-4.980339	-0.5980039	0	0	0
98.77269	13.11568	-87.20527	3.431823	0	0	0	0	0	0	0	-0.2615399	-3.007095	7.696411	0	0	0
98.78269	13.1133	-87.38052	3.461733	0	0	0	0	0	0	0	0.03425775	-11.9409	-0.3614929	0	0	0
98.79269	13.30699	-87.69066	3.598273	0	0	0	0	0	0	0	15.62488	-17.74542	9.169299	0	0	0
98.8027	13.50831	-87.91982	3.637976	0	0	0	0	0	0	0	13.81895	-13.32686	0.5367894	0	0	0
98.8127	13.7133	-88.08158	3.633027	0	0	0	0	0	0	0	12.31251	-7.991273	-0.04593476	0	0	0
98.8227	13.7133	-88.08158	3.633027	0	0	0	0	0	0	0	0.1406051	-0.09125792	-0.000524561	0	0	0
98.8327	13.7139	-88.13551	3.625825	0	0	0	0	0	0	0	0.01586388	-1.353186	-0.1803707	0	0	0
98.8427	13.7151	-88.24338	3.611486	0	0	0	0	0	0	0	0.1174007	-10.64039	-1.410039	0	0	0
98.85271	13.98785	-88.4052	3.612927	0	0	0	0	0	0	0	15.57589	-12.38523	-0.3148344	0	0	0
98.86271	14.26062	-88.56704	3.615017	0	0	0	0	0	0	0	27.44547	-9.819568	1.089769	0	0	0
98.87271	14.60982	-88.64792	3.525854	0	0	0	0	0	0	0	25.06298	-7.811227	-8.922914	0	0	0
98.88271	14.88563	-88.63437	3.497699	0	0	0	0	0	0	0	19.07967	1.659191	-5.422281	0	0	0
98.89272	15.09378	-88.6208	3.46379	0	0	0	0	0	0	0	8.862844	0.9984921	-3.087332	0	0	0
98.90272	15.09378	-88.6208	3.46379	0	0	0	0	0	0	0	0.1917368	0.02160116	-0.06679067	0	0	0
98.91272	15.1664	-88.6072	3.417621	0	0	0	0	0	0	0	0.1495769	0.02798978	-0.09494175	0	0	0
98.92272	15.16222	-88.67476	3.463055	0	0	0	0	0	0	0	-0.2281293	-1.201538	2.490105	0	0	0
98.93272	15.15258	-88.70188	3.567851	0	0	0	0	0	0	0	-1.402841	-3.950454	15.25585	0	0	0
98.94273	15.14358	-88.78288	3.665735	0	0	0	0	0	0	0	-0.5369772	-3.491876	5.839551	0	0	0
98.95273	15.20225	-88.86379	3.7699	0	0	0	0	0	0	0	0.005909626	-3.976421	5.188794	0	0	0
98.96273	15.19741	-88.87724	3.822326	0	0	0	0	0	0	0	-0.6602488	-1.91763	7.261477	0	0	0
98.97273	15.19741	-88.87724	3.822326	0	0	0	0	0	0	0	-0.01301926	-0.03682731	0.1418896	0	0	0
98.98273	15.19741	-88.87724	3.822326	0	0	0	0	0	0	0	-0.000281656	-0.000796714	0.003069608	0	0	0
98.99274	15.19256	-88.89066	3.874757	0	0	0	0	0	0	0	-0.009401076	-0.02603118	0.1017765	0	0	0
99.00274	15.12493	-88.89066	3.868524	0	0	0	0	0	0	0	-15.80369	-0.0002972677	-1.45206	0	0	0
99.01274	15.12011	-88.90406	3.920963	0	0	0	0	0	0	0	-0.9463857	-1.678738	6.543547	0	0	0
99.02274	15.11529	-88.91743	3.973407	0	0	0	0	0	0	0	-0.2363925	-0.6473885	2.539646	0	0	0
99.03275	15.10564	-88.94413	4.078312	0	0	0	0	0	0	0	-0.9017777	-2.490935	9.806215	0	0	0
99.04275	15.09599	-88.97074	4.183239	0	0	0	0	0	0	0	-0.968308	-2.665672	10.53021	0	0	0
99.05275	15.01888	-88.99726	4.281997	0	0	0	0	0	0	0	-3.116502	-2.166378	8.374371	0	0	0
99.06275	14.86966	-89.03688	4.427181	0	0	0	0	0	0	0	-13.34975	-2.612559	9.2857	0	0	0
99.07275	14.7254	-89.06319	4.520029	0	0	0	0	0	0	0	-13.32371	-1.343263	4.217723	0	0	0
99.08276	14.64394	-89.10249	4.671566	0	0	0	0	0	0	0	-4.751615	-4.098147	16.18226	0	0	0
99.09276	14.61981	-89.11359	4.941215	0	0	0	0	0	0	0	-0.3596136	-0.3810494	3.797244	0	0	0
99.10276	14.61041	-89.13947	5.046346	0	0	0	0	0	0	0	-0.1480778	-0.4016056	1.653254	0	0	0
99.11276	14.61041	-89.13947	5.046346	0	0	0	0	0	0	0	-0.0008926198	-0.002420897	0.009965895	0	0	0
99.12276	14.60979	-89.0855	5.053281	0	0	0	0	0	0	0	-0.006298168	0.5456076	0.0703958	0	0	0
99.13277	14.67221	-89.09841	5.111874	0	0	0	0	0	0	0	0.8239481	-0.09264573	0.4649558	0	0	0
99.14277	14.66748	-89.1113	5.164451	0	0	0	0	0	0	0	-0.04402566	-0.1253304	0.5120753	0	0	0
99.15277	14.59505	-89.0702	5.217974	0	0	0	0	0	0	0	-2.525491	0.8899935	1.809686	0	0	0
99.16277	14.5891	-88.97513	5.284544	0	0	0	0	0	0	0	-0.4420573	0.9103326	4.917555	0	0	0
99.17278	14.58784	-88.86723	5.298612	0	0	0	0	0	0	0	-0.02453093	2.051338	0.2741589	0	0	0
99.18278	14.51953	-88.75934	5.306783	0	0	0	0	0	0	0	-1.759855	7.036506	0.7768527	0	0	0
99.19278	14.51953	-88.75934	5.306783	0	0	0	0	0	0	0	-0.02766117	0.1105988	0.01221047	0	0	0
99.20278	14.49142	-88.83594	5.622438	0	0	0	0	0	0	0	-2.244056	-6.081321	25.19773	0	0	0
99.21278	14.48673	-88.84863	5.675066	0	0	0	0	0	0	0	-0.6900185	-1.866801	7.748342	0	0	0
99.22279	14.48205	-88.8613	5.727698	0	0	0	0	0	0	0	-0.428954	-1.158439	4.816825	0	0	0
99.23279	14.47736	-88.87395	5.780335	0	0	0	0	0	0	0	-0.1207157	-0.3254201	1.355545	0	0	0
99.24279	14.47267	-88.88657	5.832978	0	0	0	0	0	0	0	-0.116616	-0.313802	1.309509	0	0	0
99.25279	14.46798	-88.89918	5.885626	0	0	0	0	0	0	0	-0.2237556	-0.6010175	2.512604	0	0	0
99.26279	14.46735	-88.84524	5.892737	0	0	0	0	0	0	0	-0.1067863	8.995691	1.199129	0	0	0
99.2728	14.46266	-88.85782	5.94539	0	0	0	0	0	0	0	-0.7817473	-1.95012	8.778424	0	0	0
99.2828	14.46266	-88.85782	5.94539	0	0	0	0	0	0	0	-0.003423766	-0.008540809	0.03844627	0	0	0
99.2928	14.46266	-88.85782	5.94539	0	0	0	0	0	0	0	-7.406901E-05	-0.00018477	0.0008317383	0	0	0
99.3028	14.46266	-88.85782	5.94539	0	0	0	0	0	0	0	-2.356868E-07	-5.879363E-07	2.646583E-06	0	0	0
99.31281	14.46266	-88.85782	5.94539	0	0	0	0	0	0	0	-5.087951E-09	-1.364177E-08	5.71338E-08	0	0	0
99.32281	14.46202	-88.80388	5.952523	0	0	0	0	0	0	0	-0.03003129	2.546041	0.3372284	0	0	0
99.33281	14.46202	-88.80388	5.952523	0	0	0	0	0	0	0	-0.0002491664	0.02112424	0.002797948	0	0	0
99.34281	14.46202	-88.80388	5.952523	0	0	0	0	0	0	0	-2.845405E-06	0.0002412324	3.195172E-05	0	0	0
99.35281	14.46202	-88.80388	5.952523	0	0	0	0	0	0	0	-1.715224E-08	1.45416E-06	1.926065E-07	0	0	0
99.36282	14.46202	-88.80388	5.952523	0	0	0	0	0	0	0	-2.695965E-10	2.285629E-08	3.027363E-09	0	0	0
99.37282	14.46202	-88.80388	5.952523	0	0	0	0	0	0	0	0	0	0	0	0	0
99.38282	14.46202	-88.80388	5.952523	0	0	0	0	0	0	0	0	0	0	0	0	0
99.39282	14.46139	-88.74995	5.959678	0	0	0	0	0	0	0	-0.05906786	4.992162	0.6632869	0	0	0
99.40282	14.46139	-88.74995	5.959678	0	0	0	0	0	0	0	-0.0002586955	0.02186384	0.002904953	0	0	0
99.41283	14.46139	-88.74995	5.959678	0	0	0	0	0	0	0	-2.954225E-06	0.0002496784	3.317368E-05	0	0	0
99.42283	14.46139	-88.74995	5.959678	0	0	0	0	0	0	0	-9.400312E-09	7.94474E-07	1.055583E-07	0	0	0
99.43283	14.46544	-88.68343	5.914202	0	0	0	0	0	0	0	0.6560031	1.870163	-7.366414	0	0	0
99.44283	14.4648	-88.6295	5.9214	0	0	0	0	0	0	0	-0.01180978	2.537942	0.1326147	0	0	0
99.45284	14.46415	-88.57558	5.928621	0	0	0	0	0	0	0	-0.08111508	6.801343	0.9108604	0	0	0
99.46284	14.46884	-88.56297	5.875973	0	0	0	0	0	0	0	0.06249336	0.2483252	-0.7017526	0	0	0
99.47284	14.46884	-88.56297	5.875973	0	0	0	0	0	0	0	0.0003767129	0.001496916	-0.004230198	0	0	0
99.48284	14.46884	-88.56297	5.875973	0	0	0	0	0	0	0	4.301947E-06	1.709433E-05	-4.830758E-05	0	0	0
99.49284	14.46884	-88.56297	5.875973	0	0	0	0	0	0	0	2.593234E-08	1.030454E-07	-2.912004E-07	0	0	0
99.50285	14.46884	-88.56297	5.875973	0	0	0	0	0	0	0	3.005348E-10	8.087091E-10	-3.374776E-09	0	0	0
99.51285	14.46884	-88.56297	5.875973	0	0	0	0	0	0	0	0	0	0	0	0	0
99.52285	14.46884	-88.56297	5.875973	0	0	0	0	0	0	0	0	0	0	0	0	0
99.53285	14.46884	-88.56297	5.875973	0	0	0	0	0	0	0	0	0	0	0	0	0
99.54285	14.40203	-88.56297	5.870037	0	0	0	0	0	0	0	-11.81714	0	-1.047457	0	0	0
99.55286	14.40203	-88.56297	5.870037	0	0	0	0	0	0	0	-0.2556495	0	-0.02266047	0	0	0
99.56286	14.40203	-88.56297	5.870037	0	0	0	0	0	0	0	-0.00291944	0	-0.0002587757	0	0	0
99.57286	14.40203	-88.56297	5.870037	0	0	0	0	0	0	0	-6.315853E-05	0	-5.598297E-06	0	0	0
99.58286	14.33522	-88.56297	5.864129	0	0	0	0	0	0	0	-8.371018	0	-0.7385281	0	0	0
99.59286	14.33522	-88.56297	5.864129	0	0	0	0	0	0	0	-0.06945346	0	-0.00612749	0	0	0
99.60287	14.33986	-88.55035	5.811482	0	0	0	0	0	0	0	0.2205483	0.6041759	-2.517025	0	0	0
99.61287	14.33986	-88.55035	5.811482	0	0	0	0	0	0	0	0.0007017825	0.001922481	-0.008009149	0	0	0
99.62287	14.33986	-88.55035	5.811482	0	0	0	0	0	0	0	1.518221E-05	4.159055E-05	-0.0001732682	0	0	0
99.63287	14.33986	-88.55035	5.811482	0	0	0	0	0	0	0	2.402582E-07	6.537146E-07	-2.723262E-06	0	0	0
99.64288	14.34451	-88.5377	5.758841	0	0	0	0	0	0	0	0.0450297	0.1227413	-0.5103996	0	0	0
99.65288	14.34451	-88.5377	5.758841	0	0	0	0	0	0	0	0.0009741628	0.002655359	-0.01104187	0	0	0
99.66288	14.34451	-88.5377	5.758841	0	0	0	0	0	0	0	1.531176E-05	4.173658E-05	-0.0001735547	0	0	0
99.67288	14.34451	-88.5377	5.758841	0	0	0	0	0	0	0	1.270401E-07	3.46284E-07	-1.439965E-06	0	0	0
99.68288	14.34451	-88.5377	5.758841	0	0	0	0	0	0	0	3.782789E-09	1.031107E-08	-4.28769E-08	0	0	0
99.69289	14.34451	-88.5377	5.758841	0	0	0	0	0	0	0	0	0	0	0	0	0
99.70289	14.34451	-88.5377	5.758841	0	0	0	0	0	0	0	0	0	0	0	0	0
99.71289	14.34451	-88.5377	5.758841	0	0	0	0	0	0	0	0	0	0	0	0	0
99.72289	14.42069	-88.51234	5.65949	0	0	0	0	0	0	0	12.73124	3.044072	-11.58305	0	0	0
99.73289	14.55919	-88.49963	5.618784	0	0	0	0	0	0	0	13.74324	0.09779063	0.8219209	0	0	0
99.7429	14.8508	-88.43575	5.379966	0	0	0	0	0	0	0	31.25237	5.3308	-19.18044	0	0	0
99.7529	15.21522	-88.35837	5.095495	0	0	0	0	0	0	0	25.26053	5.224695	-19.01191	0	0	0
99.7629	15.44636	-88.28022	4.799264	0	0	0	0	0	0	0	15.12689	5.240901	-19.78225	0	0	0